1747830129.22,0,-158.69,-268.13,1.35,0.63,1.06,-158.69,-268.13,0.00,1.51,-4.47 
1747830129.72,0,-157.63,-270.69,1.46,0.72,0.30,-157.63,-270.69,0.00,1.65,-4.62 
1747830130.32,0,-156.71,-273.53,2.09,0.75,0.97,-156.71,-273.53,0.00,1.62,-4.64 
1747830131.02,0,-155.84,-276.68,1.94,1.12,0.29,-155.84,-276.68,0.00,1.52,-4.60 
1747830131.12,0,-155.76,-277.11,1.45,0.42,0.25,-155.76,-277.11,0.00,1.49,-4.59 
1747830132.12,0,-154.50,-281.31,1.48,0.54,0.50,-154.50,-281.31,0.00,1.41,-4.45 
1747830132.42,0,-154.17,-282.63,1.74,0.56,0.46,-154.17,-282.63,0.00,1.37,-4.45 
1747830132.52,0,-154.07,-283.00,1.35,0.85,0.67,-154.07,-283.00,0.00,1.36,-4.42 
1747830132.72,0,-153.69,-283.78,2.51,0.29,0.67,-153.69,-283.78,0.00,1.40,-4.38 
1747830132.82,0,-153.57,-284.20,1.08,0.37,0.43,-153.57,-284.20,0.00,1.39,-4.37 
1747830132.92,0,-153.42,-284.62,1.36,0.13,0.34,-153.42,-284.62,0.00,1.40,-4.36 
1747830133.02,0,-153.30,-285.03,1.31,0.24,1.38,-153.30,-285.03,0.00,1.39,-4.35 
1747830133.22,0,-153.09,-285.85,1.14,0.34,0.39,-153.09,-285.85,0.00,1.36,-4.33 
1747830133.32,0,-153.03,-286.24,1.12,0.53,0.91,-153.03,-286.24,0.00,1.33,-4.31 
1747830133.42,0,-152.84,-286.71,1.11,0.77,0.99,-152.84,-286.71,0.00,1.35,-4.33 
1747830133.52,0,-152.75,-287.12,1.54,0.80,0.45,-152.75,-287.12,0.00,1.33,-4.32 
1747830133.62,0,-152.63,-287.51,1.57,0.97,0.45,-152.63,-287.51,0.00,1.33,-4.30 
1747830133.82,0,-152.45,-288.33,1.81,0.80,0.60,-152.45,-288.33,0.00,1.29,-4.28 
1747830133.92,0,-152.36,-288.74,1.58,0.87,0.48,-152.36,-288.74,0.00,1.27,-4.27 
1747830134.12,0,-152.11,-289.56,1.45,0.56,0.60,-152.11,-289.56,0.00,1.27,-4.26 
1747830134.22,0,-151.96,-289.99,1.55,0.66,1.50,-151.96,-289.99,0.00,1.28,-4.26 
1747830134.42,0,-151.70,-290.79,1.63,0.78,0.45,-151.70,-290.79,0.00,1.28,-4.24 
1747830134.72,0,-151.30,-291.98,1.28,0.72,0.65,-151.30,-291.98,0.00,1.29,-4.20 
1747830134.82,0,-151.09,-292.39,1.39,0.84,0.54,-151.09,-292.39,0.00,1.32,-4.20 
1747830135.02,0,-150.82,-293.19,1.09,1.27,1.44,-150.82,-293.19,0.00,1.33,-4.18 
1747830135.42,0,-150.24,-294.78,1.81,0.26,0.60,-150.24,-294.78,0.00,1.34,-4.15 
1747830135.52,0,-149.98,-295.26,1.80,0.42,0.78,-149.98,-295.26,0.00,1.40,-4.18 
1747830135.72,0,-149.59,-296.15,1.77,0.65,0.87,-149.59,-296.15,0.00,1.44,-4.20 
1747830135.82,0,-149.35,-296.63,1.73,1.03,0.88,-149.35,-296.63,0.00,1.48,-4.22 
1747830136.02,0,-149.10,-297.35,1.35,1.66,0.79,-149.10,-297.35,0.00,1.46,-4.17 
1747830136.12,0,-148.86,-297.82,1.42,2.04,0.71,-148.86,-297.82,0.00,1.50,-4.19 
1747830136.32,0,-148.56,-298.60,2.19,2.41,0.54,-148.56,-298.60,0.00,1.50,-4.17 
1747830136.52,0,-148.23,-299.48,1.67,3.49,0.33,-148.23,-299.48,0.00,1.51,-4.19 
1747830136.62,0,-148.01,-299.93,2.13,3.61,0.58,-148.01,-299.93,0.00,1.54,-4.20 
1747830136.92,0,-147.59,-301.13,1.40,1.39,0.74,-147.59,-301.13,0.00,1.52,-4.18 
1747830137.02,0,-147.40,-301.59,1.47,1.71,0.29,-147.40,-301.59,0.00,1.54,-4.19 
1747830137.22,0,-147.04,-302.37,2.22,1.41,0.90,-147.04,-302.37,0.00,1.56,-4.17 
1747830137.32,0,-146.79,-302.79,2.16,1.90,0.70,-146.79,-302.79,0.00,1.60,-4.17 
1747830137.42,0,-146.55,-303.20,1.87,3.55,0.92,-146.55,-303.20,0.00,1.63,-4.17 
1747830137.62,0,-146.11,-304.01,2.05,3.59,0.92,-146.11,-304.01,0.00,1.67,-4.16 
1747830137.72,0,-145.96,-304.30,2.96,1.40,1.25,-145.96,-304.30,0.00,1.67,-4.11 
1747830137.92,0,-145.57,-305.04,1.88,3.42,1.06,-145.57,-305.04,0.00,1.69,-4.08 
1747830138.02,0,-145.36,-305.39,1.60,2.47,1.57,-145.36,-305.39,0.00,1.71,-4.05 
1747830138.22,0,-145.03,-306.11,2.22,1.91,0.54,-145.03,-306.11,0.00,1.70,-4.01 
1747830138.32,0,-144.79,-306.53,1.09,3.51,1.07,-144.79,-306.53,0.00,1.73,-4.02 
1747830138.52,0,-144.46,-307.26,2.11,1.36,0.66,-144.46,-307.26,0.00,1.72,-3.99 
1747830138.72,0,-144.14,-307.96,2.30,2.31,0.82,-144.14,-307.96,0.00,1.71,-3.95 
1747830138.82,0,-144.00,-308.34,1.41,0.54,0.33,-144.00,-308.34,0.00,1.70,-3.95 
1747830138.92,0,-143.86,-308.70,1.39,0.90,0.46,-143.86,-308.70,0.00,1.69,-3.93 
1747830139.02,0,-143.66,-309.15,1.40,1.20,0.34,-143.66,-309.15,0.00,1.70,-3.96 
1747830139.22,0,-143.32,-309.93,1.84,0.50,0.63,-143.32,-309.93,0.00,1.70,-3.95 
1747830139.42,0,-143.02,-310.77,1.95,0.61,1.38,-143.02,-310.77,0.00,1.69,-3.97 
1747830139.62,0,-142.69,-311.56,1.26,0.23,0.44,-142.69,-311.56,0.00,1.68,-3.97 
1747830139.72,0,-142.56,-311.91,1.28,0.31,0.39,-142.56,-311.91,0.00,1.67,-3.95 
1747830139.82,0,-142.42,-312.30,1.34,0.39,0.48,-142.42,-312.30,0.00,1.66,-3.95 
1747830140.22,0,-141.77,-313.90,1.39,0.49,0.21,-141.77,-313.90,0.00,1.65,-3.96 
1747830140.32,0,-141.65,-314.33,1.92,0.42,0.39,-141.65,-314.33,0.00,1.63,-3.97 
1747830140.42,0,-141.54,-314.75,2.04,0.49,0.34,-141.54,-314.75,0.00,1.61,-3.98 
1747830140.62,0,-141.25,-315.60,2.20,0.58,0.45,-141.25,-315.60,0.00,1.60,-4.00 
1747830141.62,0,-139.75,-319.79,2.44,0.64,0.71,-139.75,-319.79,0.00,1.57,-4.06 
1747830141.92,0,-139.47,-321.34,2.58,0.78,0.53,-139.47,-321.34,0.00,1.49,-4.19 
1747830142.02,0,-139.51,-321.96,2.84,0.89,0.48,-139.51,-321.96,0.00,1.42,-4.27 
1747830142.12,0,-139.57,-322.57,3.15,0.99,0.89,-139.57,-322.57,0.00,1.33,-4.35 
1747830142.52,0,-139.25,-324.56,3.30,1.23,1.35,-139.25,-324.56,0.00,1.23,-4.46 
1747830142.62,0,-139.36,-325.21,4.85,1.55,0.58,-139.36,-325.21,0.00,1.13,-4.56 
1747830142.72,0,-139.49,-325.83,4.65,1.90,1.09,-139.49,-325.83,0.00,1.02,-4.63 
1747830142.92,0,-139.51,-326.96,5.08,2.15,1.30,-139.51,-326.96,0.00,0.91,-4.73 
1747830143.02,0,-139.54,-327.51,3.95,1.25,0.67,-139.54,-327.51,0.00,0.85,-4.76 
1747830143.52,0,-139.41,-329.96,4.72,1.76,0.51,-139.41,-329.96,0.00,0.72,-4.80 
1747830143.62,0,-139.60,-330.69,4.96,2.05,1.38,-139.60,-330.69,0.00,0.61,-4.90 
1747830143.72,0,-139.74,-331.27,5.49,3.03,1.20,-139.74,-331.27,0.00,0.51,-4.95 
1747830143.82,0,-139.78,-331.74,3.30,1.53,0.56,-139.78,-331.74,0.00,0.48,-4.94 
1747830143.92,0,-139.81,-332.19,2.68,1.44,0.20,-139.81,-332.19,0.00,0.44,-4.92 
1747830144.02,0,-139.87,-332.65,2.61,1.32,0.22,-139.87,-332.65,0.00,0.39,-4.90 
1747830144.52,0,-140.54,-335.17,2.91,1.49,1.25,-140.54,-335.17,0.00,0.03,-4.94 
1747830144.72,0,-140.80,-336.14,3.27,1.68,0.42,-140.80,-336.14,0.00,-0.09,-4.93 
1747830144.82,0,-141.02,-336.62,3.77,1.78,0.31,-141.02,-336.62,0.00,-0.19,-4.93 
1747830145.12,0,-141.39,-338.16,3.97,2.18,1.10,-141.39,-338.16,0.00,-0.32,-4.95 
1747830145.32,0,-141.80,-339.17,4.35,2.52,0.92,-141.80,-339.17,0.00,-0.47,-4.96 
1747830145.52,0,-142.29,-340.12,4.60,3.05,0.81,-142.29,-340.12,0.00,-0.64,-4.94 
1747830145.62,0,-142.68,-340.55,6.76,3.35,0.30,-142.68,-340.55,0.00,-0.77,-4.91 
1747830145.82,0,-143.20,-341.45,7.33,4.05,0.32,-143.20,-341.45,0.00,-0.93,-4.88 
1747830145.92,0,-143.61,-341.85,7.18,3.79,0.32,-143.61,-341.85,0.00,-1.06,-4.84 
1747830146.02,0,-144.05,-342.27,6.52,5.72,0.84,-144.05,-342.27,0.00,-1.20,-4.82 
1747830146.12,0,-144.44,-342.72,6.30,4.90,0.87,-144.44,-342.72,0.00,-1.31,-4.80 
1747830146.22,0,-144.82,-343.22,6.36,4.25,0.86,-144.82,-343.22,0.00,-1.42,-4.81 
1747830146.32,0,-145.21,-343.69,5.81,4.67,0.87,-145.21,-343.69,0.00,-1.52,-4.81 
1747830146.42,0,-145.64,-344.16,6.50,4.63,0.74,-145.64,-344.16,0.00,-1.63,-4.80 
1747830146.72,0,-146.43,-345.48,7.75,4.19,0.18,-146.43,-345.48,0.00,-1.75,-4.75 
1747830146.92,0,-147.03,-346.32,7.65,4.61,0.33,-147.03,-346.32,0.00,-1.86,-4.71 
1747830147.02,0,-147.51,-346.69,7.02,5.00,0.54,-147.51,-346.69,0.00,-1.97,-4.67 
1747830147.12,0,-147.98,-347.03,7.23,5.02,0.50,-147.98,-347.03,0.00,-2.08,-4.62 
1747830147.22,0,-148.42,-347.39,7.08,4.51,0.44,-148.42,-347.39,0.00,-2.18,-4.58 
1747830147.32,0,-148.88,-347.67,7.68,5.07,0.05,-148.88,-347.67,0.00,-2.28,-4.50 
1747830147.42,0,-149.30,-347.98,4.04,6.48,0.88,-149.30,-347.98,0.00,-2.36,-4.44 
1747830147.62,0,-149.92,-348.69,8.07,5.24,0.45,-149.92,-348.69,0.00,-2.42,-4.37 
1747830147.92,0,-151.02,-349.80,8.62,5.90,0.33,-151.02,-349.80,0.00,-2.57,-4.29 
1747830148.02,0,-151.57,-350.00,4.86,8.65,1.53,-151.57,-350.00,0.00,-2.69,-4.20 
1747830148.22,0,-152.50,-350.63,9.45,5.75,0.25,-152.50,-350.63,0.00,-2.85,-4.11 
1747830148.32,0,-152.97,-350.77,8.37,6.35,0.35,-152.97,-350.77,0.00,-2.92,-4.00 
1747830148.42,0,-153.61,-350.95,9.48,5.99,0.08,-153.61,-350.95,0.00,-3.06,-3.91 
1747830149.02,0,-156.02,-352.77,6.80,12.57,1.33,-156.02,-352.77,0.00,-3.28,-3.71 
1747830149.12,0,-156.83,-352.73,5.82,11.08,1.37,-156.83,-352.73,0.00,-3.47,-3.55 
1747830149.22,0,-157.45,-352.72,10.60,6.42,0.06,-157.45,-352.72,0.00,-3.58,-3.41 
1747830149.32,0,-158.20,-352.72,5.01,10.65,1.25,-158.20,-352.72,0.00,-3.74,-3.27 
1747830149.42,0,-158.76,-352.74,9.83,6.04,0.04,-158.76,-352.74,0.00,-3.82,-3.14 
1747830149.52,0,-159.48,-352.75,5.48,9.99,1.49,-159.48,-352.75,0.00,-3.96,-3.01 
1747830149.62,0,-160.20,-352.76,4.64,10.80,1.20,-160.20,-352.76,0.00,-4.11,-2.88 
1747830149.82,0,-161.20,-353.03,5.73,10.26,1.46,-161.20,-353.03,0.00,-4.18,-2.74 
1747830150.02,0,-162.38,-353.16,6.66,10.55,1.36,-162.38,-353.16,0.00,-4.34,-2.56 
1747830150.22,0,-163.55,-353.24,7.29,8.89,0.20,-163.55,-353.24,0.00,-4.47,-2.37 
1747830150.42,0,-164.78,-353.26,6.18,10.42,1.33,-164.78,-353.26,0.00,-4.62,-2.17 
1747830150.62,0,-165.83,-353.24,6.59,11.17,1.26,-165.83,-353.24,0.00,-4.67,-1.97 
1747830150.72,0,-166.60,-352.96,5.50,10.44,1.13,-166.60,-352.96,0.00,-4.80,-1.76 
1747830150.92,0,-167.65,-352.83,7.31,10.97,1.13,-167.65,-352.83,0.00,-4.84,-1.56 
1747830151.12,0,-168.90,-352.60,3.71,11.13,0.64,-168.90,-352.60,0.00,-4.96,-1.33 
1747830151.22,0,-169.19,-352.28,4.58,11.54,1.53,-169.19,-352.28,0.00,-4.87,-1.14 
1747830151.32,0,-169.74,-352.02,6.10,11.18,1.02,-169.74,-352.02,0.00,-4.90,-0.99 
1747830151.52,0,-170.81,-351.82,5.62,11.63,1.01,-170.81,-351.82,0.00,-4.94,-0.82 
1747830151.62,0,-171.38,-351.52,5.93,11.77,0.95,-171.38,-351.52,0.00,-4.97,-0.66 
1747830151.72,0,-171.93,-351.23,6.01,11.41,0.90,-171.93,-351.23,0.00,-4.99,-0.52 
1747830151.92,0,-172.93,-350.95,6.98,11.47,0.95,-172.93,-350.95,0.00,-4.99,-0.36 
1747830152.02,0,-173.47,-350.63,5.60,11.32,0.86,-173.47,-350.63,0.00,-5.01,-0.21 
1747830152.12,0,-174.13,-350.23,4.94,10.73,0.86,-174.13,-350.23,0.00,-5.07,-0.04 
1747830152.22,0,-174.63,-349.93,5.95,11.08,0.83,-174.63,-349.93,0.00,-5.07,0.08 
1747830152.32,0,-175.14,-349.63,5.50,11.16,0.77,-175.14,-349.63,0.00,-5.07,0.20 
1747830152.62,0,-176.30,-349.22,6.33,12.10,1.22,-176.30,-349.22,0.00,-4.93,0.34 
1747830152.72,0,-176.81,-348.80,5.60,12.22,0.70,-176.81,-348.80,0.00,-4.93,0.50 
1747830153.02,0,-178.36,-348.02,6.79,12.19,0.65,-178.36,-348.02,0.00,-4.96,0.75 
1747830153.22,0,-179.37,-347.23,6.88,11.84,0.59,-179.37,-347.23,0.00,-4.97,1.01 
1747830153.32,0,-179.90,-346.58,5.16,11.30,0.56,-179.90,-346.58,0.00,-4.98,1.23 
1747830153.42,0,-180.01,-346.22,5.94,12.17,1.02,-180.01,-346.22,0.00,-4.83,1.32 
1747830153.52,0,-180.42,-345.73,8.05,9.35,0.95,-180.42,-345.73,0.00,-4.79,1.47 
1747830153.62,0,-180.87,-345.12,6.48,11.09,0.51,-180.87,-345.12,0.00,-4.78,1.65 
1747830153.72,0,-181.25,-344.65,7.68,9.11,0.90,-181.25,-344.65,0.00,-4.74,1.78 
1747830153.82,0,-181.39,-344.33,8.06,15.88,0.96,-181.39,-344.33,0.00,-4.61,1.84 
1747830154.02,0,-182.20,-343.61,7.64,10.62,0.78,-182.20,-343.61,0.00,-4.56,1.98 
1747830154.12,0,-182.54,-343.09,6.20,11.98,0.37,-182.54,-343.09,0.00,-4.51,2.11 
1747830154.22,0,-182.88,-342.56,6.38,11.65,0.37,-182.88,-342.56,0.00,-4.47,2.25 
1747830154.32,0,-183.28,-341.91,5.14,11.40,0.31,-183.28,-341.91,0.00,-4.45,2.42 
1747830154.42,0,-183.67,-341.26,7.18,10.90,0.37,-183.67,-341.26,0.00,-4.42,2.59 
1747830155.82,0,-188.29,-335.30,8.83,12.71,0.20,-188.29,-335.30,0.00,-3.90,3.33 
1747830155.92,0,-187.99,-334.41,9.12,12.38,0.09,-187.99,-334.41,0.00,-3.62,3.56 
1747830156.22,0,-188.05,-331.99,8.50,9.26,0.42,-188.05,-331.99,0.00,-3.17,4.14 
1747830156.32,0,-187.86,-331.22,8.38,10.05,0.20,-187.86,-331.22,0.00,-2.93,4.31 
1747830156.42,0,-187.80,-330.47,6.25,10.03,0.21,-187.80,-330.47,0.00,-2.76,4.46 
1747830156.62,0,-187.97,-329.22,7.46,8.68,0.40,-187.97,-329.22,0.00,-2.57,4.64 
1747830156.72,0,-187.96,-328.32,5.11,9.17,0.10,-187.96,-328.32,0.00,-2.44,4.86 
1747830156.82,0,-187.96,-327.42,8.60,4.27,1.53,-187.96,-327.42,0.00,-2.32,5.07 
1747830156.92,0,-187.90,-326.52,5.27,8.13,0.00,-187.90,-326.52,0.00,-2.17,5.26 
1747830157.12,0,-188.06,-325.27,7.18,3.39,1.13,-188.06,-325.27,0.00,-2.03,5.36 
1747830157.22,0,-188.04,-324.44,4.61,6.90,0.15,-188.04,-324.44,0.00,-1.93,5.50 
1747830157.32,0,-188.00,-323.68,4.56,6.98,0.00,-188.00,-323.68,0.00,-1.81,5.61 
1747830157.42,0,-187.94,-322.98,6.04,3.74,1.26,-187.94,-322.98,0.00,-1.70,5.68 
1747830157.52,0,-187.95,-322.46,3.42,7.98,0.09,-187.95,-322.46,0.00,-1.62,5.65 
1747830157.62,0,-187.90,-321.81,5.83,3.84,1.08,-187.90,-321.81,0.00,-1.51,5.69 
1747830157.72,0,-187.91,-321.16,3.19,5.55,0.04,-187.91,-321.16,0.00,-1.45,5.73 
1747830158.12,0,-188.32,-319.02,8.51,3.72,1.46,-188.32,-319.02,0.00,-1.37,5.67 
1747830158.32,0,-188.39,-317.88,4.01,2.53,0.08,-188.39,-317.88,0.00,-1.28,5.67 
1747830158.52,0,-188.45,-317.00,4.63,2.77,1.42,-188.45,-317.00,0.00,-1.20,5.56 
1747830158.62,0,-188.33,-316.43,4.65,3.80,1.05,-188.33,-316.43,0.00,-1.10,5.56 
1747830158.72,0,-188.29,-315.87,3.57,2.54,0.04,-188.29,-315.87,0.00,-1.03,5.57 
1747830158.82,0,-188.22,-315.23,4.02,2.80,1.46,-188.22,-315.23,0.00,-0.96,5.60 
1747830158.92,0,-188.19,-314.63,5.08,3.22,1.47,-188.19,-314.63,0.00,-0.90,5.62 
1747830159.22,0,-188.31,-312.97,2.68,3.23,1.41,-188.31,-312.97,0.00,-0.84,5.61 
1747830159.32,0,-188.26,-312.39,4.89,3.22,1.44,-188.26,-312.39,0.00,-0.78,5.61 
1747830159.52,0,-188.31,-311.29,4.41,3.12,1.35,-188.31,-311.29,0.00,-0.74,5.60 
1747830159.62,0,-188.21,-310.72,4.58,4.82,1.34,-188.21,-310.72,0.00,-0.67,5.61 
1747830159.72,0,-188.19,-310.27,2.44,4.31,0.58,-188.19,-310.27,0.00,-0.63,5.56 
1747830160.02,0,-188.28,-308.55,2.97,4.38,0.06,-188.28,-308.55,0.00,-0.59,5.59 
1747830160.12,0,-188.28,-307.98,2.20,3.89,0.06,-188.28,-307.98,0.00,-0.57,5.59 
1747830160.52,0,-188.37,-305.92,3.54,3.43,1.12,-188.37,-305.92,0.00,-0.51,5.52 
1747830160.82,0,-188.42,-304.46,4.34,2.61,1.26,-188.42,-304.46,0.00,-0.47,5.44 
1747830161.02,0,-188.45,-303.57,2.18,3.17,0.15,-188.45,-303.57,0.00,-0.44,5.36 
1747830161.12,0,-188.47,-303.02,2.11,3.15,0.46,-188.47,-303.02,0.00,-0.44,5.37 
1747830161.22,0,-188.46,-302.60,2.81,2.18,0.97,-188.46,-302.60,0.00,-0.41,5.32 
1747830161.32,0,-188.47,-302.17,2.37,2.39,1.45,-188.47,-302.17,0.00,-0.40,5.28 
1747830161.42,0,-188.47,-301.79,3.73,2.14,1.30,-188.47,-301.79,0.00,-0.38,5.22 
1747830161.72,0,-188.53,-300.30,1.66,1.50,0.41,-188.53,-300.30,0.00,-0.36,5.19 
1747830161.82,0,-188.55,-299.83,1.83,2.20,1.45,-188.55,-299.83,0.00,-0.35,5.17 
1747830161.92,0,-188.55,-299.40,3.19,1.85,1.07,-188.55,-299.40,0.00,-0.34,5.13 
1747830162.02,0,-188.57,-298.96,1.64,1.68,0.25,-188.57,-298.96,0.00,-0.33,5.10 
1747830162.22,0,-188.62,-297.98,1.85,1.98,1.52,-188.62,-297.98,0.00,-0.33,5.08 
1747830162.52,0,-188.72,-296.49,2.50,1.37,1.57,-188.72,-296.49,0.00,-0.33,5.07 
1747830162.62,0,-188.71,-295.99,2.12,1.38,0.01,-188.71,-295.99,0.00,-0.31,5.07 
1747830162.72,0,-188.76,-295.55,1.83,3.00,0.01,-188.76,-295.55,0.00,-0.32,5.04 
1747830162.82,0,-188.79,-295.03,1.69,3.09,0.12,-188.79,-295.03,0.00,-0.32,5.04 
1747830163.02,0,-188.88,-294.09,2.04,2.78,0.28,-188.88,-294.09,0.00,-0.33,5.02 
1747830163.12,0,-188.94,-293.70,2.87,2.15,0.37,-188.94,-293.70,0.00,-0.34,4.97 
1747830163.22,0,-188.97,-293.28,2.01,3.76,0.27,-188.97,-293.28,0.00,-0.34,4.94 
1747830163.32,0,-189.01,-292.82,1.64,2.98,0.04,-189.01,-292.82,0.00,-0.34,4.92 
1747830163.52,0,-189.06,-291.85,1.68,2.23,0.04,-189.06,-291.85,0.00,-0.33,4.92 
1747830163.62,0,-189.07,-291.32,2.20,3.07,0.12,-189.07,-291.32,0.00,-0.32,4.93 
1747830164.12,0,-189.21,-288.86,1.40,1.86,1.56,-189.21,-288.86,0.00,-0.32,4.93 
1747830164.52,0,-189.44,-286.96,1.71,1.95,1.06,-189.44,-286.96,0.00,-0.36,4.90 
1747830164.82,0,-189.50,-285.55,2.02,2.77,0.10,-189.50,-285.55,0.00,-0.34,4.87 
1747830164.92,0,-189.49,-285.09,1.86,2.73,0.06,-189.49,-285.09,0.00,-0.32,4.87 
1747830165.02,0,-189.51,-284.71,2.02,1.79,0.34,-189.51,-284.71,0.00,-0.31,4.82 
1747830165.12,0,-189.59,-284.31,2.81,1.36,0.42,-189.59,-284.31,0.00,-0.34,4.79 
1747830165.32,0,-189.74,-283.41,3.00,1.52,0.35,-189.74,-283.41,0.00,-0.37,4.76 
1747830165.52,0,-189.77,-282.50,1.55,2.50,1.53,-189.77,-282.50,0.00,-0.35,4.75 
1747830165.62,0,-189.75,-281.99,2.18,2.43,0.02,-189.75,-281.99,0.00,-0.33,4.76 
1747830165.72,0,-189.77,-281.50,1.88,2.98,0.15,-189.77,-281.50,0.00,-0.32,4.77 
1747830165.92,0,-189.86,-280.51,1.98,2.54,0.22,-189.86,-280.51,0.00,-0.33,4.78 
1747830166.02,0,-189.91,-280.03,1.96,2.89,0.27,-189.91,-280.03,0.00,-0.34,4.78 
1747830166.32,0,-190.00,-278.62,1.62,3.06,0.22,-190.00,-278.62,0.00,-0.34,4.77 
1747830166.52,0,-190.09,-277.78,2.03,2.08,0.08,-190.09,-277.78,0.00,-0.34,4.72 
1747830166.72,0,-190.06,-276.92,2.28,1.96,0.19,-190.06,-276.92,0.00,-0.30,4.69 
1747830166.82,0,-189.94,-276.51,3.02,1.63,0.15,-189.94,-276.51,0.00,-0.24,4.66 
1747830167.12,0,-189.94,-275.23,1.38,0.77,0.57,-189.94,-275.23,0.00,-0.21,4.62 
1747830167.22,0,-189.97,-274.81,1.36,0.75,0.33,-189.97,-274.81,0.00,-0.22,4.60 
1747830167.32,0,-189.99,-274.32,1.34,0.99,0.23,-189.99,-274.32,0.00,-0.22,4.61 
1747830167.52,0,-189.98,-273.45,0.74,2.27,1.09,-189.98,-273.45,0.00,-0.19,4.59 
1747830167.72,0,-190.10,-272.47,0.90,2.41,0.46,-190.10,-272.47,0.00,-0.23,4.61 
1747830168.12,0,-190.26,-270.53,1.03,2.66,0.15,-190.26,-270.53,0.00,-0.25,4.65 
1747830168.22,0,-190.40,-269.96,1.20,2.89,0.36,-190.40,-269.96,0.00,-0.30,4.69 
1747830168.32,0,-190.50,-269.48,1.42,3.09,0.48,-190.50,-269.48,0.00,-0.33,4.70 
1747830168.62,0,-190.63,-268.08,2.06,4.23,0.45,-190.63,-268.08,0.00,-0.34,4.70 
1747830168.72,0,-190.67,-267.57,1.93,3.71,0.22,-190.67,-267.57,0.00,-0.34,4.71 
1747830168.82,0,-190.65,-267.12,2.07,4.32,0.48,-190.65,-267.12,0.00,-0.32,4.70 
1747830168.92,0,-190.66,-266.62,2.17,3.69,0.33,-190.66,-266.62,0.00,-0.31,4.71 
1747830169.12,0,-190.76,-265.63,1.92,4.26,0.53,-190.76,-265.63,0.00,-0.33,4.73 
1747830169.22,0,-190.78,-265.15,1.78,3.37,0.43,-190.78,-265.15,0.00,-0.32,4.74 
1747830169.32,0,-190.83,-264.64,1.75,4.08,0.35,-190.83,-264.64,0.00,-0.33,4.75 
1747830169.42,0,-190.92,-264.18,3.11,4.46,0.55,-190.92,-264.18,0.00,-0.36,4.75 
1747830169.52,0,-190.99,-263.72,2.23,3.29,0.35,-190.99,-263.72,0.00,-0.37,4.74 
1747830169.62,0,-191.03,-263.25,2.57,3.22,1.06,-191.03,-263.25,0.00,-0.37,4.74 
1747830169.82,0,-191.13,-262.28,2.13,4.19,0.16,-191.13,-262.28,0.00,-0.38,4.75 
1747830169.92,0,-191.18,-261.81,2.04,2.86,0.18,-191.18,-261.81,0.00,-0.39,4.75 
1747830170.12,0,-191.30,-260.87,2.33,2.93,0.26,-191.30,-260.87,0.00,-0.40,4.74 
1747830170.32,0,-191.45,-259.97,3.47,3.87,0.73,-191.45,-259.97,0.00,-0.43,4.72 
1747830170.52,0,-191.59,-259.12,2.95,4.55,0.40,-191.59,-259.12,0.00,-0.45,4.68 
1747830170.72,0,-191.76,-258.19,2.79,3.67,0.30,-191.76,-258.19,0.00,-0.49,4.68 
1747830170.82,0,-191.88,-257.73,2.72,3.65,0.31,-191.88,-257.73,0.00,-0.52,4.68 
1747830170.92,0,-191.96,-257.28,2.15,3.57,0.16,-191.96,-257.28,0.00,-0.53,4.67 
1747830171.32,0,-192.15,-255.37,2.10,3.98,0.25,-192.15,-255.37,0.00,-0.52,4.69 
1747830171.52,0,-192.27,-254.50,2.16,4.26,0.28,-192.27,-254.50,0.00,-0.53,4.66 
1747830173.22,0,-193.29,-246.85,2.18,3.99,0.17,-193.29,-246.85,0.00,-0.55,4.60 
1747830177.02,1,-196.03,-229.68,3.53,3.09,1.28,-196.03,-229.68,0.00,-0.85,4.57 
1747830177.12,1,-196.07,-229.04,2.17,3.03,0.22,-196.07,-229.04,0.00,-0.83,4.68 
1747830177.32,1,-196.22,-227.97,2.20,2.17,0.34,-196.22,-227.97,0.00,-0.82,4.75 
1747830177.42,1,-196.31,-227.33,1.86,3.35,0.17,-196.31,-227.33,0.00,-0.82,4.85 
1747830177.52,1,-196.37,-226.73,1.96,2.99,0.18,-196.37,-226.73,0.00,-0.81,4.91 
1747830177.62,1,-196.46,-226.12,1.69,3.07,0.21,-196.46,-226.12,0.00,-0.82,4.97 
1747830177.72,1,-196.54,-225.51,1.90,3.67,0.26,-196.54,-225.51,0.00,-0.81,5.03 
1747830177.92,1,-196.68,-224.41,1.90,2.58,0.09,-196.68,-224.41,0.00,-0.80,5.08 
1747830178.02,1,-196.74,-223.79,2.05,3.45,0.18,-196.74,-223.79,0.00,-0.79,5.13 
1747830178.12,1,-196.78,-223.25,2.11,1.69,0.27,-196.78,-223.25,0.00,-0.77,5.14 
1747830178.72,1,-197.19,-220.14,2.06,1.53,0.13,-197.19,-220.14,0.00,-0.75,5.15 
1747830178.92,1,-197.37,-218.96,1.59,3.56,0.14,-197.37,-218.96,0.00,-0.77,5.22 
1747830179.12,1,-197.50,-217.86,2.04,1.96,1.46,-197.50,-217.86,0.00,-0.76,5.24 
1747830179.22,1,-197.56,-217.23,1.71,3.20,0.10,-197.56,-217.23,0.00,-0.75,5.29 
1747830179.32,1,-197.62,-216.63,1.93,3.21,0.20,-197.62,-216.63,0.00,-0.74,5.32 
1747830179.42,1,-197.69,-216.08,1.76,1.78,1.43,-197.69,-216.08,0.00,-0.74,5.32 
1747830179.62,1,-197.84,-214.98,1.51,2.32,0.08,-197.84,-214.98,0.00,-0.74,5.34 
1747830179.72,1,-197.92,-214.36,1.63,3.37,0.19,-197.92,-214.36,0.00,-0.75,5.38 
1747830179.92,1,-198.04,-213.22,2.04,2.60,0.44,-198.04,-213.22,0.00,-0.73,5.40 
1747830180.22,1,-198.25,-211.48,2.11,3.54,0.27,-198.25,-211.48,0.00,-0.73,5.45 
1747830180.32,1,-198.33,-210.89,1.56,2.92,0.12,-198.33,-210.89,0.00,-0.73,5.47 
1747830180.42,1,-198.38,-210.36,1.66,1.58,0.07,-198.38,-210.36,0.00,-0.72,5.47 
1747830180.62,1,-198.50,-209.29,1.95,1.78,0.18,-198.50,-209.29,0.00,-0.71,5.46 
1747830180.82,1,-198.64,-208.10,1.93,2.32,0.16,-198.64,-208.10,0.00,-0.71,5.50 
1747830180.92,1,-198.71,-207.47,1.86,3.66,0.22,-198.71,-207.47,0.00,-0.71,5.53 
1747830181.12,1,-198.84,-206.32,1.97,3.29,0.15,-198.84,-206.32,0.00,-0.70,5.55 
1747830181.22,1,-198.87,-205.74,2.13,2.79,0.14,-198.87,-205.74,0.00,-0.69,5.56 
1747830181.32,1,-198.91,-205.16,2.20,2.96,0.17,-198.91,-205.16,0.00,-0.67,5.57 
1747830181.52,1,-199.02,-204.07,2.49,2.01,1.54,-199.02,-204.07,0.00,-0.66,5.56 
1747830181.62,1,-199.05,-203.54,2.15,2.39,0.01,-199.05,-203.54,0.00,-0.65,5.55 
1747830181.72,1,-199.07,-202.88,2.17,3.02,0.01,-199.07,-202.88,0.00,-0.63,5.59 
1747830181.82,1,-199.11,-202.26,5.04,1.95,1.45,-199.11,-202.26,0.00,-0.62,5.62 
1747830181.92,1,-199.20,-201.73,3.82,2.20,0.24,-199.20,-201.73,0.00,-0.63,5.61 
1747830182.02,1,-199.22,-201.18,2.40,2.51,0.03,-199.22,-201.18,0.00,-0.62,5.60 
1747830182.22,1,-199.32,-199.99,2.59,2.91,0.39,-199.32,-199.99,0.00,-0.61,5.63 
1747830182.42,1,-199.42,-198.83,2.05,3.17,0.01,-199.42,-198.83,0.00,-0.60,5.64 
1747830182.92,1,-199.64,-195.86,2.33,3.53,0.27,-199.64,-195.86,0.00,-0.57,5.70 
1747830183.02,1,-199.57,-195.15,3.19,3.40,1.35,-199.57,-195.15,0.00,-0.52,5.75 
1747830183.22,1,-199.54,-193.88,6.37,2.95,1.37,-199.54,-193.88,0.00,-0.46,5.80 
1747830183.42,1,-199.51,-192.73,3.54,2.57,0.85,-199.51,-192.73,0.00,-0.41,5.80 
1747830183.52,1,-199.49,-192.14,6.70,2.62,1.05,-199.49,-192.14,0.00,-0.39,5.80 
1747830183.62,1,-199.38,-191.40,6.50,3.02,1.31,-199.38,-191.40,0.00,-0.33,5.87 
1747830183.92,1,-199.29,-189.58,3.53,3.52,1.34,-199.29,-189.58,0.00,-0.25,5.89 
1747830184.22,1,-198.98,-187.58,4.24,3.74,1.25,-198.98,-187.58,0.00,-0.09,5.99 
1747830184.32,1,-198.72,-186.98,4.99,3.98,0.91,-198.72,-186.98,0.00,0.02,5.99 
1747830184.62,1,-198.38,-185.02,7.56,4.18,1.17,-198.38,-185.02,0.00,0.16,6.06 
1747830184.72,1,-198.12,-184.45,8.02,5.28,0.91,-198.12,-184.45,0.00,0.26,6.04 
1747830185.72,1,-196.68,-178.27,9.91,6.31,0.74,-196.68,-178.27,0.00,0.65,6.09 
1747830185.92,1,-195.59,-176.91,9.71,4.86,0.66,-195.59,-176.91,0.00,1.01,6.14 
1747830186.02,1,-194.80,-176.21,9.09,4.90,0.71,-194.80,-176.21,0.00,1.28,6.17 
1747830186.12,1,-194.15,-175.57,8.21,5.09,0.76,-194.15,-175.57,0.00,1.50,6.18 
1747830186.32,1,-193.35,-174.38,7.75,5.59,0.75,-193.35,-174.38,0.00,1.72,6.16 
1747830186.62,1,-192.21,-172.60,8.87,5.31,0.49,-192.21,-172.60,0.00,2.01,6.13 
1747830186.72,1,-191.47,-172.06,8.08,5.69,0.61,-191.47,-172.06,0.00,2.26,6.10 
1747830186.82,1,-190.81,-171.56,7.69,5.56,0.54,-190.81,-171.56,0.00,2.46,6.05 
1747830186.92,1,-190.41,-171.14,8.22,4.88,0.42,-190.41,-171.14,0.00,2.53,5.96 
1747830187.02,1,-189.81,-170.65,7.64,5.45,0.54,-189.81,-170.65,0.00,2.70,5.91 
1747830187.22,1,-188.91,-169.61,7.63,5.52,0.40,-188.91,-169.61,0.00,2.87,5.84 
1747830187.32,1,-188.61,-169.20,9.28,4.18,0.25,-188.61,-169.20,0.00,2.88,5.75 
1747830187.42,1,-187.96,-168.77,8.38,5.68,0.32,-187.96,-168.77,0.00,3.05,5.69 
1747830187.72,1,-186.64,-167.33,9.31,5.97,0.19,-186.64,-167.33,0.00,3.24,5.56 
1747830187.82,1,-186.18,-167.10,9.26,6.31,0.28,-186.18,-167.10,0.00,3.30,5.41 
1747830188.02,1,-185.29,-166.33,10.83,6.05,0.18,-185.29,-166.33,0.00,3.41,5.27 
1747830188.22,1,-184.35,-165.65,11.39,6.81,0.13,-184.35,-165.65,0.00,3.53,5.10 
1747830188.32,1,-183.81,-165.44,6.11,11.44,1.51,-183.81,-165.44,0.00,3.61,4.97 
1747830188.42,1,-183.10,-165.22,5.70,11.70,1.48,-183.10,-165.22,0.00,3.76,4.84 
1747830188.62,1,-181.95,-164.59,5.89,11.76,1.42,-181.95,-164.59,0.00,3.94,4.70 
1747830189.02,1,-179.82,-163.31,6.94,14.07,1.28,-179.82,-163.31,0.00,4.17,4.45 
1747830189.22,1,-178.60,-162.96,6.34,14.00,1.20,-178.60,-162.96,0.00,4.32,4.23 
1747830189.32,1,-177.71,-163.08,6.23,13.71,1.18,-177.71,-163.08,0.00,4.51,4.00 
1747830189.42,1,-176.80,-163.19,6.54,12.32,1.32,-176.80,-163.19,0.00,4.70,3.80 
1747830189.52,1,-175.92,-163.25,3.91,12.85,0.94,-175.92,-163.25,0.00,4.87,3.62 
1747830189.62,1,-175.16,-163.30,5.94,12.59,1.10,-175.16,-163.30,0.00,4.99,3.44 
1747830189.82,1,-173.80,-163.13,6.04,12.29,1.16,-173.80,-163.13,0.00,5.14,3.23 
1747830189.92,1,-173.04,-163.23,5.12,12.54,0.97,-173.04,-163.23,0.00,5.24,3.05 
1747830190.12,1,-171.79,-163.08,5.44,13.61,0.96,-171.79,-163.08,0.00,5.32,2.86 
1747830190.32,1,-170.52,-163.10,6.24,14.17,0.82,-170.52,-163.10,0.00,5.40,2.62 
1747830190.42,1,-169.76,-163.38,5.20,13.66,0.82,-169.76,-163.38,0.00,5.50,2.39 
1747830190.62,1,-168.42,-163.57,6.16,14.11,0.80,-168.42,-163.57,0.00,5.59,2.12 
1747830190.72,1,-167.68,-164.01,6.84,13.31,0.80,-167.68,-164.01,0.00,5.67,1.86 
1747830190.82,1,-167.01,-164.32,5.26,13.58,0.70,-167.01,-164.32,0.00,5.71,1.65 
1747830190.92,1,-166.37,-164.61,5.23,13.61,0.64,-166.37,-164.61,0.00,5.74,1.46 
1747830191.02,1,-165.70,-164.99,6.17,13.01,0.76,-165.70,-164.99,0.00,5.78,1.25 
1747830191.12,1,-165.10,-165.32,5.91,13.17,0.57,-165.10,-165.32,0.00,5.79,1.06 
1747830191.22,1,-164.47,-165.65,4.84,13.21,0.50,-164.47,-165.65,0.00,5.81,0.88 
1747830191.32,1,-163.86,-166.00,4.98,13.51,0.49,-163.86,-166.00,0.00,5.82,0.70 
1747830191.52,1,-162.65,-166.78,3.80,13.65,0.26,-162.65,-166.78,0.00,5.84,0.33 
1747830191.62,1,-162.12,-167.11,5.17,12.80,0.41,-162.12,-167.11,0.00,5.82,0.18 
1747830191.72,1,-161.58,-167.49,5.23,13.29,0.36,-161.58,-167.49,0.00,5.80,0.02 
1747830191.82,1,-161.07,-167.84,5.07,13.22,0.33,-161.07,-167.84,0.00,5.77,-0.12 
1747830192.02,1,-160.05,-168.76,4.78,13.67,0.22,-160.05,-168.76,0.00,5.72,-0.48 
1747830192.12,1,-159.57,-169.20,4.88,13.91,0.18,-159.57,-169.20,0.00,5.68,-0.64 
1747830192.22,1,-159.11,-169.60,4.51,13.64,0.11,-159.11,-169.60,0.00,5.64,-0.78 
1747830192.32,1,-158.66,-170.11,4.63,13.84,0.04,-158.66,-170.11,0.00,5.59,-0.95 
1747830192.52,1,-157.73,-170.70,5.70,14.46,0.06,-157.73,-170.70,0.00,5.52,-1.12 
1747830192.72,1,-156.85,-171.37,15.67,5.53,1.51,-156.85,-171.37,0.00,5.42,-1.29 
1747830192.82,1,-156.55,-172.04,17.00,5.80,1.51,-156.55,-172.04,0.00,5.33,-1.51 
1747830193.22,1,-155.17,-174.00,17.48,4.07,1.20,-155.17,-174.00,0.00,5.04,-2.03 
1747830193.62,1,-154.80,-177.24,15.18,8.18,1.47,-154.80,-177.24,0.00,4.42,-2.95 
1747830194.42,1,-154.30,-182.93,13.60,9.82,1.47,-154.30,-182.93,0.00,3.35,-4.10 
1747830194.52,1,-154.33,-183.72,13.29,5.38,0.65,-154.33,-183.72,0.00,3.20,-4.26 
1747830195.32,1,-153.21,-188.03,13.67,6.70,1.37,-153.21,-188.03,0.00,2.71,-4.56 
1747830196.52,1,-153.71,-195.69,15.79,3.02,0.59,-153.71,-195.69,0.00,1.32,-5.37 
1747830197.72,1,-157.33,-205.53,7.93,3.65,0.81,-157.33,-205.53,0.00,-0.51,-6.55 
1747830198.02,1,-158.34,-207.88,6.57,3.34,0.80,-158.34,-207.88,0.00,-0.85,-6.71 
1747830198.12,1,-158.92,-208.91,5.07,4.75,1.45,-158.92,-208.91,0.00,-1.05,-6.86 
1747830198.32,1,-159.35,-210.46,3.73,2.42,0.63,-159.35,-210.46,0.00,-1.15,-6.93 
1747830198.42,1,-159.79,-211.24,4.51,2.34,0.54,-159.79,-211.24,0.00,-1.28,-6.96 
1747830198.62,1,-160.34,-212.78,3.50,3.96,1.43,-160.34,-212.78,0.00,-1.40,-7.03 
1747830198.72,1,-160.57,-213.71,5.78,2.46,1.49,-160.57,-213.71,0.00,-1.44,-7.12 
1747830198.82,1,-160.78,-214.61,5.65,2.34,1.51,-160.78,-214.61,0.00,-1.47,-7.20 
1747830198.92,1,-160.94,-215.45,4.86,1.76,1.50,-160.94,-215.45,0.00,-1.47,-7.25 
1747830199.12,1,-161.34,-216.85,3.29,3.00,0.86,-161.34,-216.85,0.00,-1.52,-7.23 
1747830199.22,1,-161.56,-217.53,1.36,2.51,1.22,-161.56,-217.53,0.00,-1.55,-7.21 
1747830199.32,1,-161.76,-218.24,1.56,2.34,0.12,-161.76,-218.24,0.00,-1.57,-7.21 
1747830199.42,1,-161.96,-218.95,1.42,0.37,0.01,-161.96,-218.95,0.00,-1.58,-7.20 
1747830199.82,1,-162.38,-221.79,1.59,0.41,0.29,-162.38,-221.79,0.00,-1.49,-7.19 
1747830199.92,1,-162.34,-222.51,1.69,0.48,0.04,-162.34,-222.51,0.00,-1.42,-7.19 
1747830200.02,1,-162.30,-223.20,1.79,0.56,0.90,-162.30,-223.20,0.00,-1.34,-7.18 
1747830200.32,1,-162.69,-225.21,1.84,0.71,1.25,-162.69,-225.21,0.00,-1.33,-7.12 
1747830200.42,1,-162.76,-225.86,1.90,0.91,0.58,-162.76,-225.86,0.00,-1.31,-7.09 
1747830200.52,1,-162.87,-226.56,2.11,1.03,1.52,-162.87,-226.56,0.00,-1.30,-7.08 
1747830200.62,1,-163.04,-227.18,2.09,1.50,0.50,-163.04,-227.18,0.00,-1.31,-7.04 
1747830200.82,1,-163.35,-228.58,2.40,1.65,0.95,-163.35,-228.58,0.00,-1.33,-7.04 
1747830201.12,1,-163.61,-230.54,2.66,1.87,0.83,-163.61,-230.54,0.00,-1.27,-6.98 
1747830201.22,1,-163.74,-230.84,2.73,2.40,0.39,-163.74,-230.84,0.00,-1.28,-6.81 
1747830201.52,1,-164.05,-232.91,2.00,4.42,0.78,-164.05,-232.91,0.00,-1.25,-6.82 
1747830201.62,1,-164.10,-233.77,2.46,4.61,0.03,-164.10,-233.77,0.00,-1.21,-6.90 
1747830201.72,1,-164.15,-234.54,4.03,2.68,1.37,-164.15,-234.54,0.00,-1.19,-6.93 
1747830201.92,1,-164.30,-235.93,2.97,3.90,0.14,-164.30,-235.93,0.00,-1.15,-6.93 
1747830202.02,1,-164.34,-236.61,2.87,4.42,0.57,-164.34,-236.61,0.00,-1.12,-6.92 
1747830202.12,1,-164.36,-237.30,3.03,3.70,0.02,-164.36,-237.30,0.00,-1.08,-6.92 
1747830202.32,1,-164.51,-238.69,3.95,2.64,1.52,-164.51,-238.69,0.00,-1.05,-6.93 
1747830202.42,1,-164.58,-239.39,2.28,3.86,0.09,-164.58,-239.39,0.00,-1.04,-6.93 
1747830202.72,1,-164.81,-241.46,2.25,3.48,0.41,-164.81,-241.46,0.00,-1.00,-6.93 
1747830202.92,1,-164.98,-242.82,2.08,3.95,0.07,-164.98,-242.82,0.00,-0.99,-6.92 
1747830203.02,1,-165.12,-243.44,1.46,2.77,1.24,-165.12,-243.44,0.00,-1.01,-6.89 
1747830203.22,1,-165.38,-244.87,2.07,2.64,1.37,-165.38,-244.87,0.00,-1.03,-6.91 
1747830203.42,1,-165.58,-246.17,2.08,3.06,0.83,-165.58,-246.17,0.00,-1.03,-6.88 
1747830203.52,1,-165.65,-246.86,4.18,2.10,1.50,-165.65,-246.86,0.00,-1.01,-6.87 
1747830204.12,1,-166.10,-251.01,2.92,3.49,0.13,-166.10,-251.01,0.00,-0.96,-6.89 
1747830204.32,1,-166.15,-252.40,2.98,3.45,0.04,-166.15,-252.40,0.00,-0.90,-6.89 
1747830204.42,1,-166.14,-253.13,2.70,3.18,0.09,-166.14,-253.13,0.00,-0.86,-6.91 
1747830204.52,1,-166.09,-253.78,3.21,4.28,0.28,-166.09,-253.78,0.00,-0.80,-6.89 
1747830204.62,1,-166.07,-254.43,2.96,2.24,0.00,-166.07,-254.43,0.00,-0.76,-6.87 
1747830204.72,1,-166.00,-255.09,3.45,3.59,0.38,-166.00,-255.09,0.00,-0.70,-6.86 
1747830205.02,1,-166.19,-256.97,3.34,2.86,0.83,-166.19,-256.97,0.00,-0.69,-6.79 
1747830205.12,1,-166.24,-257.65,1.86,3.51,0.20,-166.24,-257.65,0.00,-0.69,-6.79 
1747830205.22,1,-166.34,-258.21,2.43,4.10,0.92,-166.34,-258.21,0.00,-0.70,-6.73 
1747830205.52,1,-166.46,-260.24,2.72,3.44,0.05,-166.46,-260.24,0.00,-0.66,-6.74 
1747830206.02,1,-166.66,-263.51,2.99,2.37,0.19,-166.66,-263.51,0.00,-0.61,-6.70 
1747830206.12,1,-166.64,-264.01,2.56,3.26,0.05,-166.64,-264.01,0.00,-0.57,-6.63 
1747830206.32,1,-166.83,-265.23,2.35,2.48,1.00,-166.83,-265.23,0.00,-0.60,-6.58 
1747830206.62,1,-166.83,-267.14,2.59,2.77,0.61,-166.83,-267.14,0.00,-0.53,-6.55 
1747830206.72,1,-166.84,-267.60,2.97,2.63,0.70,-166.84,-267.60,0.00,-0.51,-6.47 
1747830206.82,1,-166.89,-268.17,1.58,1.73,1.47,-166.89,-268.17,0.00,-0.51,-6.44 
1747830207.22,1,-167.01,-270.76,1.71,2.03,0.21,-167.01,-270.76,0.00,-0.47,-6.45 
1747830207.32,1,-167.01,-271.36,1.80,2.44,0.28,-167.01,-271.36,0.00,-0.46,-6.43 
1747830207.52,1,-167.07,-272.64,1.99,3.50,0.30,-167.07,-272.64,0.00,-0.44,-6.43 
1747830207.62,1,-167.11,-273.31,1.77,3.66,0.17,-167.11,-273.31,0.00,-0.44,-6.44 
1747830207.72,1,-167.15,-273.90,1.84,4.60,0.27,-167.15,-273.90,0.00,-0.44,-6.41 
1747830207.92,1,-167.24,-275.05,2.18,1.70,0.30,-167.24,-275.05,0.00,-0.44,-6.36 
1747830208.02,1,-167.25,-275.57,2.25,1.96,0.10,-167.25,-275.57,0.00,-0.43,-6.31 
1747830208.22,1,-167.33,-276.71,2.49,2.13,0.47,-167.33,-276.71,0.00,-0.43,-6.26 
1747830208.32,1,-167.40,-277.22,2.08,2.18,0.39,-167.40,-277.22,0.00,-0.43,-6.21 
1747830208.42,1,-167.50,-277.77,2.39,1.57,0.22,-167.50,-277.77,0.00,-0.46,-6.18 
1747830208.52,1,-167.58,-278.30,1.80,1.92,0.26,-167.58,-278.30,0.00,-0.47,-6.14 
1747830208.62,1,-167.65,-278.84,2.08,1.78,0.03,-167.65,-278.84,0.00,-0.48,-6.11 
1747830208.72,1,-167.69,-279.35,2.11,2.39,0.24,-167.69,-279.35,0.00,-0.48,-6.07 
1747830208.82,1,-167.72,-279.90,2.19,1.82,0.05,-167.72,-279.90,0.00,-0.47,-6.04 
1747830209.02,1,-167.79,-281.12,3.13,2.00,1.47,-167.79,-281.12,0.00,-0.46,-6.05 
1747830209.22,1,-167.94,-282.35,3.29,2.65,1.52,-167.94,-282.35,0.00,-0.49,-6.06 
1747830209.32,1,-167.95,-282.96,2.10,2.71,0.71,-167.95,-282.96,0.00,-0.47,-6.06 
1747830209.62,1,-168.01,-284.77,2.78,3.17,0.18,-168.01,-284.77,0.00,-0.44,-6.06 
1747830209.92,1,-168.16,-286.58,2.09,1.58,1.47,-168.16,-286.58,0.00,-0.44,-6.05 
1747830210.32,1,-168.30,-288.91,2.45,1.66,1.52,-168.30,-288.91,0.00,-0.43,-6.02 
1747830210.42,1,-168.35,-289.33,1.72,2.97,0.09,-168.35,-289.33,0.00,-0.43,-5.95 
1747830210.62,1,-168.46,-290.52,1.51,1.99,0.15,-168.46,-290.52,0.00,-0.44,-5.95 
1747830210.72,1,-168.46,-290.93,1.70,2.20,0.09,-168.46,-290.93,0.00,-0.43,-5.87 
1747830210.82,1,-168.46,-291.38,2.72,2.44,0.26,-168.46,-291.38,0.00,-0.41,-5.81 
1747830210.92,1,-168.46,-291.94,2.20,3.02,0.13,-168.46,-291.94,0.00,-0.39,-5.81 
1747830211.12,1,-168.53,-293.06,1.85,3.25,0.08,-168.53,-293.06,0.00,-0.39,-5.79 
1747830211.22,1,-168.62,-293.56,3.12,2.40,1.51,-168.62,-293.56,0.00,-0.41,-5.76 
1747830211.32,1,-168.70,-294.07,3.73,2.75,1.55,-168.70,-294.07,0.00,-0.42,-5.73 
1747830211.42,1,-168.75,-294.57,1.35,3.43,0.06,-168.75,-294.57,0.00,-0.43,-5.70 
1747830211.52,1,-168.79,-295.04,1.56,1.90,0.20,-168.79,-295.04,0.00,-0.43,-5.65 
1747830211.62,1,-168.81,-295.56,2.00,1.89,1.55,-168.81,-295.56,0.00,-0.42,-5.64 
1747830212.02,1,-168.99,-297.69,3.14,1.80,0.87,-168.99,-297.69,0.00,-0.42,-5.58 
1747830212.12,1,-169.01,-298.12,2.30,2.59,0.24,-169.01,-298.12,0.00,-0.41,-5.53 
1747830212.22,1,-169.04,-298.53,2.20,2.69,0.09,-169.04,-298.53,0.00,-0.41,-5.47 
1747830212.42,1,-169.12,-299.57,2.43,1.23,1.00,-169.12,-299.57,0.00,-0.41,-5.45 
1747830212.52,1,-169.13,-299.96,2.93,1.93,1.52,-169.13,-299.96,0.00,-0.39,-5.39 
1747830212.62,1,-169.20,-300.41,2.91,2.41,0.91,-169.20,-300.41,0.00,-0.41,-5.35 
1747830212.82,1,-169.20,-301.41,2.90,2.18,1.12,-169.20,-301.41,0.00,-0.37,-5.32 
1747830213.02,1,-169.26,-302.39,1.52,3.31,0.05,-169.26,-302.39,0.00,-0.37,-5.28 
1747830213.12,1,-169.27,-302.88,1.98,1.97,1.47,-169.27,-302.88,0.00,-0.36,-5.27 
1747830213.22,1,-169.27,-303.35,2.30,2.12,0.13,-169.27,-303.35,0.00,-0.34,-5.24 
1747830213.82,1,-169.51,-306.33,1.60,2.44,0.50,-169.51,-306.33,0.00,-0.35,-5.18 
1747830213.92,1,-169.53,-306.67,1.86,2.71,0.16,-169.53,-306.67,0.00,-0.35,-5.11 
1747830214.22,1,-169.55,-308.12,2.14,2.66,0.95,-169.55,-308.12,0.00,-0.31,-5.07 
1747830214.82,1,-169.76,-311.01,1.17,3.18,0.15,-169.76,-311.01,0.00,-0.32,-5.01 
1747830216.12,1,-169.82,-316.72,1.49,3.19,0.24,-169.82,-316.72,0.00,-0.21,-4.77 
1747830216.32,1,-169.58,-317.35,3.49,0.94,0.55,-169.58,-317.35,0.00,-0.11,-4.65 
1747830216.42,1,-169.46,-317.78,1.91,2.14,0.24,-169.46,-317.78,0.00,-0.06,-4.64 
1747830216.62,1,-169.30,-318.51,3.07,1.70,0.20,-169.30,-318.51,0.00,0.01,-4.56 
1747830216.72,1,-169.17,-318.84,2.99,1.25,0.43,-169.17,-318.84,0.00,0.07,-4.50 
1747830216.82,1,-169.02,-319.35,2.52,2.85,0.15,-169.02,-319.35,0.00,0.13,-4.53 
1747830217.02,1,-168.86,-320.31,2.71,3.81,0.33,-168.86,-320.31,0.00,0.20,-4.56 
1747830217.22,1,-168.63,-321.25,2.96,3.75,0.45,-168.63,-321.25,0.00,0.30,-4.57 
1747830217.32,1,-168.48,-321.76,2.56,3.81,0.28,-168.48,-321.76,0.00,0.36,-4.60 
1747830217.42,1,-168.33,-322.20,2.11,3.79,0.73,-168.33,-322.20,0.00,0.42,-4.59 
1747830217.52,1,-168.17,-322.65,2.15,4.20,0.86,-168.17,-322.65,0.00,0.49,-4.58 
1747830217.62,1,-168.04,-323.10,2.25,2.92,0.31,-168.04,-323.10,0.00,0.53,-4.58 
1747830225.11,2,-156.83,-354.98,3.08,1.58,0.65,-156.83,-354.98,0.00,2.23,-4.36 
1747830225.21,2,-156.51,-355.36,2.60,2.38,0.46,-156.51,-355.36,0.00,2.31,-4.32 
1747830225.31,2,-156.27,-355.91,1.75,4.92,0.25,-156.27,-355.91,0.00,2.32,-4.41 
1747830225.52,2,-155.86,-356.81,1.90,2.16,0.54,-155.86,-356.81,0.00,2.28,-4.42 
1747830225.72,2,-155.44,-357.68,1.81,2.50,0.51,-155.44,-357.68,0.00,2.25,-4.41 
1747830225.92,2,-154.86,-358.62,1.92,2.94,0.53,-154.86,-358.62,0.00,2.33,-4.45 
1747830226.02,2,-154.64,-359.07,1.63,4.49,0.29,-154.64,-359.07,0.00,2.32,-4.45 
1747830226.92,2,-152.67,-363.20,2.02,3.95,0.28,-152.67,-363.20,0.00,2.28,-4.50 
1747830227.02,2,-152.55,-363.45,3.50,1.68,1.56,-152.55,-363.45,0.00,2.23,-4.42 
1747830227.32,2,-151.97,-364.66,1.77,3.36,0.46,-151.97,-364.66,0.00,2.19,-4.37 
1747830227.52,2,-151.60,-365.66,2.11,4.54,0.27,-151.60,-365.66,0.00,2.16,-4.42 
1747830227.62,2,-151.40,-366.04,1.63,3.34,0.38,-151.40,-366.04,0.00,2.15,-4.39 
1747830228.01,2,-150.48,-367.69,2.17,4.97,0.32,-150.48,-367.69,0.00,2.18,-4.35 
1747830228.22,2,-150.10,-368.49,1.69,3.41,0.14,-150.10,-368.49,0.00,2.15,-4.32 
1747830228.32,2,-149.93,-368.97,2.03,4.60,0.30,-149.93,-368.97,0.00,2.14,-4.34 
1747830228.42,2,-149.77,-369.47,2.26,4.84,0.32,-149.77,-369.47,0.00,2.11,-4.37 
1747830228.52,2,-149.63,-369.87,2.22,3.99,0.43,-149.63,-369.87,0.00,2.08,-4.35 
1747830228.72,2,-149.29,-370.89,2.83,5.13,0.28,-149.29,-370.89,0.00,2.04,-4.42 
1747830228.92,2,-148.89,-371.79,1.69,4.55,0.32,-148.89,-371.79,0.00,2.04,-4.42 
1747830229.11,2,-148.51,-372.53,2.37,4.64,0.49,-148.51,-372.53,0.00,2.03,-4.36 
1747830229.31,2,-148.12,-373.42,1.87,4.04,0.19,-148.12,-373.42,0.00,2.03,-4.37 
1747830229.51,2,-147.74,-374.22,1.71,4.20,0.49,-147.74,-374.22,0.00,2.01,-4.34 
1747830229.62,2,-147.55,-374.68,1.69,4.68,0.35,-147.55,-374.68,0.00,2.01,-4.35 
1747830229.82,2,-147.13,-375.46,1.95,3.90,0.28,-147.13,-375.46,0.00,2.01,-4.31 
1747830230.02,2,-146.79,-376.27,3.58,1.86,1.55,-146.79,-376.27,0.00,1.99,-4.29 
1747830230.22,2,-146.40,-377.09,1.72,3.53,0.45,-146.40,-377.09,0.00,1.99,-4.27 
1747830230.32,2,-146.22,-377.61,2.06,5.25,0.30,-146.22,-377.61,0.00,1.98,-4.31 
1747830230.42,2,-146.03,-378.13,2.05,5.33,0.25,-146.03,-378.13,0.00,1.98,-4.35 
1747830230.52,2,-145.86,-378.64,2.38,5.25,0.37,-145.86,-378.64,0.00,1.97,-4.38 
1747830230.62,2,-145.75,-379.08,2.86,6.50,0.29,-145.75,-379.08,0.00,1.93,-4.38 
1747830230.82,2,-145.43,-380.01,2.86,3.28,0.46,-145.43,-380.01,0.00,1.90,-4.40 
1747830231.52,2,-144.30,-380.74,3.35,0.13,1.45,-144.30,-380.74,0.00,1.83,-3.56 
1747830231.71,2,-143.94,-381.44,3.35,0.13,1.45,-143.94,-381.44,0.00,1.83,-3.56 
1747830232.02,2,-143.39,-382.51,3.35,0.13,1.45,-143.39,-382.51,0.00,1.83,-3.56 
1747830232.22,2,-145.79,-381.50,0.13,3.75,0.83,-145.79,-381.50,0.00,0.81,-2.92 
1747830232.62,2,-145.05,-381.04,0.09,0.84,0.14,-145.05,-381.04,0.00,0.95,-2.34 
1747830232.81,2,-144.86,-381.51,0.09,0.84,0.14,-144.86,-381.51,0.00,0.95,-2.34 
1747830232.92,2,-144.77,-381.74,0.09,0.84,0.14,-144.77,-381.74,0.00,0.95,-2.34 
1747830233.32,3,-141.17,-390.27,2.06,5.21,0.32,-141.17,-390.27,0.00,1.79,-3.71 
1747830233.62,3,-140.43,-391.64,2.02,5.01,0.47,-140.43,-391.64,0.00,1.92,-3.87 
1747830233.91,3,-139.74,-392.97,1.78,7.64,0.40,-139.74,-392.97,0.00,1.98,-3.96 
1747830234.12,2,-141.85,-382.69,0.07,0.92,0.16,-141.85,-382.69,0.00,1.44,-1.89 
1747830234.12,3,-139.24,-393.97,1.91,4.51,0.55,-139.24,-393.97,0.00,2.03,-4.07 
1747830234.22,3,-138.94,-394.70,1.60,6.58,0.30,-138.94,-394.70,0.00,2.08,-4.23 
1747830234.42,3,-138.43,-395.83,1.64,6.61,0.38,-138.43,-395.83,0.00,2.13,-4.37 
1747830234.62,2,-140.71,-383.33,0.04,0.32,0.07,-140.71,-383.33,0.00,1.57,-1.81 
1747830234.62,3,-137.98,-396.79,2.05,3.67,0.57,-137.98,-396.79,0.00,2.14,-4.41 
1747830234.72,3,-137.74,-397.42,1.93,6.01,0.33,-137.74,-397.42,0.00,2.15,-4.49 
1747830234.82,3,-137.47,-398.03,1.75,6.06,0.33,-137.47,-398.03,0.00,2.17,-4.57 
1747830235.12,3,-136.84,-399.33,1.70,6.90,0.37,-136.84,-399.33,0.00,2.16,-4.54 
1747830235.42,3,-136.17,-400.70,1.89,3.39,0.61,-136.17,-400.70,0.00,2.17,-4.54 
1747830235.62,3,-135.79,-401.70,1.93,4.04,0.02,-135.79,-401.70,0.00,2.15,-4.58 
1747830235.72,3,-135.53,-402.20,1.78,3.58,0.55,-135.53,-402.20,0.00,2.17,-4.59 
1747830235.82,3,-135.37,-402.72,2.12,4.02,0.03,-135.37,-402.72,0.00,2.15,-4.62 
1747830235.92,2,-139.08,-388.36,0.08,0.32,1.53,-139.08,-388.36,0.00,1.47,-2.60 
1747830235.92,3,-135.11,-403.18,2.13,3.90,0.45,-135.11,-403.18,0.00,2.16,-4.62 
1747830236.02,3,-134.85,-403.65,2.10,3.85,0.61,-134.85,-403.65,0.00,2.18,-4.62 
1747830236.62,2,-139.50,-390.50,0.08,0.36,0.65,-139.50,-390.50,0.00,1.02,-2.70 
1747830236.62,3,-133.48,-406.27,2.34,4.37,0.59,-133.48,-406.27,0.00,2.21,-4.57 
1747830236.72,2,-139.40,-390.77,0.09,0.41,0.65,-139.40,-390.77,0.00,1.02,-2.70 
1747830236.72,3,-133.25,-406.68,3.58,2.65,1.04,-133.25,-406.68,0.00,2.21,-4.54 
1747830236.72,4,-211.42,-484.12,0.42,1.45,1.16,-211.42,-484.12,0.00,0.10,-0.18 
1747830236.82,3,-133.03,-407.14,3.06,2.28,1.21,-133.03,-407.14,0.00,2.21,-4.55 
1747830236.82,4,-211.38,-484.16,0.47,1.58,1.54,-211.38,-484.16,0.00,0.11,-0.19 
1747830236.92,3,-132.72,-407.67,2.17,5.94,0.61,-132.72,-407.67,0.00,2.25,-4.58 
1747830236.92,4,-211.39,-484.16,0.45,1.51,1.32,-211.39,-484.16,0.00,0.10,-0.18 
1747830237.22,3,-132.11,-408.99,3.20,7.32,0.33,-132.11,-408.99,0.00,2.22,-4.56 
1747830237.42,2,-136.08,-394.34,0.04,1.57,0.20,-136.08,-394.34,0.00,1.85,-3.26 
1747830237.42,3,-131.73,-409.86,3.57,7.37,0.29,-131.73,-409.86,0.00,2.19,-4.54 
1747830237.42,4,-211.42,-484.28,0.39,1.82,1.48,-211.42,-484.28,0.00,0.06,-0.19 
1747830237.72,3,-131.00,-411.33,1.87,5.50,0.35,-131.00,-411.33,0.00,2.22,-4.58 
1747830237.82,2,-134.74,-396.74,0.27,1.36,1.48,-134.74,-396.74,0.00,2.08,-3.67 
1747830237.82,3,-130.75,-411.75,2.04,6.64,0.36,-130.75,-411.75,0.00,2.23,-4.57 
1747830238.02,3,-130.27,-412.80,2.54,5.87,0.32,-130.27,-412.80,0.00,2.25,-4.63 
1747830238.62,2,-132.61,-401.32,0.83,0.11,1.37,-132.61,-401.32,0.00,2.23,-4.18 
1747830238.62,3,-128.94,-415.75,3.66,5.64,0.32,-128.94,-415.75,0.00,2.24,-4.70 
1747830238.72,2,-132.39,-401.73,0.83,0.11,1.37,-132.39,-401.73,0.00,2.23,-4.18 
1747830238.72,3,-128.76,-416.14,2.87,7.23,0.35,-128.76,-416.14,0.00,2.22,-4.66 
1747830239.11,2,-131.50,-403.41,0.83,0.11,1.37,-131.50,-403.41,0.00,2.23,-4.18 
1747830239.11,3,-127.86,-417.91,3.05,6.71,0.88,-127.86,-417.91,0.00,2.23,-4.63 
1747830239.21,2,-131.27,-403.82,0.83,0.11,1.37,-131.27,-403.82,0.00,2.23,-4.18 
1747830239.21,3,-127.69,-418.29,2.99,8.02,0.99,-127.69,-418.29,0.00,2.21,-4.59 
1747830239.31,2,-131.05,-404.24,0.83,0.11,1.37,-131.05,-404.24,0.00,2.23,-4.18 
1747830239.31,3,-127.47,-418.66,3.13,7.32,0.93,-127.47,-418.66,0.00,2.20,-4.56 
1747830239.41,3,-127.38,-418.97,2.87,8.17,0.92,-127.38,-418.97,0.00,2.15,-4.49 
1747830239.41,4,-211.85,-484.61,1.59,0.72,0.62,-211.85,-484.61,0.00,-0.09,-0.19 
1747830239.51,3,-127.21,-419.33,2.92,8.95,0.90,-127.21,-419.33,0.00,2.13,-4.45 
1747830239.51,4,-211.84,-484.62,0.58,2.14,1.24,-211.84,-484.62,0.00,-0.08,-0.19 
1747830239.61,3,-127.09,-419.68,2.79,8.01,0.92,-127.09,-419.68,0.00,2.09,-4.41 
1747830239.92,3,-126.30,-421.06,3.01,7.68,0.49,-126.30,-421.06,0.00,2.16,-4.44 
1747830240.42,3,-125.11,-423.32,2.81,5.88,0.17,-125.11,-423.32,0.00,2.20,-4.46 
1747830240.72,3,-124.31,-424.75,2.60,7.61,0.77,-124.31,-424.75,0.00,2.27,-4.49 
1747830240.82,3,-123.98,-425.32,3.08,7.38,0.92,-123.98,-425.32,0.00,2.31,-4.54 
1747830241.21,3,-123.00,-427.04,2.63,5.58,0.63,-123.00,-427.04,0.00,2.33,-4.51 
1747830241.31,3,-122.71,-427.55,2.76,7.07,0.90,-122.71,-427.55,0.00,2.36,-4.53 
1747830241.61,3,-121.94,-429.04,3.29,7.39,0.85,-121.94,-429.04,0.00,2.38,-4.58 
1747830241.61,4,-212.00,-484.99,0.62,2.12,1.18,-212.00,-484.99,0.00,-0.08,-0.19 
1747830242.12,3,-120.69,-431.40,2.86,7.07,0.86,-120.69,-431.40,0.00,2.41,-4.61 
1747830242.22,3,-120.45,-432.03,4.71,7.45,0.85,-120.45,-432.03,0.00,2.40,-4.68 
1747830242.22,4,-212.02,-485.13,0.60,1.86,1.30,-212.02,-485.13,0.00,-0.07,-0.20 
1747830242.92,3,-118.48,-435.53,2.94,6.47,1.02,-118.48,-435.53,0.00,2.52,-4.76 
1747830242.92,4,-211.99,-485.38,0.68,2.00,1.00,-211.99,-485.38,0.00,-0.04,-0.24 
1747830243.21,3,-117.58,-437.17,2.38,6.03,0.50,-117.58,-437.17,0.00,2.57,-4.85 
1747830243.21,4,-212.05,-485.37,0.73,2.05,1.30,-212.05,-485.37,0.00,-0.06,-0.21 
1747830243.52,3,-116.62,-438.77,2.24,6.08,0.59,-116.62,-438.77,0.00,2.65,-4.91 
1747830243.52,4,-212.01,-485.49,0.70,2.32,1.11,-212.01,-485.49,0.00,-0.03,-0.23 
1747830243.62,3,-116.25,-439.32,2.84,5.19,1.02,-116.25,-439.32,0.00,2.69,-4.93 
1747830243.62,4,-212.04,-485.49,0.71,2.15,1.26,-212.04,-485.49,0.00,-0.05,-0.22 
1747830243.92,3,-115.53,-440.79,2.07,3.49,0.02,-115.53,-440.79,0.00,2.65,-4.93 
1747830243.92,4,-212.05,-485.54,0.58,1.59,1.13,-212.05,-485.54,0.00,-0.04,-0.21 
1747830244.22,3,-114.82,-442.39,2.41,3.77,0.28,-114.82,-442.39,0.00,2.62,-4.98 
1747830244.22,4,-212.05,-485.59,0.45,1.58,1.13,-212.05,-485.59,0.00,-0.04,-0.21 
1747830244.52,3,-114.08,-443.94,2.97,4.96,0.23,-114.08,-443.94,0.00,2.60,-5.00 
1747830244.52,4,-212.04,-485.70,0.52,1.71,0.97,-212.04,-485.70,0.00,-0.03,-0.23 
1747830244.61,3,-113.80,-444.45,3.75,3.65,1.40,-113.80,-444.45,0.00,2.61,-5.01 
1747830244.61,4,-212.08,-485.71,0.50,2.03,1.24,-212.08,-485.71,0.00,-0.04,-0.22 
1747830244.71,3,-113.63,-444.87,3.56,3.74,1.30,-113.63,-444.87,0.00,2.57,-4.97 
1747830244.71,4,-212.11,-485.66,0.47,2.32,0.89,-212.11,-485.66,0.00,-0.06,-0.20 
1747830244.81,3,-113.51,-445.31,3.54,4.39,1.40,-113.51,-445.31,0.00,2.51,-4.95 
1747830244.81,4,-212.08,-485.74,0.72,2.74,0.84,-212.08,-485.74,0.00,-0.04,-0.22 
1747830244.91,3,-113.32,-445.85,3.78,4.71,0.33,-113.32,-445.85,0.00,2.49,-4.97 
1747830244.91,4,-212.10,-485.74,0.61,1.92,1.15,-212.10,-485.74,0.00,-0.05,-0.21 
1747830245.01,3,-112.98,-446.35,3.27,5.10,0.88,-112.98,-446.35,0.00,2.52,-4.97 
1747830245.01,4,-212.10,-485.77,0.55,1.84,1.04,-212.10,-485.77,0.00,-0.05,-0.21 
1747830245.11,3,-112.66,-446.82,3.30,4.87,0.90,-112.66,-446.82,0.00,2.55,-4.96 
1747830245.11,4,-212.14,-485.77,0.45,2.12,1.20,-212.14,-485.77,0.00,-0.06,-0.20 
1747830245.31,3,-112.14,-447.83,2.09,4.70,0.30,-112.14,-447.83,0.00,2.56,-4.96 
1747830245.31,4,-212.17,-485.80,0.44,1.85,1.18,-212.17,-485.80,0.00,-0.07,-0.20 
1747830245.41,3,-111.88,-448.26,2.19,3.87,0.55,-111.88,-448.26,0.00,2.56,-4.94 
1747830245.41,4,-212.16,-485.85,0.52,1.98,1.16,-212.16,-485.85,0.00,-0.06,-0.21 
1747830245.61,3,-111.33,-449.27,2.98,4.59,1.11,-111.33,-449.27,0.00,2.58,-4.95 
1747830245.61,4,-212.16,-485.91,0.60,2.25,1.03,-212.16,-485.91,0.00,-0.05,-0.22 
1747830246.01,3,-110.32,-451.19,1.92,3.91,0.55,-110.32,-451.19,0.00,2.57,-4.92 
1747830246.01,4,-212.19,-486.00,0.63,1.90,0.88,-212.19,-486.00,0.00,-0.06,-0.22 
1747830246.21,3,-109.88,-452.24,2.30,4.09,0.29,-109.88,-452.24,0.00,2.54,-4.95 
1747830246.21,4,-212.18,-486.03,0.39,1.49,0.78,-212.18,-486.03,0.00,-0.05,-0.22 
1747830246.41,3,-109.42,-453.18,3.06,2.76,1.12,-109.42,-453.18,0.00,2.52,-4.93 
1747830246.41,4,-212.15,-486.09,0.34,1.41,0.63,-212.15,-486.09,0.00,-0.03,-0.22 
1747830246.51,3,-109.13,-453.67,3.08,4.29,1.03,-109.13,-453.67,0.00,2.53,-4.93 
1747830246.51,4,-212.13,-486.12,0.34,1.63,0.60,-212.13,-486.12,0.00,-0.03,-0.22 
1747830246.81,3,-108.41,-455.23,2.91,4.77,0.22,-108.41,-455.23,0.00,2.52,-4.96 
1747830246.81,4,-212.10,-486.22,0.32,1.95,0.48,-212.10,-486.22,0.00,-0.01,-0.24 
1747830246.91,3,-108.13,-455.71,2.75,4.36,0.87,-108.13,-455.71,0.00,2.53,-4.95 
1747830246.91,4,-212.11,-486.22,0.32,1.71,0.55,-212.11,-486.22,0.00,-0.01,-0.23 
1747830247.01,3,-107.93,-456.27,3.35,4.56,0.25,-107.93,-456.27,0.00,2.51,-4.98 
1747830247.01,4,-212.13,-486.27,0.42,1.72,0.41,-212.13,-486.27,0.00,-0.02,-0.24 
1747830247.11,3,-107.64,-456.75,3.21,4.06,0.96,-107.64,-456.75,0.00,2.52,-4.97 
1747830247.11,4,-212.17,-486.27,0.50,2.20,1.08,-212.17,-486.27,0.00,-0.03,-0.23 
1747830247.31,3,-107.11,-457.74,3.27,3.77,1.12,-107.11,-457.74,0.00,2.53,-4.97 
1747830247.31,4,-212.16,-486.31,0.34,1.15,0.58,-212.16,-486.31,0.00,-0.03,-0.23 
1747830247.61,3,-106.32,-459.30,3.69,4.06,0.92,-106.32,-459.30,0.00,2.54,-5.00 
1747830247.61,4,-212.14,-486.43,0.27,1.78,0.35,-212.14,-486.43,0.00,-0.02,-0.25 
1747830247.71,3,-106.08,-459.79,1.81,3.74,0.48,-106.08,-459.79,0.00,2.54,-4.99 
1747830247.71,4,-212.16,-486.43,0.46,1.84,0.85,-212.16,-486.43,0.00,-0.02,-0.24 
1747830247.81,3,-105.82,-460.29,3.39,3.48,1.20,-105.82,-460.29,0.00,2.54,-4.99 
1747830247.81,4,-212.13,-486.48,0.21,1.65,0.52,-212.13,-486.48,0.00,-0.01,-0.25 
1747830248.11,3,-105.04,-461.83,1.90,4.51,0.53,-105.04,-461.83,0.00,2.55,-5.01 
1747830248.11,4,-212.14,-486.52,0.27,1.67,0.64,-212.14,-486.52,0.00,-0.01,-0.24 
1747830248.21,3,-104.85,-462.29,2.94,2.52,1.08,-104.85,-462.29,0.00,2.52,-5.00 
1747830248.21,4,-212.15,-486.53,0.16,1.66,0.66,-212.15,-486.53,0.00,-0.02,-0.23 
1747830248.31,3,-104.60,-462.83,3.78,3.61,0.94,-104.60,-462.83,0.00,2.52,-5.01 
1747830248.31,4,-212.17,-486.53,0.17,1.85,0.56,-212.17,-486.53,0.00,-0.02,-0.22 
1747830248.51,3,-104.07,-463.85,3.03,3.46,1.03,-104.07,-463.85,0.00,2.53,-5.02 
1747830248.51,4,-212.18,-486.57,0.35,1.69,0.43,-212.18,-486.57,0.00,-0.03,-0.22 
1747830248.61,3,-103.86,-464.37,2.16,4.39,0.34,-103.86,-464.37,0.00,2.51,-5.03 
1747830248.61,4,-212.19,-486.59,0.27,1.56,0.63,-212.19,-486.59,0.00,-0.03,-0.22 
1747830248.91,3,-103.09,-465.89,2.99,3.48,1.05,-103.09,-465.89,0.00,2.52,-5.03 
1747830248.91,4,-212.22,-486.63,0.15,1.52,0.66,-212.22,-486.63,0.00,-0.04,-0.21 
1747830249.21,3,-102.37,-467.47,2.29,4.26,0.38,-102.37,-467.47,0.00,2.51,-5.06 
1747830249.21,4,-212.25,-486.75,0.31,1.45,1.46,-212.25,-486.75,0.00,-0.04,-0.23 
1747830249.41,3,-101.91,-468.55,2.28,4.28,0.30,-101.91,-468.55,0.00,2.49,-5.09 
1747830249.41,4,-212.24,-486.81,0.13,1.04,0.42,-212.24,-486.81,0.00,-0.04,-0.24 
1747830249.81,3,-100.99,-470.65,2.36,4.13,0.32,-100.99,-470.65,0.00,2.46,-5.12 
1747830249.81,4,-212.27,-486.89,0.19,1.07,0.37,-212.27,-486.89,0.00,-0.04,-0.23 
1747830249.91,3,-100.82,-471.21,2.35,3.89,0.31,-100.82,-471.21,0.00,2.43,-5.13 
1747830249.91,4,-212.30,-486.88,0.21,1.17,0.49,-212.30,-486.88,0.00,-0.06,-0.22 
1747830250.21,3,-100.17,-472.74,2.24,4.70,0.32,-100.17,-472.74,0.00,2.40,-5.13 
1747830250.21,4,-212.35,-486.94,0.30,1.17,1.38,-212.35,-486.94,0.00,-0.07,-0.22 
1747830250.31,3,-99.97,-473.30,2.15,3.95,0.24,-99.97,-473.30,0.00,2.38,-5.15 
1747830250.31,4,-212.39,-486.92,0.32,1.38,0.44,-212.39,-486.92,0.00,-0.08,-0.20 
1747830250.51,3,-99.51,-474.41,1.82,4.21,0.29,-99.51,-474.41,0.00,2.37,-5.18 
1747830250.51,4,-212.42,-486.93,0.28,1.54,0.57,-212.42,-486.93,0.00,-0.09,-0.19 
1747830250.71,3,-99.03,-475.47,1.80,3.59,0.50,-99.03,-475.47,0.00,2.37,-5.19 
1747830250.71,4,-212.43,-486.97,0.18,1.20,0.22,-212.43,-486.97,0.00,-0.08,-0.19 
1747830251.31,3,-97.77,-478.57,2.06,2.57,0.05,-97.77,-478.57,0.00,2.31,-5.19 
1747830251.51,3,-97.35,-479.68,1.99,3.60,0.24,-97.35,-479.68,0.00,2.30,-5.21 
1747830251.71,3,-96.93,-480.78,1.88,3.47,0.23,-96.93,-480.78,0.00,2.28,-5.24 
1747830252.21,3,-96.17,-483.23,2.20,3.77,1.48,-96.17,-483.23,0.00,2.13,-5.17 
1747830252.31,3,-95.92,-483.85,1.28,4.34,0.38,-95.92,-483.85,0.00,2.14,-5.21 
1747830252.41,3,-95.98,-484.09,1.42,4.89,0.70,-95.98,-484.09,0.00,2.03,-5.10 
1747830252.71,3,-95.37,-485.65,0.66,2.28,0.03,-95.37,-485.65,0.00,2.04,-5.11 
1747830252.81,3,-95.08,-486.28,0.77,2.47,0.26,-95.08,-486.28,0.00,2.07,-5.16 
1747830252.91,3,-94.87,-486.89,0.96,2.57,0.64,-94.87,-486.89,0.00,2.07,-5.20 
1747830253.01,3,-94.65,-487.49,1.18,2.69,0.68,-94.65,-487.49,0.00,2.08,-5.23 
1747830253.01,4,-212.80,-487.24,0.26,1.28,0.25,-212.80,-487.24,0.00,-0.13,-0.15 
1747830253.11,3,-94.44,-487.97,1.27,3.12,0.27,-94.44,-487.97,0.00,2.08,-5.21 
1747830253.11,4,-212.82,-487.28,0.28,1.46,0.16,-212.82,-487.28,0.00,-0.13,-0.16 
1747830253.41,3,-93.79,-489.47,1.45,3.45,0.43,-93.79,-489.47,0.00,2.09,-5.19 
1747830253.41,4,-212.86,-487.30,0.23,1.25,0.43,-212.86,-487.30,0.00,-0.13,-0.15 
1747830253.61,3,-93.32,-490.57,1.79,4.04,0.23,-93.32,-490.57,0.00,2.11,-5.21 
1747830253.61,4,-212.88,-487.35,0.17,1.71,0.28,-212.88,-487.35,0.00,-0.13,-0.16 
1747830253.81,3,-92.86,-491.64,1.72,4.16,0.23,-92.86,-491.64,0.00,2.13,-5.22 
1747830253.81,4,-212.92,-487.37,0.29,1.62,0.34,-212.92,-487.37,0.00,-0.13,-0.16 
1747830253.91,3,-92.67,-492.13,2.89,1.64,1.23,-92.67,-492.13,0.00,2.12,-5.21 
1747830253.91,4,-212.92,-487.48,0.33,1.81,0.02,-212.92,-487.48,0.00,-0.13,-0.19 
1747830254.41,3,-91.92,-494.43,2.96,2.11,0.52,-91.92,-494.43,0.00,1.99,-5.09 
1747830254.41,4,-212.98,-487.54,0.17,1.16,0.29,-212.98,-487.54,0.00,-0.13,-0.18 
1747830254.51,3,-91.79,-494.96,3.06,2.58,0.26,-91.79,-494.96,0.00,1.96,-5.10 
1747830254.51,4,-212.99,-487.59,1.17,0.19,1.48,-212.99,-487.59,0.00,-0.13,-0.19 
1747830254.61,3,-91.53,-495.59,1.40,4.63,0.34,-91.53,-495.59,0.00,1.99,-5.15 
1747830254.61,4,-213.04,-487.57,1.12,0.37,0.56,-213.04,-487.57,0.00,-0.14,-0.18 
1747830255.01,3,-90.69,-497.79,1.68,4.60,0.20,-90.69,-497.79,0.00,2.01,-5.20 
1747830255.01,4,-213.09,-487.64,0.99,0.71,0.56,-213.09,-487.64,0.00,-0.14,-0.18 
1747830255.11,3,-90.43,-498.43,1.56,4.43,0.23,-90.43,-498.43,0.00,2.03,-5.26 
1747830255.11,4,-213.08,-487.63,0.30,1.07,0.20,-213.08,-487.63,0.00,-0.13,-0.17 
1747830255.21,3,-90.22,-499.04,1.35,4.02,0.35,-90.22,-499.04,0.00,2.04,-5.29 
1747830255.21,4,-213.09,-487.63,0.19,1.14,0.10,-213.09,-487.63,0.00,-0.13,-0.16 
1747830255.41,3,-89.81,-500.16,1.42,3.79,0.34,-89.81,-500.16,0.00,2.04,-5.32 
1747830255.41,4,-213.11,-487.66,0.13,1.27,0.08,-213.11,-487.66,0.00,-0.13,-0.16 
1747830255.51,3,-89.62,-500.74,1.24,3.20,0.34,-89.62,-500.74,0.00,2.03,-5.34 
1747830255.51,4,-213.15,-487.69,0.25,1.22,1.14,-213.15,-487.69,0.00,-0.14,-0.17 
1747830255.61,3,-89.41,-501.31,1.26,3.66,0.35,-89.41,-501.31,0.00,2.03,-5.35 
1747830255.61,4,-213.15,-487.74,0.30,1.30,0.68,-213.15,-487.74,0.00,-0.13,-0.18 
1747830256.01,3,-88.59,-503.61,1.75,3.26,0.60,-88.59,-503.61,0.00,2.04,-5.42 
1747830256.01,4,-213.20,-487.78,0.14,1.16,0.10,-213.20,-487.78,0.00,-0.13,-0.17 
1747830256.41,3,-87.82,-505.79,1.49,3.10,0.36,-87.82,-505.79,0.00,2.02,-5.43 
1747830256.51,3,-87.66,-506.33,1.43,3.31,0.37,-87.66,-506.33,0.00,2.00,-5.42 
1747830256.61,3,-87.52,-506.88,1.39,3.11,0.18,-87.52,-506.88,0.00,1.98,-5.43 
1747830256.71,3,-87.39,-507.37,1.66,3.00,0.00,-87.39,-507.37,0.00,1.95,-5.40 
1747830256.81,3,-87.34,-507.84,1.94,3.26,0.20,-87.34,-507.84,0.00,1.89,-5.37 
1747830256.91,3,-87.16,-508.37,1.03,3.22,0.30,-87.16,-508.37,0.00,1.88,-5.37 
1747830257.11,3,-86.94,-509.18,1.25,3.33,1.23,-86.94,-509.18,0.00,1.82,-5.26 
1747830257.31,3,-86.60,-510.21,0.80,2.48,0.09,-86.60,-510.21,0.00,1.80,-5.25 
1747830257.51,3,-86.39,-510.98,0.97,2.54,1.37,-86.39,-510.98,0.00,1.74,-5.13 
1747830257.61,3,-86.19,-511.59,1.05,4.07,0.34,-86.19,-511.59,0.00,1.75,-5.17 
1747830257.81,3,-85.85,-512.63,0.59,2.29,0.09,-85.85,-512.63,0.00,1.75,-5.17 
1747830257.91,3,-85.76,-513.09,0.70,2.40,1.26,-85.76,-513.09,0.00,1.71,-5.15 
1747830258.01,3,-85.58,-513.63,0.48,2.54,0.04,-85.58,-513.63,0.00,1.71,-5.16 
1747830258.31,3,-85.02,-515.28,0.54,2.80,0.47,-85.02,-515.28,0.00,1.73,-5.20 
1747830258.41,3,-84.81,-515.91,0.64,3.03,0.45,-84.81,-515.91,0.00,1.75,-5.25 
1747830258.61,3,-84.43,-517.03,0.74,3.28,0.34,-84.43,-517.03,0.00,1.76,-5.28 
1747830259.11,3,-83.53,-519.75,1.04,3.92,0.34,-83.53,-519.75,0.00,1.77,-5.31 
1747830259.21,3,-83.38,-520.27,0.78,2.48,0.13,-83.38,-520.27,0.00,1.76,-5.30 
1747830259.41,3,-83.01,-521.43,0.87,2.77,0.44,-83.01,-521.43,0.00,1.76,-5.34 
1747830259.51,3,-82.83,-521.88,1.08,2.88,0.92,-82.83,-521.88,0.00,1.77,-5.31 
1747830259.71,3,-82.44,-523.09,1.36,3.43,0.61,-82.44,-523.09,0.00,1.78,-5.37 
1747830259.81,3,-82.25,-523.66,1.11,3.65,0.31,-82.25,-523.66,0.00,1.79,-5.39 
1747830259.81,4,-214.02,-487.37,0.30,1.53,0.25,-214.02,-487.37,0.00,-0.21,0.05 
1747830260.01,3,-81.93,-524.72,0.93,2.58,0.06,-81.93,-524.72,0.00,1.77,-5.38 
1747830260.01,4,-214.06,-487.36,0.37,1.82,0.25,-214.06,-487.36,0.00,-0.21,0.05 
1747830260.21,3,-81.58,-525.85,1.01,2.91,0.38,-81.58,-525.85,0.00,1.77,-5.40 
1747830260.31,3,-81.39,-526.40,1.47,3.31,0.19,-81.39,-526.40,0.00,1.77,-5.40 
1747830260.41,3,-81.19,-527.04,1.07,3.19,0.60,-81.19,-527.04,0.00,1.79,-5.45 
1747830260.71,3,-80.64,-528.66,0.95,3.21,0.36,-80.64,-528.66,0.00,1.79,-5.44 
1747830261.11,3,-79.95,-530.83,1.29,3.29,0.36,-79.95,-530.83,0.00,1.78,-5.44 
1747830261.21,3,-79.74,-531.47,0.63,2.79,0.48,-79.74,-531.47,0.00,1.79,-5.48 
1747830261.31,3,-79.54,-531.99,0.79,2.82,0.36,-79.54,-531.99,0.00,1.80,-5.47 
1747830261.41,3,-79.41,-532.55,0.95,2.90,0.57,-79.41,-532.55,0.00,1.78,-5.47 
1747830261.61,3,-79.08,-533.63,1.22,3.37,0.40,-79.08,-533.63,0.00,1.77,-5.47 
1747830261.91,3,-78.55,-535.27,0.95,3.15,0.40,-78.55,-535.27,0.00,1.77,-5.47 
1747830262.11,3,-78.24,-536.31,1.17,3.74,0.36,-78.24,-536.31,0.00,1.75,-5.44 
1747830262.21,3,-78.03,-536.92,0.59,2.44,0.47,-78.03,-536.92,0.00,1.77,-5.47 
1747830262.31,3,-77.86,-537.51,1.07,2.12,0.65,-77.86,-537.51,0.00,1.76,-5.49 
1747830262.41,3,-77.70,-538.01,0.73,3.71,0.41,-77.70,-538.01,0.00,1.76,-5.47 
1747830262.51,3,-77.60,-538.40,0.89,3.77,0.07,-77.60,-538.40,0.00,1.73,-5.40 
1747830263.01,3,-76.80,-541.03,1.56,3.88,0.33,-76.80,-541.03,0.00,1.70,-5.38 
1747830263.21,3,-76.50,-542.11,1.25,3.03,0.45,-76.50,-542.11,0.00,1.69,-5.38 
1747830263.31,3,-76.36,-542.56,1.67,4.42,0.18,-76.36,-542.56,0.00,1.67,-5.34 
1747830263.41,3,-76.19,-543.18,1.29,2.66,0.60,-76.19,-543.18,0.00,1.68,-5.38 
1747830263.51,3,-76.03,-543.76,1.14,2.45,0.64,-76.03,-543.76,0.00,1.67,-5.40 
1747830263.81,3,-75.84,-545.07,1.22,2.69,1.08,-75.84,-545.07,0.00,1.54,-5.27 
1747830263.91,3,-75.68,-545.59,1.13,3.12,0.28,-75.68,-545.59,0.00,1.55,-5.26 
1747830264.01,3,-75.51,-546.14,0.99,3.37,0.32,-75.51,-546.14,0.00,1.55,-5.27 
1747830264.01,5,-129.78,-583.29,0.51,1.53,0.93,-129.78,-583.29,0.00,-0.22,0.04 
1747830264.11,3,-75.33,-546.75,0.99,2.95,0.65,-75.33,-546.75,0.00,1.56,-5.31 
1747830264.11,5,-129.80,-583.28,0.32,0.78,1.08,-129.80,-583.28,0.00,-0.21,0.04 
1747830264.41,3,-74.83,-548.33,1.08,2.96,0.59,-74.83,-548.33,0.00,1.57,-5.30 
1747830264.61,3,-74.53,-549.26,0.55,3.31,0.06,-74.53,-549.26,0.00,1.57,-5.25 
1747830264.71,3,-74.30,-549.84,0.93,2.91,0.67,-74.30,-549.84,0.00,1.60,-5.27 
1747830264.81,3,-74.08,-550.43,0.80,3.12,0.70,-74.08,-550.43,0.00,1.63,-5.30 
1747830265.11,3,-73.57,-551.99,1.27,3.16,0.42,-73.57,-551.99,0.00,1.63,-5.28 
1747830265.61,3,-72.70,-554.59,1.09,2.83,0.58,-72.70,-554.59,0.00,1.66,-5.27 
1747830266.01,3,-71.94,-556.62,1.76,3.10,0.39,-71.94,-556.62,0.00,1.69,-5.24 
1747830266.41,3,-71.22,-558.65,1.38,3.21,0.40,-71.22,-558.65,0.00,1.71,-5.21 
1747830266.71,3,-70.66,-560.12,1.41,3.30,0.47,-70.66,-560.12,0.00,1.73,-5.17 
1747830266.81,3,-70.45,-560.58,1.33,3.26,0.45,-70.45,-560.58,0.00,1.75,-5.15 
1747830266.91,3,-70.31,-560.91,0.69,3.46,0.10,-70.31,-560.91,0.00,1.73,-5.07 
1747830267.21,3,-69.79,-562.43,0.49,1.66,0.10,-69.79,-562.43,0.00,1.73,-5.07 
1747830267.51,3,-69.20,-563.92,0.57,1.81,0.48,-69.20,-563.92,0.00,1.76,-5.06 
1747830267.61,3,-69.07,-564.30,0.62,2.02,0.18,-69.07,-564.30,0.00,1.74,-5.01 
1747830267.61,5,-130.35,-583.34,0.41,1.37,0.82,-130.35,-583.34,0.00,-0.20,0.02 
1747830267.81,3,-68.64,-565.30,0.72,2.20,0.47,-68.64,-565.30,0.00,1.77,-5.01 
1747830268.21,3,-67.93,-567.30,0.63,2.82,0.47,-67.93,-567.30,0.00,1.77,-5.01 
1747830268.31,3,-67.64,-567.85,0.74,3.55,0.66,-67.64,-567.85,0.00,1.82,-5.03 
1747830268.61,3,-66.97,-569.41,1.09,3.48,0.48,-66.97,-569.41,0.00,1.86,-5.05 
1747830268.71,3,-66.71,-569.93,0.81,3.24,0.65,-66.71,-569.93,0.00,1.90,-5.05 
1747830268.81,3,-66.48,-570.43,0.93,2.99,0.67,-66.48,-570.43,0.00,1.91,-5.05 
1747830269.01,3,-66.00,-571.50,0.81,2.88,0.79,-66.00,-571.50,0.00,1.95,-5.08 
1747830269.11,3,-65.73,-572.03,0.91,2.43,0.66,-65.73,-572.03,0.00,1.98,-5.08 
1747830269.41,3,-65.11,-573.49,1.22,3.55,0.44,-65.11,-573.49,0.00,1.99,-5.06 
1747830269.51,3,-64.97,-573.81,3.51,1.41,1.52,-64.97,-573.81,0.00,1.96,-4.99 
1747830269.51,5,-130.73,-583.38,0.54,1.51,0.56,-130.73,-583.38,0.00,-0.21,0.00 
1747830269.61,3,-64.72,-574.28,1.34,2.80,0.54,-64.72,-574.28,0.00,1.99,-4.97 
1747830269.61,5,-130.77,-583.40,0.96,1.26,0.85,-130.77,-583.40,0.00,-0.22,-0.01 
1747830269.71,3,-64.49,-574.71,1.64,3.61,0.45,-64.49,-574.71,0.00,2.00,-4.95 
1747830269.71,5,-130.79,-583.40,0.43,1.15,0.67,-130.79,-583.40,0.00,-0.22,-0.01 
1747830269.91,3,-64.04,-575.65,1.39,2.96,0.54,-64.04,-575.65,0.00,2.02,-4.93 
1747830269.91,5,-130.83,-583.40,0.36,1.12,0.65,-130.83,-583.40,0.00,-0.21,-0.01 
1747830270.01,3,-63.81,-576.13,0.86,2.88,0.71,-63.81,-576.13,0.00,2.03,-4.92 
1747830270.01,5,-130.84,-583.44,0.42,1.22,0.35,-130.84,-583.44,0.00,-0.21,-0.02 
1747830270.11,3,-63.55,-576.65,0.70,2.61,0.72,-63.55,-576.65,0.00,2.05,-4.93 
1747830270.11,5,-130.88,-583.42,0.50,1.29,0.59,-130.88,-583.42,0.00,-0.21,-0.01 
1747830270.21,3,-63.31,-577.13,0.81,2.77,0.54,-63.31,-577.13,0.00,2.07,-4.93 
1747830270.21,5,-130.89,-583.42,0.40,1.14,0.61,-130.89,-583.42,0.00,-0.21,-0.01 
1747830270.41,3,-62.89,-578.11,0.99,3.24,0.50,-62.89,-578.11,0.00,2.07,-4.92 
1747830270.41,5,-130.93,-583.42,0.44,1.14,0.52,-130.93,-583.42,0.00,-0.21,-0.01 
1747830270.51,3,-62.68,-578.58,0.58,3.07,0.68,-62.68,-578.58,0.00,2.07,-4.91 
1747830270.51,5,-130.96,-583.42,0.44,1.24,0.50,-130.96,-583.42,0.00,-0.21,-0.01 
1747830270.61,3,-62.41,-579.06,0.85,2.87,0.63,-62.41,-579.06,0.00,2.10,-4.91 
1747830270.61,5,-130.99,-583.39,0.52,1.48,0.63,-130.99,-583.39,0.00,-0.22,0.00 
1747830271.01,3,-61.57,-580.98,1.03,2.99,0.59,-61.57,-580.98,0.00,2.10,-4.89 
1747830271.01,5,-131.07,-583.41,0.41,1.12,0.46,-131.07,-583.41,0.00,-0.21,-0.00 
1747830271.11,3,-61.32,-581.48,0.77,2.31,0.63,-61.32,-581.48,0.00,2.11,-4.90 
1747830271.11,5,-131.10,-583.40,0.60,1.44,0.48,-131.10,-583.40,0.00,-0.22,-0.00 
1747830271.31,3,-60.91,-582.39,0.86,2.60,0.47,-60.91,-582.39,0.00,2.11,-4.87 
1747830271.31,5,-131.15,-583.42,0.55,1.32,0.15,-131.15,-583.42,0.00,-0.22,-0.01 
1747830271.71,3,-60.06,-584.24,0.96,2.88,0.51,-60.06,-584.24,0.00,2.11,-4.83 
1747830271.71,5,-131.22,-583.44,0.49,1.33,0.13,-131.22,-583.44,0.00,-0.21,-0.02 
1747830271.91,3,-59.73,-585.01,1.47,3.55,0.07,-59.73,-585.01,0.00,2.07,-4.75 
1747830271.91,5,-131.26,-583.43,0.39,0.95,0.46,-131.26,-583.43,0.00,-0.21,-0.01 
1747830272.01,3,-59.53,-585.49,0.59,1.43,0.07,-59.53,-585.49,0.00,2.07,-4.75 
1747830272.01,5,-131.28,-583.47,0.44,1.07,0.26,-131.28,-583.47,0.00,-0.21,-0.03 
1747830272.31,3,-58.86,-586.86,0.65,1.65,0.49,-58.86,-586.86,0.00,2.09,-4.73 
1747830272.31,5,-131.35,-583.49,0.58,1.09,0.28,-131.35,-583.49,0.00,-0.22,-0.03 
1747830272.41,5,-131.36,-583.53,0.42,1.35,0.19,-131.36,-583.53,0.00,-0.21,-0.05 
1747830272.51,3,-58.46,-587.70,0.73,1.86,0.44,-58.46,-587.70,0.00,2.08,-4.69 
1747830272.51,5,-131.39,-583.53,0.40,0.86,0.31,-131.39,-583.53,0.00,-0.21,-0.05 
1747830272.81,3,-57.81,-589.06,0.82,2.08,0.49,-57.81,-589.06,0.00,2.09,-4.67 
1747830272.81,5,-131.44,-583.58,0.46,1.44,0.17,-131.44,-583.58,0.00,-0.21,-0.06 
1747830273.11,3,-57.18,-590.42,0.94,3.40,0.53,-57.18,-590.42,0.00,2.10,-4.65 
1747830273.11,5,-131.51,-583.60,0.59,1.29,0.26,-131.51,-583.60,0.00,-0.21,-0.06 
1747830273.31,3,-56.75,-591.29,1.55,3.60,0.44,-56.75,-591.29,0.00,2.10,-4.63 
1747830273.31,5,-131.54,-583.61,0.39,0.80,0.06,-131.54,-583.61,0.00,-0.21,-0.06 
1747830273.41,3,-56.60,-591.64,0.47,2.68,0.51,-56.60,-591.64,0.00,2.07,-4.58 
1747830273.41,5,-131.56,-583.64,0.44,1.12,0.07,-131.56,-583.64,0.00,-0.20,-0.07 
1747830273.61,3,-56.18,-592.55,0.58,2.77,0.52,-56.18,-592.55,0.00,2.08,-4.58 
1747830273.61,5,-131.59,-583.67,0.47,1.24,0.07,-131.59,-583.67,0.00,-0.20,-0.08 
1747830273.71,3,-56.00,-593.02,0.72,2.81,0.73,-56.00,-593.02,0.00,2.07,-4.59 
1747830273.71,5,-131.60,-583.68,0.98,0.45,1.55,-131.60,-583.68,0.00,-0.20,-0.08 
1747830273.81,3,-55.78,-593.46,1.11,3.26,0.47,-55.78,-593.46,0.00,2.07,-4.58 
1747830273.81,5,-131.61,-583.72,0.36,1.42,0.41,-131.61,-583.72,0.00,-0.19,-0.09 
1747830273.91,3,-55.58,-593.89,1.03,3.40,0.50,-55.58,-593.89,0.00,2.07,-4.57 
1747830273.91,5,-131.63,-583.72,0.57,1.37,0.43,-131.63,-583.72,0.00,-0.20,-0.09 
1747830274.01,3,-55.36,-594.35,0.82,3.45,0.51,-55.36,-594.35,0.00,2.07,-4.57 
1747830274.01,5,-131.66,-583.76,0.58,1.51,0.09,-131.66,-583.76,0.00,-0.20,-0.10 
1747830274.11,3,-55.23,-594.72,1.52,2.83,0.15,-55.23,-594.72,0.00,2.04,-4.53 
1747830274.11,5,-131.68,-583.76,0.41,1.23,0.05,-131.68,-583.76,0.00,-0.20,-0.10 
1747830274.21,3,-55.10,-595.13,1.45,2.18,0.13,-55.10,-595.13,0.00,2.01,-4.51 
1747830274.21,5,-131.70,-583.78,0.38,1.37,0.01,-131.70,-583.78,0.00,-0.20,-0.10 
1747830274.31,3,-54.96,-595.52,1.34,2.41,0.15,-54.96,-595.52,0.00,1.99,-4.49 
1747830274.31,5,-131.71,-583.79,0.53,0.90,0.23,-131.71,-583.79,0.00,-0.19,-0.10 
1747830274.41,3,-54.75,-595.99,0.97,3.24,0.59,-54.75,-595.99,0.00,1.99,-4.50 
1747830274.41,5,-131.73,-583.83,0.73,0.89,1.17,-131.73,-583.83,0.00,-0.20,-0.11 
1747830274.51,3,-54.60,-596.39,0.53,2.43,0.47,-54.60,-596.39,0.00,1.97,-4.47 
1747830274.51,5,-131.76,-583.84,0.34,1.07,0.38,-131.76,-583.84,0.00,-0.20,-0.11 
1747830274.61,3,-54.38,-596.85,0.62,2.62,0.51,-54.38,-596.85,0.00,1.98,-4.48 
1747830274.61,5,-131.77,-583.87,1.54,0.43,1.51,-131.77,-583.87,0.00,-0.19,-0.12 
1747830274.81,3,-54.03,-597.69,1.17,2.57,0.15,-54.03,-597.69,0.00,1.96,-4.46 
1747830274.81,5,-131.80,-583.89,0.46,1.01,0.02,-131.80,-583.89,0.00,-0.19,-0.12 
1747830274.91,3,-53.83,-598.14,1.58,3.24,0.44,-53.83,-598.14,0.00,1.96,-4.46 
1747830274.91,5,-131.82,-583.89,1.34,0.47,1.47,-131.82,-583.89,0.00,-0.19,-0.11 
1747830275.01,3,-53.66,-598.54,0.61,2.13,0.50,-53.66,-598.54,0.00,1.95,-4.44 
1747830275.01,5,-131.83,-583.91,0.52,1.10,0.09,-131.83,-583.91,0.00,-0.19,-0.12 
1747830275.11,3,-53.51,-598.94,1.00,2.32,0.24,-53.51,-598.94,0.00,1.93,-4.42 
1747830275.11,5,-131.86,-583.91,0.46,1.04,0.12,-131.86,-583.91,0.00,-0.19,-0.11 
1747830275.31,3,-53.15,-599.79,0.68,2.05,0.46,-53.15,-599.79,0.00,1.92,-4.41 
1747830275.31,5,-131.90,-583.93,1.17,0.46,1.39,-131.90,-583.93,0.00,-0.19,-0.11 
1747830275.51,3,-52.81,-600.62,0.78,2.19,0.13,-52.81,-600.62,0.00,1.90,-4.39 
1747830275.51,5,-131.94,-583.95,1.05,0.56,1.37,-131.94,-583.95,0.00,-0.19,-0.11 
1747830275.61,3,-52.65,-601.03,0.96,2.29,0.16,-52.65,-601.03,0.00,1.89,-4.37 
1747830275.61,5,-131.96,-583.98,1.38,0.31,1.45,-131.96,-583.98,0.00,-0.19,-0.12 
1747830275.71,3,-52.50,-601.44,1.06,2.04,0.15,-52.50,-601.44,0.00,1.87,-4.36 
1747830275.71,5,-131.98,-583.99,1.29,0.46,1.42,-131.98,-583.99,0.00,-0.20,-0.12 
1747830275.81,3,-52.34,-601.88,0.94,1.42,0.24,-52.34,-601.88,0.00,1.86,-4.36 
1747830275.81,5,-132.00,-584.01,1.23,0.51,1.35,-132.00,-584.01,0.00,-0.19,-0.12 
1747830275.91,3,-52.19,-602.30,1.10,1.94,0.15,-52.19,-602.30,0.00,1.85,-4.36 
1747830275.91,5,-132.02,-584.02,1.17,0.53,1.35,-132.02,-584.02,0.00,-0.19,-0.12 
1747830276.21,3,-51.59,-603.68,0.86,4.37,0.54,-51.59,-603.68,0.00,1.87,-4.39 
1747830276.21,5,-132.08,-584.08,1.28,0.48,1.18,-132.08,-584.08,0.00,-0.19,-0.13 
1747830276.31,3,-51.40,-604.11,0.78,3.07,0.54,-51.40,-604.11,0.00,1.87,-4.39 
1747830276.31,5,-132.10,-584.08,1.19,0.35,1.34,-132.10,-584.08,0.00,-0.19,-0.13 
1747830276.41,3,-51.17,-604.63,0.82,4.51,0.51,-51.17,-604.63,0.00,1.88,-4.42 
1747830276.41,5,-132.10,-584.10,0.52,0.99,0.02,-132.10,-584.10,0.00,-0.19,-0.13 
1747830276.61,3,-50.82,-605.52,0.66,1.35,0.43,-50.82,-605.52,0.00,1.87,-4.42 
1747830276.61,5,-132.13,-584.14,1.03,0.43,1.27,-132.13,-584.14,0.00,-0.18,-0.13 
1747830276.91,3,-50.28,-606.84,0.42,1.54,0.39,-50.28,-606.84,0.00,1.87,-4.42 
1747830276.91,5,-132.19,-584.18,1.02,0.27,1.45,-132.19,-584.18,0.00,-0.19,-0.13 
1747830277.11,3,-49.82,-607.79,0.48,1.65,0.42,-49.82,-607.79,0.00,1.90,-4.44 
1747830277.11,5,-132.22,-584.25,1.12,0.31,1.28,-132.22,-584.25,0.00,-0.18,-0.15 
1747830277.31,3,-49.48,-608.70,0.59,1.71,0.16,-49.48,-608.70,0.00,1.89,-4.45 
1747830277.31,5,-132.24,-584.28,1.04,0.34,1.27,-132.24,-584.28,0.00,-0.18,-0.15 
1747830277.51,3,-49.14,-609.56,0.95,2.11,0.15,-49.14,-609.56,0.00,1.87,-4.44 
1747830277.51,5,-132.27,-584.29,1.08,0.21,1.33,-132.27,-584.29,0.00,-0.18,-0.14 
1747830277.71,3,-48.77,-610.41,0.82,1.95,0.42,-48.77,-610.41,0.00,1.87,-4.43 
1747830277.71,5,-132.31,-584.31,0.73,0.28,1.45,-132.31,-584.31,0.00,-0.18,-0.14 
1747830277.81,3,-48.60,-610.85,1.70,0.85,1.56,-48.60,-610.85,0.00,1.86,-4.42 
1747830277.81,5,-132.32,-584.35,0.17,0.93,0.03,-132.32,-584.35,0.00,-0.17,-0.15 
1747830278.01,3,-48.24,-611.74,0.69,1.64,0.19,-48.24,-611.74,0.00,1.86,-4.43 
1747830278.01,5,-132.35,-584.37,0.76,0.23,1.10,-132.35,-584.37,0.00,-0.17,-0.15 
1747830278.11,3,-48.04,-612.18,0.71,1.51,0.46,-48.04,-612.18,0.00,1.86,-4.43 
1747830278.11,5,-132.38,-584.40,1.03,0.16,1.38,-132.38,-584.40,0.00,-0.18,-0.15 
1747830278.61,3,-47.12,-614.41,0.58,1.80,0.18,-47.12,-614.41,0.00,1.86,-4.43 
1747830278.61,5,-132.47,-584.48,0.98,0.20,1.03,-132.47,-584.48,0.00,-0.18,-0.15 
1747830278.81,3,-46.65,-615.41,0.63,2.11,0.53,-46.65,-615.41,0.00,1.90,-4.48 
1747830278.81,5,-132.50,-584.51,0.93,0.25,1.43,-132.50,-584.51,0.00,-0.18,-0.15 
1747830279.51,3,-45.33,-618.55,0.57,1.34,0.19,-45.33,-618.55,0.00,1.89,-4.48 
1747830279.51,5,-132.64,-584.63,0.80,0.17,1.18,-132.64,-584.63,0.00,-0.18,-0.16 
1747830279.61,3,-45.02,-619.12,0.62,1.51,0.60,-45.02,-619.12,0.00,1.94,-4.53 
1747830279.61,5,-132.64,-584.65,0.75,0.21,1.07,-132.64,-584.65,0.00,-0.17,-0.16 
1747830279.71,3,-44.85,-619.53,0.63,2.22,0.19,-44.85,-619.53,0.00,1.93,-4.51 
1747830279.71,5,-132.66,-584.66,0.71,0.33,1.27,-132.66,-584.66,0.00,-0.18,-0.16 
