12,0,9.050,-730.530,2.620,4.150,0.680,-4.028,-717.752,0.000,-1.310,1.280
13,0,8.470,-728.480,2.560,3.990,0.760,-1.312,-710.831,0.000,-0.970,1.750
14,0,7.460,-725.910,1.810,4.190,0.740,-2.122,-705.249,0.000,-0.960,2.070
15,0,6.520,-723.850,1.430,2.560,0.690,-2.764,-703.485,0.000,-0.930,2.040
16,0,5.510,-721.580,0.820,1.860,0.590,-4.273,-700.017,0.000,-0.980,2.160
17,0,3.960,-719.450,1.170,1.750,0.450,-8.918,-697.987,0.000,-1.290,2.150
18,0,2.390,-716.740,1.250,1.850,0.480,-12.084,-692.184,0.000,-1.450,2.460
19,0,0.730,-713.690,1.210,1.780,0.470,-14.642,-686.439,0.000,-1.540,2.730
20,0,-1.250,-710.640,1.200,2.060,1.180,-19.316,-681.995,0.000,-1.810,2.870
21,0,-3.610,-707.470,0.540,2.000,0.730,-24.572,-677.324,0.000,-2.100,3.020
22,0,-6.070,-703.970,0.890,3.940,0.590,-29.131,-671.026,0.000,-2.310,3.300
23,0,-8.480,-700.760,1.140,3.350,0.650,-32.038,-668.418,0.000,-2.360,3.240
24,0,-10.780,-697.770,0.730,2.240,0.730,-35.778,-664.506,0.000,-2.480,3.300
25,0,-13.500,-694.150,1.510,3.220,0.680,-39.817,-659.162,0.000,-2.610,3.470
26,0,-16.770,-689.980,1.100,3.290,0.610,-45.013,-653.453,0.000,-2.830,3.660
27,0,-19.770,-685.950,1.130,3.790,0.800,-49.017,-647.320,0.000,-2.930,3.870
28,0,-23.190,-682.050,1.610,4.460,0.790,-55.319,-643.136,0.000,-3.220,3.900
29,0,-25.890,-678.850,1.220,2.880,0.680,-55.146,-643.703,0.000,-2.930,3.520
30,0,-29.750,-674.030,1.110,4.470,0.630,-63.692,-632.002,0.000,-3.400,4.210
31,0,-33.140,-669.770,1.050,3.400,0.700,-67.079,-627.546,0.000,-3.400,4.230
32,0,-36.150,-665.930,1.710,3.950,0.580,-67.684,-626.014,0.000,-3.160,4.000
33,0,-39.180,-661.900,1.350,3.720,0.650,-68.239,-624.242,0.000,-2.940,3.810
34,0,-41.610,-658.810,1.560,3.560,0.540,-69.671,-622.561,0.000,-2.810,3.630
35,0,-43.230,-656.820,1.260,3.550,0.760,-65.991,-627.670,0.000,-2.280,2.920
36,0,-46.470,-652.840,1.460,3.990,0.690,-77.627,-613.945,0.000,-3.060,3.820
37,0,-49.740,-648.870,1.390,3.580,0.850,-80.291,-611.563,0.000,-3.030,3.700
38,0,-52.490,-645.490,0.960,3.150,0.780,-81.134,-610.189,0.000,-2.840,3.500
39,0,-55.630,-641.600,1.050,3.210,0.740,-83.782,-606.659,0.000,-2.820,3.500
40,0,-58.190,-638.250,1.150,2.420,0.770,-86.523,-601.951,0.000,-2.810,3.600
41,0,-61.400,-633.930,1.580,4.510,0.530,-92.260,-593.287,0.000,-3.060,4.030
42,0,-65.560,-628.380,1.290,2.940,0.610,-98.075,-585.191,0.000,-3.290,4.370
43,0,-69.020,-623.920,1.090,2.230,0.680,-104.663,-577.395,0.000,-3.570,4.660
44,0,-72.770,-619.240,1.240,3.970,0.850,-111.791,-569.632,0.000,-3.870,4.920
45,0,-77.890,-613.060,1.520,3.950,0.640,-118.431,-563.126,0.000,-4.100,5.050
46,0,-81.500,-608.750,1.460,3.590,0.680,-122.043,-559.519,0.000,-4.060,4.930
47,0,-85.850,-603.290,1.110,3.270,0.660,-125.402,-554.443,0.000,-4.000,4.940
48,0,-88.990,-599.240,0.800,3.820,0.820,-126.929,-551.516,0.000,-3.800,4.780
49,0,-92.790,-594.610,0.980,3.520,0.800,-130.548,-547.762,0.000,-3.780,4.690
50,0,-95.620,-590.520,1.020,2.350,0.610,-127.955,-547.207,0.000,-3.240,4.340
51,0,-98.920,-586.000,1.360,3.200,0.630,-131.481,-541.653,0.000,-3.260,4.440
52,0,-102.010,-581.620,1.330,3.670,0.600,-133.563,-537.886,0.000,-3.160,4.380
53,0,-103.570,-579.550,1.330,3.940,0.850,-126.566,-548.687,0.000,-2.280,3.060
54,0,-106.930,-574.370,1.550,3.130,0.670,-134.181,-533.943,0.000,-2.730,4.050
55,0,-110.320,-569.450,1.320,3.410,0.580,-140.677,-525.012,0.000,-3.040,4.450
56,0,-113.240,-565.060,1.080,3.730,0.670,-142.892,-520.931,0.000,-2.970,4.420
57,0,-115.660,-561.400,1.770,3.590,0.760,-144.411,-518.728,0.000,-2.850,4.230
58,0,-118.320,-557.250,1.460,3.540,0.510,-146.152,-514.998,0.000,-2.760,4.190
59,0,-120.920,-552.960,1.470,3.570,0.540,-147.847,-509.998,0.000,-2.670,4.260
60,0,-123.580,-547.940,1.570,2.760,0.410,-146.807,-506.625,0.000,-2.350,4.180
61,0,-125.560,-543.630,1.710,3.410,0.510,-147.917,-499.015,0.000,-2.240,4.470
62,0,-127.310,-538.830,2.060,3.570,0.340,-147.074,-492.414,0.000,-1.980,4.650
63,0,-128.600,-533.760,1.870,3.890,0.160,-144.578,-484.629,0.000,-1.600,4.920
64,0,-129.880,-528.580,1.360,3.570,0.240,-144.157,-478.061,0.000,-1.430,5.060
65,0,-130.930,-524.210,1.700,5.250,0.230,-143.483,-477.755,0.000,-1.270,4.700
66,0,-132.460,-518.870,1.500,3.690,0.150,-147.136,-465.855,0.000,-1.470,5.310
67,0,-133.470,-514.460,2.150,5.180,0.160,-145.749,-462.748,0.000,-1.230,5.180
68,0,-134.210,-508.260,1.540,3.310,0.110,-143.692,-451.368,0.000,-0.950,5.700
69,0,-134.740,-503.910,1.530,3.830,0.190,-143.102,-447.107,0.000,-0.820,5.570
70,0,-135.360,-499.770,1.850,7.200,0.120,-141.949,-452.351,0.000,-0.660,4.750
71,0,-135.860,-492.750,1.540,3.340,0.080,-141.651,-434.238,0.000,-0.580,5.860
73,0,-136.530,-483.200,1.730,3.580,0.140,-140.603,-428.619,0.000,-0.400,5.360
75,0,-137.410,-471.520,1.230,3.330,0.090,-140.804,-417.412,0.000,-0.340,5.420
76,0,-137.750,-466.210,1.760,3.010,0.010,-140.745,-413.001,0.000,-0.300,5.330
77,0,-137.920,-462.050,1.140,2.560,0.170,-140.262,-408.493,0.000,-0.230,5.260
78,0,-138.150,-455.300,1.250,3.310,0.110,-140.246,-400.693,0.000,-0.210,5.470
79,0,-138.140,-450.270,3.190,1.560,1.510,-139.248,-394.544,0.000,-0.110,5.530
80,0,-137.790,-444.600,1.690,3.470,0.050,-136.592,-391.606,0.000,0.120,5.310
81,0,-137.700,-439.410,1.350,3.400,1.470,-137.001,-387.199,0.000,0.070,5.230
82,0,-136.980,-434.110,2.010,3.850,0.150,-132.928,-384.799,0.000,0.410,4.990
83,0,-136.480,-429.860,1.570,3.670,0.020,-131.687,-381.433,0.000,0.480,4.850
84,0,-135.990,-424.810,3.860,0.980,1.540,-131.444,-378.365,0.000,0.460,4.700
