1747830520.81,0,9.22,-730.55,1.83,4.07,0.62,9.22,-730.55,0.00,-1.11,1.93 
1747830521.01,0,9.00,-730.07,1.81,3.92,0.68,9.00,-730.07,0.00,-1.11,2.07 
1747830521.11,0,8.87,-729.71,1.98,4.94,0.68,8.87,-729.71,0.00,-1.15,2.34 
1747830521.21,0,8.85,-729.41,2.03,4.61,0.65,8.85,-729.41,0.00,-0.98,2.47 
1747830521.31,0,8.86,-729.31,2.09,4.04,1.21,8.86,-729.31,0.00,-0.76,2.19 
1747830521.41,0,8.90,-729.01,2.21,4.62,0.71,8.90,-729.01,0.00,-0.55,2.35 
1747830521.51,0,8.95,-728.71,2.16,4.70,0.76,8.95,-728.71,0.00,-0.36,2.46 
1747830521.61,0,8.96,-728.65,2.48,3.77,1.25,8.96,-728.65,0.00,-0.28,2.13 
1747830521.71,0,9.02,-728.43,1.97,3.90,0.60,9.02,-728.43,0.00,-0.12,2.13 
1747830521.81,0,8.89,-728.17,1.97,5.05,0.69,8.89,-728.17,0.00,-0.32,2.22 
1747830522.01,0,8.65,-727.70,2.08,4.94,0.67,8.65,-727.70,0.00,-0.60,2.27 
1747830522.41,0,8.21,-726.88,1.97,3.09,0.62,8.21,-726.88,0.00,-0.83,2.17 
1747830522.71,0,7.68,-726.30,2.00,4.56,0.85,7.68,-726.30,0.00,-1.27,2.06 
1747830523.01,0,7.53,-725.94,1.75,4.05,0.74,7.53,-725.94,0.00,-0.91,1.66 
1747830523.21,0,7.04,-725.40,1.23,2.78,1.24,7.04,-725.40,0.00,-1.44,2.02 
1747830523.51,0,7.07,-724.83,1.39,3.05,0.65,7.07,-724.83,0.00,-0.74,1.96 
1747830523.61,0,6.94,-724.83,2.33,3.39,1.29,6.94,-724.83,0.00,-0.85,1.61 
1747830523.71,0,6.79,-724.71,1.97,3.68,1.23,6.79,-724.71,0.00,-0.96,1.54 
1747830523.81,0,6.69,-724.31,1.36,2.17,0.63,6.69,-724.31,0.00,-0.97,2.04 
1747830524.01,0,6.57,-723.94,1.44,2.54,0.69,6.57,-723.94,0.00,-0.84,1.97 
1747830524.31,0,6.08,-723.34,1.54,2.99,0.85,6.08,-723.34,0.00,-1.18,1.98 
1747830525.01,0,5.43,-721.53,0.91,1.68,0.59,5.43,-721.53,0.00,-1.07,2.26 
1747830525.11,0,5.21,-721.39,1.19,1.60,1.11,5.21,-721.39,0.00,-1.30,2.06 
1747830525.31,0,4.75,-721.04,1.28,1.75,1.17,4.75,-721.04,0.00,-1.82,1.92 
1747830525.41,0,4.64,-720.77,0.99,1.51,0.50,4.64,-720.77,0.00,-1.64,2.10 
1747830525.51,0,4.43,-720.52,1.07,1.65,0.46,4.43,-720.52,0.00,-1.76,2.21 
1747830525.61,0,4.28,-720.28,1.05,1.46,0.55,4.28,-720.28,0.00,-1.71,2.26 
1747830526.01,0,3.74,-719.37,1.10,1.57,0.45,3.74,-719.37,0.00,-1.52,2.25 
1747830526.11,0,3.53,-719.17,1.19,1.76,1.16,3.53,-719.17,0.00,-1.63,2.21 
1747830526.21,0,3.30,-718.58,1.16,2.34,0.50,3.30,-718.58,0.00,-1.77,2.97 
1747830526.41,0,3.06,-718.25,1.26,1.97,1.00,3.06,-718.25,0.00,-1.53,2.47 
1747830526.51,0,2.97,-718.07,1.15,1.80,1.09,2.97,-718.07,0.00,-1.42,2.33 
1747830526.61,0,2.90,-717.81,1.16,1.67,0.49,2.90,-717.81,0.00,-1.27,2.38 
1747830526.71,0,2.82,-717.52,0.98,1.65,0.50,2.82,-717.52,0.00,-1.19,2.48 
1747830526.91,0,2.60,-716.94,1.02,1.77,0.47,2.60,-716.94,0.00,-1.15,2.63 
1747830527.01,0,2.47,-716.65,1.05,1.77,0.48,2.47,-716.65,0.00,-1.18,2.67 
1747830527.61,0,1.54,-714.94,1.01,1.65,0.49,1.54,-714.94,0.00,-1.33,2.75 
1747830527.71,0,1.32,-714.60,0.84,1.72,0.49,1.32,-714.60,0.00,-1.48,2.87 
1747830528.01,0,0.83,-713.73,1.10,1.66,0.47,0.83,-713.73,0.00,-1.57,2.89 
1747830528.31,0,-0.10,-712.35,0.76,3.78,0.63,-0.10,-712.35,0.00,-2.32,3.71 
1747830528.51,0,-0.39,-711.92,0.79,2.02,0.59,-0.39,-711.92,0.00,-2.02,3.18 
1747830528.61,0,-0.68,-711.39,0.86,2.31,0.59,-0.68,-711.39,0.00,-2.19,3.57 
1747830528.81,0,-1.01,-710.97,0.93,2.15,0.63,-1.01,-710.97,0.00,-2.00,3.04 
1747830529.01,0,-1.46,-710.57,1.16,1.70,1.18,-1.46,-710.57,0.00,-2.09,2.69 
1747830529.11,0,-1.73,-710.30,0.78,1.86,1.05,-1.73,-710.30,0.00,-2.20,2.70 
1747830529.41,0,-2.31,-709.44,0.72,1.63,0.82,-2.31,-709.44,0.00,-2.08,2.77 
1747830529.51,0,-2.50,-709.08,1.07,1.79,0.62,-2.50,-709.08,0.00,-2.04,2.91 
1747830529.61,0,-2.92,-708.54,1.04,2.38,0.65,-2.92,-708.54,0.00,-2.47,3.40 
1747830529.71,0,-3.07,-708.34,0.74,2.39,0.64,-3.07,-708.34,0.00,-2.26,3.11 
1747830529.81,0,-3.46,-707.92,0.85,2.63,0.68,-3.46,-707.92,0.00,-2.59,3.33 
1747830529.91,0,-3.52,-707.73,1.19,2.40,0.57,-3.52,-707.73,0.00,-2.20,3.04 
1747830530.01,0,-3.67,-707.47,0.63,2.06,0.73,-3.67,-707.47,0.00,-2.06,2.96 
1747830530.11,0,-3.81,-707.17,0.86,1.76,0.70,-3.81,-707.17,0.00,-1.95,2.97 
1747830530.21,0,-4.13,-706.68,0.87,2.25,0.56,-4.13,-706.68,0.00,-2.17,3.32 
1747830530.31,0,-4.30,-706.44,0.69,1.98,0.72,-4.30,-706.44,0.00,-2.10,3.17 
1747830530.51,0,-4.88,-705.55,0.74,2.34,0.57,-4.88,-705.55,0.00,-2.36,3.58 
1747830530.61,0,-5.20,-705.14,0.80,2.65,0.63,-5.20,-705.14,0.00,-2.49,3.67 
1747830530.71,0,-5.52,-704.73,0.85,3.59,0.62,-5.52,-704.73,0.00,-2.63,3.75 
1747830530.81,0,-5.78,-704.38,0.84,3.37,0.69,-5.78,-704.38,0.00,-2.61,3.71 
1747830530.91,0,-6.03,-704.01,0.93,3.48,0.71,-6.03,-704.01,0.00,-2.60,3.69 
1747830531.01,0,-6.28,-703.69,0.85,3.56,0.59,-6.28,-703.69,0.00,-2.59,3.61 
1747830531.11,0,-6.57,-703.31,0.87,3.24,0.64,-6.57,-703.31,0.00,-2.65,3.63 
1747830531.21,0,-6.80,-703.01,0.71,3.72,0.59,-6.80,-703.01,0.00,-2.58,3.53 
1747830531.31,0,-7.03,-702.69,0.75,3.53,0.69,-7.03,-702.69,0.00,-2.53,3.46 
1747830531.51,0,-7.30,-702.29,0.72,2.80,0.73,-7.30,-702.29,0.00,-2.14,3.00 
1747830531.61,0,-7.54,-701.98,0.86,3.19,0.66,-7.54,-701.98,0.00,-2.20,3.01 
1747830531.71,0,-7.70,-701.85,0.97,2.09,1.00,-7.70,-701.85,0.00,-2.09,2.71 
1747830531.81,0,-7.99,-701.45,0.94,3.89,0.64,-7.99,-701.45,0.00,-2.23,2.95 
1747830531.91,0,-8.35,-701.08,1.26,3.76,0.68,-8.35,-701.08,0.00,-2.49,3.08 
1747830532.01,0,-8.63,-700.75,0.91,3.15,0.65,-8.63,-700.75,0.00,-2.55,3.12 
1747830532.11,0,-8.95,-700.39,1.10,3.54,0.66,-8.95,-700.39,0.00,-2.67,3.21 
1747830532.61,0,-10.12,-698.68,1.33,3.10,0.63,-10.12,-698.68,0.00,-2.53,3.29 
1747830532.71,0,-10.20,-698.44,0.51,1.88,1.08,-10.20,-698.44,0.00,-2.23,3.14 
1747830532.81,0,-10.55,-698.01,0.57,2.13,0.58,-10.55,-698.01,0.00,-2.53,3.40 
1747830533.01,0,-11.20,-697.26,0.65,2.34,0.67,-11.20,-697.26,0.00,-2.84,3.55 
1747830533.21,0,-11.78,-696.43,0.79,2.49,0.80,-11.78,-696.43,0.00,-2.85,3.78 
1747830533.31,0,-12.07,-696.03,0.92,2.67,0.82,-12.07,-696.03,0.00,-2.85,3.82 
1747830533.41,0,-12.36,-695.62,1.06,2.85,0.75,-12.36,-695.62,0.00,-2.87,3.87 
1747830534.21,0,-14.70,-692.76,1.60,3.54,0.58,-14.70,-692.76,0.00,-2.89,3.78 
1747830534.31,0,-14.94,-692.50,1.56,3.36,0.60,-14.94,-692.50,0.00,-2.76,3.49 
1747830534.41,0,-15.16,-692.25,1.50,3.42,0.56,-15.16,-692.25,0.00,-2.60,3.18 
1747830534.51,0,-15.43,-691.77,1.70,3.54,0.81,-15.43,-691.77,0.00,-2.62,3.69 
1747830534.61,0,-13.26,-694.91,1.79,3.76,0.90,-13.26,-694.91,0.00,4.24,-6.24 
1747830534.71,0,-14.28,-693.40,1.91,4.51,0.78,-14.28,-693.40,0.00,0.63,-0.90 
1747830534.81,0,-15.10,-692.30,1.79,7.26,0.68,-15.10,-692.30,0.00,-1.36,1.80 
1747830534.91,0,-15.86,-691.34,1.33,6.37,0.63,-15.86,-691.34,0.00,-2.65,3.41 
1747830535.01,0,-16.44,-690.53,1.04,5.00,0.61,-16.44,-690.53,0.00,-3.27,4.31 
1747830535.11,0,-16.90,-689.79,1.96,4.64,0.76,-16.90,-689.79,0.00,-3.50,4.88 
1747830535.21,0,-17.26,-689.21,1.63,3.64,0.73,-17.26,-689.21,0.00,-3.53,5.05 
1747830535.31,0,-17.65,-688.67,1.29,3.43,0.69,-17.65,-688.67,0.00,-3.59,5.10 
1747830535.41,0,-18.03,-688.17,1.35,3.33,0.70,-18.03,-688.17,0.00,-3.63,5.10 
1747830535.51,0,-18.40,-687.74,1.62,3.50,0.74,-18.40,-687.74,0.00,-3.63,4.96 
1747830535.61,0,-18.71,-687.31,1.72,3.77,0.66,-18.71,-687.31,0.00,-3.55,4.83 
1747830535.71,0,-19.08,-686.87,1.73,3.65,0.53,-19.08,-686.87,0.00,-3.57,4.76 
1747830535.81,0,-19.31,-686.44,1.42,3.89,0.61,-19.31,-686.44,0.00,-3.35,4.69 
1747830535.91,0,-19.63,-686.05,1.80,3.69,0.57,-19.63,-686.05,0.00,-3.32,4.54 
1747830536.01,0,-19.95,-685.58,1.00,3.38,0.79,-19.95,-685.58,0.00,-3.30,4.57 
1747830536.11,0,-18.73,-687.46,1.05,3.50,0.85,-18.73,-687.46,0.00,-0.54,0.42 
1747830536.21,0,-19.23,-686.80,1.21,3.84,0.90,-19.23,-686.80,0.00,-1.33,1.51 
1747830536.61,0,-20.60,-684.82,1.22,3.85,0.63,-20.60,-684.82,0.00,-2.21,2.95 
1747830536.81,0,-21.86,-683.21,1.13,5.47,0.66,-21.86,-683.21,0.00,-3.63,4.73 
1747830537.01,0,-23.07,-682.03,1.63,4.11,0.78,-23.07,-682.03,0.00,-4.50,5.15 
1747830537.11,0,-23.69,-681.48,1.61,3.52,0.76,-23.69,-681.48,0.00,-4.84,5.22 
1747830537.21,0,-24.16,-680.91,1.01,3.49,0.70,-24.16,-680.91,0.00,-4.80,5.30 
1747830537.31,0,-24.69,-680.46,1.55,3.39,0.74,-24.69,-680.46,0.00,-4.91,5.15 
1747830537.41,0,-25.22,-680.03,1.71,3.43,0.81,-25.22,-680.03,0.00,-4.97,5.00 
1747830537.61,0,-23.04,-682.38,1.78,3.70,0.88,-23.04,-682.38,0.00,0.36,-0.63 
1747830537.71,0,-21.55,-683.92,1.88,4.02,0.89,-21.55,-683.92,0.00,2.92,-3.25 
1747830537.81,0,-23.15,-682.13,1.74,6.05,0.74,-23.15,-682.13,0.00,-0.52,0.61 
1747830537.91,0,-24.41,-680.65,1.35,10.29,0.73,-24.41,-680.65,0.00,-2.76,3.22 
1747830538.01,0,-25.19,-679.63,1.11,4.97,0.68,-25.19,-679.63,0.00,-3.67,4.51 
1747830538.11,0,-26.05,-678.48,0.98,6.87,0.62,-26.05,-678.48,0.00,-4.58,5.78 
1747830538.21,0,-26.82,-677.58,1.73,5.29,0.75,-26.82,-677.58,0.00,-5.14,6.36 
1747830538.71,0,-28.83,-674.92,1.21,3.08,0.52,-28.83,-674.92,0.00,-4.69,5.95 
1747830538.81,0,-29.00,-674.71,1.00,2.61,0.60,-29.00,-674.71,0.00,-4.17,5.29 
1747830538.91,0,-29.52,-674.05,0.96,3.74,0.62,-29.52,-674.05,0.00,-4.42,5.57 
1747830539.01,0,-29.96,-673.53,0.92,3.60,0.63,-29.96,-673.53,0.00,-4.40,5.49 
1747830539.11,0,-30.34,-673.26,1.24,3.04,0.94,-30.34,-673.26,0.00,-4.26,4.85 
1747830539.21,0,-30.68,-672.80,1.06,3.61,0.76,-30.68,-672.80,0.00,-4.07,4.78 
1747830539.31,0,-31.06,-672.42,1.42,3.66,0.74,-31.06,-672.42,0.00,-4.01,4.57 
1747830539.41,0,-31.36,-672.04,0.77,3.75,0.79,-31.36,-672.04,0.00,-3.81,4.43 
1747830539.51,0,-31.60,-671.60,1.17,3.62,0.68,-31.60,-671.60,0.00,-3.55,4.42 
1747830539.61,0,-31.75,-671.48,1.96,2.94,1.17,-31.75,-671.48,0.00,-3.17,3.83 
1747830539.81,0,-32.32,-670.60,1.41,3.69,0.56,-32.32,-670.60,0.00,-3.08,4.02 
1747830539.91,0,-32.73,-670.17,1.82,3.73,0.65,-32.73,-670.17,0.00,-3.25,4.07 
1747830540.01,0,-33.07,-669.81,1.11,3.25,0.70,-33.07,-669.81,0.00,-3.29,3.99 
1747830540.11,0,-33.46,-669.40,1.81,3.50,0.75,-33.46,-669.40,0.00,-3.39,4.00 
1747830540.21,0,-33.82,-669.04,1.38,3.50,0.68,-33.82,-669.04,0.00,-3.44,3.93 
1747830540.31,0,-34.04,-668.69,1.68,3.60,0.81,-34.04,-668.69,0.00,-3.21,3.86 
1747830540.41,0,-34.32,-668.28,1.06,3.55,0.64,-34.32,-668.28,0.00,-3.14,3.90 
1747830540.51,0,-34.69,-667.89,1.18,3.55,0.81,-34.69,-667.89,0.00,-3.24,3.89 
1747830540.81,0,-35.52,-666.85,1.08,3.48,0.83,-35.52,-666.85,0.00,-3.05,3.72 
1747830540.91,0,-35.67,-666.43,1.47,3.30,0.58,-35.67,-666.43,0.00,-2.78,3.80 
1747830541.21,0,-36.55,-665.45,1.19,3.34,0.79,-36.55,-665.45,0.00,-2.84,3.56 
1747830541.31,0,-36.81,-664.97,1.54,3.55,0.74,-36.81,-664.97,0.00,-2.81,3.78 
1747830541.41,0,-37.03,-664.57,1.24,3.48,0.52,-37.03,-664.57,0.00,-2.69,3.82 
1747830541.51,0,-37.35,-664.21,1.33,3.57,0.73,-37.35,-664.21,0.00,-2.79,3.78 
1747830541.61,0,-37.64,-663.90,1.40,3.39,0.71,-37.64,-663.90,0.00,-2.81,3.65 
1747830541.71,0,-37.96,-663.51,0.94,3.61,0.69,-37.96,-663.51,0.00,-2.88,3.70 
1747830542.11,0,-39.13,-662.03,1.27,3.46,0.65,-39.13,-662.03,0.00,-2.91,3.69 
1747830542.21,0,-39.41,-661.74,1.43,3.58,0.70,-39.41,-661.74,0.00,-2.88,3.56 
1747830542.31,0,-39.69,-661.45,1.52,3.49,0.79,-39.69,-661.45,0.00,-2.87,3.43 
1747830542.41,0,-39.92,-661.13,1.24,3.43,0.70,-39.92,-661.13,0.00,-2.75,3.38 
1747830542.61,0,-40.43,-660.39,1.25,3.47,0.72,-40.43,-660.39,0.00,-2.67,3.51 
1747830542.71,0,-40.70,-660.03,1.59,3.34,0.50,-40.70,-660.03,0.00,-2.68,3.52 
1747830542.91,0,-41.30,-659.24,1.57,3.71,0.63,-41.30,-659.24,0.00,-2.79,3.67 
1747830543.01,0,-41.55,-658.92,1.54,3.29,0.54,-41.55,-658.92,0.00,-2.75,3.57 
1747830543.11,0,-41.87,-658.53,1.04,3.55,0.75,-41.87,-658.53,0.00,-2.82,3.64 
1747830543.21,0,-42.18,-658.13,1.68,3.68,0.67,-42.18,-658.13,0.00,-2.87,3.71 
1747830543.31,0,-42.46,-657.75,1.63,3.43,0.91,-42.46,-657.75,0.00,-2.87,3.73 
1747830543.41,0,-42.75,-657.43,1.44,3.63,0.68,-42.75,-657.43,0.00,-2.86,3.63 
1747830543.51,0,-42.83,-657.23,0.95,2.86,0.72,-42.83,-657.23,0.00,-2.48,3.32 
1747830543.61,0,-41.43,-659.27,0.99,2.96,0.94,-41.43,-659.27,0.00,0.48,-0.95 
1747830543.81,0,-42.31,-658.06,1.10,3.31,0.84,-42.31,-658.06,0.00,-1.08,1.30 
1747830544.01,0,-43.07,-656.95,1.19,3.95,0.76,-43.07,-656.95,0.00,-1.96,2.67 
1747830544.11,0,-43.84,-655.96,1.35,4.34,0.87,-43.84,-655.96,0.00,-2.97,3.93 
1747830544.21,0,-44.44,-655.29,1.50,4.88,0.70,-44.44,-655.29,0.00,-3.53,4.44 
1747830544.31,0,-44.99,-654.69,1.83,4.37,0.55,-44.99,-654.69,0.00,-3.90,4.75 
1747830544.51,0,-45.77,-653.68,1.60,3.61,0.85,-45.77,-653.68,0.00,-3.89,4.84 
1747830544.61,0,-46.09,-653.33,3.24,3.27,1.47,-46.09,-653.33,0.00,-3.77,4.60 
1747830544.71,0,-46.44,-652.88,1.13,3.47,0.76,-46.44,-652.88,0.00,-3.72,4.58 
1747830544.81,0,-46.76,-652.52,1.43,3.88,0.69,-46.76,-652.52,0.00,-3.63,4.41 
1747830544.91,0,-47.05,-652.24,1.75,3.95,0.08,-47.05,-652.24,0.00,-3.48,4.10 
1747830545.01,0,-47.43,-652.10,3.30,4.16,0.69,-47.43,-652.10,0.00,-3.54,3.60 
1747830545.11,0,-47.70,-651.72,1.68,3.47,0.67,-47.70,-651.72,0.00,-3.40,3.64 
1747830545.21,0,-47.92,-651.62,1.87,3.90,0.12,-47.92,-651.62,0.00,-3.17,3.16 
1747830545.31,0,-47.99,-651.34,1.41,2.63,0.81,-47.99,-651.34,0.00,-2.74,3.10 
1747830545.71,0,-49.10,-649.90,1.54,3.76,0.74,-49.10,-649.90,0.00,-2.76,3.31 
1747830546.01,0,-50.01,-648.69,1.62,3.74,0.53,-50.01,-648.69,0.00,-2.89,3.65 
1747830546.21,0,-50.59,-647.98,1.37,3.44,0.66,-50.59,-647.98,0.00,-2.88,3.61 
1747830546.31,0,-50.90,-647.58,1.40,3.63,0.63,-50.90,-647.58,0.00,-2.93,3.70 
1747830546.51,0,-51.46,-646.77,1.59,3.70,0.80,-51.46,-646.77,0.00,-2.88,3.82 
1747830546.61,0,-51.73,-646.45,1.30,3.68,0.72,-51.73,-646.45,0.00,-2.85,3.70 
1747830546.71,0,-52.01,-646.06,1.61,3.63,0.88,-52.01,-646.06,0.00,-2.84,3.73 
1747830546.81,0,-52.28,-645.78,1.54,3.80,0.59,-52.28,-645.78,0.00,-2.81,3.57 
1747830547.01,0,-52.82,-645.12,1.48,3.61,0.63,-52.82,-645.12,0.00,-2.78,3.47 
1747830547.11,0,-53.12,-644.72,0.88,3.63,0.77,-53.12,-644.72,0.00,-2.81,3.56 
1747830547.21,0,-53.39,-644.41,1.45,3.58,0.64,-53.39,-644.41,0.00,-2.79,3.49 
1747830547.31,0,-53.68,-644.02,1.70,3.55,0.90,-53.68,-644.02,0.00,-2.82,3.55 
1747830547.61,0,-54.53,-643.00,1.40,3.54,0.66,-54.53,-643.00,0.00,-2.82,3.49 
1747830547.91,0,-55.48,-641.86,1.23,3.64,0.74,-55.48,-641.86,0.00,-2.97,3.62 
1747830548.11,0,-56.13,-641.06,1.24,3.71,0.74,-56.13,-641.06,0.00,-3.07,3.76 
1747830548.21,0,-56.40,-640.71,1.39,3.60,0.65,-56.40,-640.71,0.00,-2.99,3.72 
1747830548.41,0,-57.01,-639.93,1.36,3.78,0.64,-57.01,-639.93,0.00,-3.02,3.78 
1747830548.51,0,-57.34,-639.53,1.54,3.51,0.58,-57.34,-639.53,0.00,-3.06,3.81 
1747830548.71,0,-57.55,-639.06,1.07,2.85,0.71,-57.55,-639.06,0.00,-2.38,3.32 
1747830548.81,0,-57.93,-638.56,1.12,4.10,0.76,-57.93,-638.56,0.00,-2.63,3.62 
1747830549.31,0,-59.65,-636.24,1.07,3.99,0.69,-59.65,-636.24,0.00,-3.01,4.09 
1747830549.61,0,-60.19,-635.32,0.92,2.18,0.72,-60.19,-635.32,0.00,-2.39,3.57 
1747830549.91,0,-61.46,-633.79,1.02,2.48,0.53,-61.46,-633.79,0.00,-3.28,4.31 
1747830550.11,0,-62.36,-632.70,1.10,2.84,0.68,-62.36,-632.70,0.00,-3.71,4.71 
1747830550.21,0,-62.70,-632.26,1.36,3.75,0.60,-62.70,-632.26,0.00,-3.65,4.66 
1747830550.61,0,-64.14,-630.36,1.49,3.54,0.57,-64.14,-630.36,0.00,-3.63,4.71 
1747830550.71,0,-64.56,-629.86,1.37,3.66,0.71,-64.56,-629.86,0.00,-3.73,4.75 
1747830550.91,0,-65.25,-628.86,1.08,3.41,0.73,-65.25,-628.86,0.00,-3.63,4.85 
1747830551.01,0,-65.60,-628.45,1.16,3.56,0.87,-65.60,-628.45,0.00,-3.60,4.70 
1747830551.01,1,-133.71,-583.84,1.30,0.30,0.77,-133.71,-583.84,0.00,0.35,0.49 
1747830551.11,0,-65.89,-627.99,1.72,3.70,0.61,-65.89,-627.99,0.00,-3.46,4.68 
1747830551.11,1,-133.53,-583.78,0.92,0.53,1.06,-133.53,-583.78,0.00,0.64,0.50 
1747830551.31,0,-66.61,-626.93,1.08,3.85,0.68,-66.61,-626.93,0.00,-3.50,4.90 
1747830551.31,1,-133.06,-583.16,1.22,0.52,0.80,-133.06,-583.16,0.00,1.25,1.44 
1747830551.41,0,-67.03,-626.42,1.23,3.63,0.79,-67.03,-626.42,0.00,-3.62,4.93 
1747830551.41,1,-132.92,-582.90,1.06,0.29,0.88,-132.92,-582.90,0.00,1.28,1.65 
1747830551.51,0,-67.43,-625.92,1.53,3.84,0.59,-67.43,-625.92,0.00,-3.70,4.95 
1747830551.51,1,-132.94,-582.93,1.54,0.24,0.89,-132.94,-582.93,0.00,0.99,1.29 
1747830551.61,0,-67.81,-625.46,1.46,3.64,0.62,-67.81,-625.46,0.00,-3.72,4.87 
1747830551.61,1,-133.07,-583.13,1.66,0.28,0.89,-133.07,-583.13,0.00,0.58,0.66 
1747830551.91,0,-69.10,-623.95,1.30,3.78,0.80,-69.10,-623.95,0.00,-3.97,4.95 
1747830552.01,0,-69.52,-623.48,1.51,3.52,0.68,-69.52,-623.48,0.00,-4.01,4.90 
1747830552.01,1,-134.05,-584.37,1.94,0.27,0.92,-134.05,-584.37,0.00,-1.04,-1.37 
1747830552.11,0,-69.99,-622.97,1.18,3.70,0.86,-69.99,-622.97,0.00,-4.15,4.94 
1747830552.11,1,-134.27,-584.61,1.15,0.38,1.05,-134.27,-584.61,0.00,-1.26,-1.57 
1747830552.21,0,-70.12,-622.66,1.07,2.89,0.82,-70.12,-622.66,0.00,-3.57,4.57 
1747830552.21,1,-134.28,-584.68,1.17,0.41,0.95,-134.28,-584.68,0.00,-1.02,-1.39 
1747830552.41,0,-70.92,-621.67,1.08,3.73,0.83,-70.92,-621.67,0.00,-3.72,4.71 
1747830552.41,1,-134.04,-584.46,1.30,0.47,1.22,-134.04,-584.46,0.00,-0.24,-0.52 
1747830552.51,0,-71.36,-621.07,0.99,3.85,0.82,-71.36,-621.07,0.00,-3.85,4.94 
1747830552.71,0,-72.25,-620.01,1.18,3.76,0.82,-72.25,-620.01,0.00,-4.05,5.06 
1747830552.71,1,-133.76,-584.03,1.01,0.40,0.88,-133.76,-584.03,0.00,0.24,0.32 
1747830552.81,0,-72.63,-619.49,1.02,3.47,0.78,-72.63,-619.49,0.00,-4.00,5.09 
1747830552.81,1,-133.68,-584.00,0.82,0.30,0.81,-133.68,-584.00,0.00,0.35,0.32 
1747830552.91,0,-73.08,-618.98,1.17,3.56,0.85,-73.08,-618.98,0.00,-4.09,5.09 
1747830552.91,1,-133.63,-583.90,1.09,0.25,1.01,-133.63,-583.90,0.00,0.37,0.44 
1747830553.01,0,-73.45,-618.48,1.16,3.46,0.72,-73.45,-618.48,0.00,-4.02,5.06 
1747830553.01,1,-133.54,-583.82,0.94,0.51,1.53,-133.54,-583.82,0.00,0.46,0.50 
1747830553.11,0,-73.87,-617.94,1.18,3.77,0.71,-73.87,-617.94,0.00,-4.06,5.13 
1747830553.11,1,-133.61,-583.52,0.94,0.72,0.11,-133.61,-583.52,0.00,0.25,0.98 
1747830553.21,0,-74.29,-617.44,1.47,3.59,0.64,-74.29,-617.44,0.00,-4.09,5.10 
1747830553.21,1,-133.63,-583.63,1.39,0.67,0.89,-133.63,-583.63,0.00,0.17,0.59 
1747830553.31,0,-74.73,-616.94,1.53,3.69,0.63,-74.73,-616.94,0.00,-4.15,5.10 
1747830553.31,1,-133.68,-583.73,1.55,0.41,0.98,-133.68,-583.73,0.00,0.05,0.30 
1747830553.41,0,-75.15,-616.47,1.41,3.58,0.75,-75.15,-616.47,0.00,-4.16,5.02 
1747830553.51,0,-75.58,-615.96,1.43,3.73,0.63,-75.58,-615.96,0.00,-4.18,5.04 
1747830553.81,0,-76.77,-614.52,1.38,3.52,0.63,-76.77,-614.52,0.00,-4.09,4.94 
1747830554.01,0,-77.56,-613.55,1.39,3.49,0.64,-77.56,-613.55,0.00,-4.04,4.91 
1747830554.11,0,-78.02,-613.00,1.39,3.70,0.64,-78.02,-613.00,0.00,-4.15,5.01 
1747830554.21,0,-78.40,-612.55,1.32,3.53,0.66,-78.40,-612.55,0.00,-4.07,4.92 
1747830554.31,0,-78.80,-612.07,1.29,3.35,0.72,-78.80,-612.07,0.00,-4.07,4.90 
1747830554.41,0,-79.21,-611.60,1.41,3.35,0.71,-79.21,-611.60,0.00,-4.06,4.86 
1747830554.41,1,-133.58,-584.07,1.04,0.41,0.95,-133.58,-584.07,0.00,0.05,-0.24 
1747830554.51,0,-79.62,-611.10,1.33,3.33,0.71,-79.62,-611.10,0.00,-4.09,4.89 
1747830554.51,1,-133.60,-584.09,0.83,0.41,1.14,-133.60,-584.09,0.00,-0.01,-0.23 
1747830554.71,0,-80.12,-610.40,1.24,2.75,0.62,-80.12,-610.40,0.00,-3.55,4.43 
1747830554.71,1,-133.53,-584.11,1.10,0.44,1.20,-133.53,-584.11,0.00,0.11,-0.18 
1747830555.11,0,-81.77,-608.29,1.18,3.44,0.78,-81.77,-608.29,0.00,-3.81,4.81 
1747830555.21,0,-82.27,-607.74,1.11,3.68,0.84,-82.27,-607.74,0.00,-4.02,4.92 
1747830555.31,0,-82.74,-607.21,1.44,3.47,0.66,-82.74,-607.21,0.00,-4.16,5.01 
1747830555.31,1,-133.48,-583.87,1.09,0.31,0.88,-133.48,-583.87,0.00,0.18,0.36 
1747830555.51,0,-83.50,-606.31,1.39,3.13,0.71,-83.50,-606.31,0.00,-4.01,4.81 
1747830555.51,1,-133.39,-583.71,1.19,0.31,0.98,-133.39,-583.71,0.00,0.29,0.54 
1747830555.91,0,-84.98,-604.27,1.12,3.13,0.64,-84.98,-604.27,0.00,-3.86,4.95 
1747830555.91,1,-133.47,-583.72,1.41,0.41,0.53,-133.47,-583.72,0.00,0.05,0.26 
1747830556.41,0,-86.35,-602.39,1.03,2.03,0.62,-86.35,-602.39,0.00,-3.24,4.29 
1747830556.41,1,-133.24,-583.61,0.90,0.44,1.24,-133.24,-583.61,0.00,0.27,0.23 
1747830556.51,0,-86.68,-601.97,0.90,1.62,0.64,-86.68,-601.97,0.00,-3.25,4.29 
1747830556.51,1,-133.21,-583.55,1.08,0.33,1.07,-133.21,-583.55,0.00,0.28,0.32 
1747830556.61,0,-87.33,-601.33,0.97,1.92,0.80,-87.33,-601.33,0.00,-4.02,4.78 
1747830556.61,1,-133.18,-583.55,1.05,0.43,0.97,-133.18,-583.55,0.00,0.29,0.23 
1747830556.71,0,-87.80,-600.65,1.02,2.29,0.68,-87.80,-600.65,0.00,-4.19,5.27 
1747830556.71,1,-133.23,-583.54,1.09,0.65,0.66,-133.23,-583.54,0.00,0.10,0.21 
1747830556.81,0,-88.28,-600.11,1.11,2.60,0.68,-88.28,-600.11,0.00,-4.35,5.31 
1747830557.01,0,-89.15,-599.07,0.83,3.38,0.82,-89.15,-599.07,0.00,-4.35,5.27 
1747830557.01,1,-133.26,-583.72,1.34,0.36,0.97,-133.26,-583.72,0.00,-0.02,-0.22 
1747830557.21,0,-89.88,-598.12,1.05,3.47,0.76,-89.88,-598.12,0.00,-4.10,5.09 
1747830557.21,1,-133.36,-583.85,1.12,0.54,0.83,-133.36,-583.85,0.00,-0.17,-0.37 
1747830557.51,0,-90.97,-597.30,1.57,3.40,1.51,-90.97,-597.30,0.00,-3.91,4.09 
1747830557.51,1,-133.41,-583.85,1.16,0.39,0.99,-133.41,-583.85,0.00,-0.18,-0.22 
1747830557.61,0,-91.40,-596.56,1.66,4.11,0.71,-91.40,-596.56,0.00,-3.97,4.66 
1747830557.61,1,-133.45,-583.84,1.05,0.58,1.32,-133.45,-583.84,0.00,-0.22,-0.16 
1747830557.71,0,-91.74,-595.97,1.58,3.68,0.67,-91.74,-595.97,0.00,-3.87,4.88 
1747830557.71,1,-133.44,-583.85,1.07,0.42,1.18,-133.44,-583.85,0.00,-0.15,-0.16 
1747830557.91,0,-92.42,-594.97,1.02,3.31,0.73,-92.42,-594.97,0.00,-3.70,4.93 
1747830558.01,0,-92.83,-594.47,1.00,3.48,0.80,-92.83,-594.47,0.00,-3.76,4.94 
1747830558.11,0,-93.18,-594.00,1.27,3.47,0.63,-93.18,-594.00,0.00,-3.72,4.89 
1747830558.21,0,-93.55,-593.53,0.94,3.35,0.79,-93.55,-593.53,0.00,-3.72,4.85 
1747830558.31,0,-93.78,-593.03,1.51,3.61,0.58,-93.78,-593.03,0.00,-3.44,4.89 
1747830558.41,0,-93.97,-592.83,1.42,2.67,0.95,-93.97,-592.83,0.00,-3.16,4.36 
1747830558.51,0,-94.11,-592.56,1.01,2.51,0.62,-94.11,-592.56,0.00,-2.84,4.05 
1747830558.61,0,-94.27,-592.23,0.95,2.33,0.78,-94.27,-592.23,0.00,-2.62,3.92 
1747830558.71,0,-94.49,-591.91,0.82,1.93,0.65,-94.49,-591.91,0.00,-2.54,3.79 
1747830558.91,0,-95.07,-591.22,1.22,1.77,1.08,-95.07,-591.22,0.00,-2.65,3.68 
1747830559.11,0,-95.72,-590.47,1.13,1.98,1.05,-95.72,-590.47,0.00,-2.86,3.69 
1747830559.21,0,-96.07,-590.09,0.94,1.75,1.09,-96.07,-590.09,0.00,-2.96,3.72 
1747830559.31,0,-96.61,-589.38,0.97,2.20,0.79,-96.61,-589.38,0.00,-3.41,4.33 
1747830559.41,0,-97.02,-588.81,1.08,2.49,0.67,-97.02,-588.81,0.00,-3.55,4.59 
1747830559.51,0,-97.41,-588.25,1.27,3.64,0.72,-97.41,-588.25,0.00,-3.60,4.79 
1747830559.61,0,-97.78,-587.72,1.23,3.66,0.77,-97.78,-587.72,0.00,-3.62,4.88 
1747830559.71,0,-98.09,-587.21,1.39,3.30,0.67,-98.09,-587.21,0.00,-3.53,4.91 
1747830559.71,1,-133.21,-583.70,1.30,0.54,1.27,-133.21,-583.70,0.00,0.17,0.12 
1747830559.81,0,-98.36,-586.73,1.36,3.33,0.70,-98.36,-586.73,0.00,-3.37,4.90 
1747830559.81,1,-133.13,-583.65,1.41,0.56,1.09,-133.13,-583.65,0.00,0.26,0.19 
1747830560.11,0,-99.20,-585.26,1.48,3.52,0.66,-99.20,-585.26,0.00,-3.15,4.90 
1747830560.11,1,-133.09,-583.52,1.20,0.62,1.01,-133.09,-583.52,0.00,0.22,0.30 
1747830560.21,0,-99.50,-584.92,1.51,3.55,0.64,-99.50,-584.92,0.00,-3.12,4.64 
1747830560.21,1,-133.08,-583.52,1.05,0.48,1.36,-133.08,-583.52,0.00,0.20,0.24 
1747830560.31,0,-99.81,-584.45,1.47,3.34,0.74,-99.81,-584.45,0.00,-3.12,4.65 
1747830560.31,1,-133.10,-583.54,1.17,0.57,1.37,-133.10,-583.54,0.00,0.12,0.17 
1747830560.41,0,-100.12,-584.10,1.45,3.57,0.66,-100.12,-584.10,0.00,-3.12,4.44 
1747830560.61,0,-100.70,-583.25,0.99,3.49,0.62,-100.70,-583.25,0.00,-3.04,4.36 
1747830560.71,0,-101.06,-582.84,1.43,3.51,0.64,-101.06,-582.84,0.00,-3.13,4.31 
1747830561.41,0,-103.12,-580.00,1.20,3.62,0.61,-103.12,-580.00,0.00,-3.06,4.22 
1747830561.51,0,-103.38,-579.67,1.38,3.74,0.66,-103.38,-579.67,0.00,-2.96,4.02 
1747830561.51,1,-132.93,-583.62,1.17,0.57,1.35,-132.93,-583.62,0.00,0.19,-0.07 
1747830561.61,0,-103.61,-579.19,1.03,3.51,0.69,-103.61,-579.19,0.00,-2.77,4.24 
1747830561.81,0,-104.23,-578.36,1.34,3.63,0.58,-104.23,-578.36,0.00,-2.94,4.20 
1747830561.91,0,-101.90,-582.21,1.41,3.80,0.85,-101.90,-582.21,0.00,3.07,-5.56 
1747830561.91,1,-132.98,-583.40,1.28,0.56,1.49,-132.98,-583.40,0.00,-0.01,0.36 
1747830562.01,0,-102.93,-580.44,1.48,4.67,0.63,-102.93,-580.44,0.00,0.17,-0.55 
1747830562.01,1,-132.96,-583.39,0.83,0.41,1.34,-132.96,-583.39,0.00,0.04,0.31 
1747830562.11,0,-103.81,-579.08,1.60,8.21,0.65,-103.81,-579.08,0.00,-1.67,2.35 
1747830562.11,1,-132.99,-583.33,0.81,0.57,0.10,-132.99,-583.33,0.00,-0.03,0.38 
1747830562.21,0,-104.28,-578.31,1.12,3.58,0.64,-104.28,-578.31,0.00,-2.25,3.41 
1747830562.21,1,-133.02,-583.34,0.83,0.59,0.67,-133.02,-583.34,0.00,-0.08,0.29 
1747830562.41,0,-105.20,-576.89,1.23,3.99,0.53,-105.20,-576.89,0.00,-3.04,4.64 
1747830562.51,0,-105.81,-576.06,1.42,4.61,0.60,-105.81,-576.06,0.00,-3.58,5.28 
1747830562.61,0,-106.06,-575.61,0.95,2.06,0.78,-106.06,-575.61,0.00,-3.39,5.14 
1747830562.71,0,-106.56,-574.95,1.03,2.40,0.65,-106.56,-574.95,0.00,-3.68,5.41 
1747830563.11,0,-107.98,-572.92,1.27,3.59,0.59,-107.98,-572.92,0.00,-3.62,5.26 
1747830563.31,0,-108.52,-572.07,1.37,3.88,0.66,-108.52,-572.07,0.00,-3.29,4.91 
1747830563.31,1,-132.99,-583.06,0.51,1.35,0.34,-132.99,-583.06,0.00,-0.01,0.44 
1747830563.41,0,-108.75,-571.73,1.31,3.88,0.61,-108.75,-571.73,0.00,-3.11,4.62 
1747830563.41,1,-132.92,-583.13,0.93,0.71,1.31,-132.92,-583.13,0.00,0.14,0.20 
1747830563.81,0,-109.87,-570.12,1.29,3.60,0.60,-109.87,-570.12,0.00,-2.94,4.32 
1747830564.11,0,-110.68,-568.89,1.33,3.59,0.59,-110.68,-568.89,0.00,-2.84,4.20 
1747830564.11,1,-132.90,-583.03,0.66,1.35,0.10,-132.90,-583.03,0.00,0.03,0.22 
1747830564.41,0,-111.48,-567.72,1.29,3.63,0.59,-111.48,-567.72,0.00,-2.76,4.06 
1747830564.81,0,-112.56,-566.17,1.29,3.42,0.59,-112.56,-566.17,0.00,-2.73,3.98 
1747830564.81,1,-132.70,-583.13,0.45,0.81,0.45,-132.70,-583.13,0.00,0.21,-0.02 
1747830565.01,0,-113.07,-565.23,1.03,3.47,0.67,-113.07,-565.23,0.00,-2.67,4.22 
1747830565.11,0,-113.37,-564.70,1.56,3.46,0.81,-113.37,-564.70,0.00,-2.72,4.44 
1747830565.11,1,-132.76,-582.98,0.56,1.38,0.34,-132.76,-582.98,0.00,-0.02,0.28 
1747830565.21,0,-113.63,-564.32,0.87,3.41,0.70,-113.63,-564.32,0.00,-2.70,4.31 
1747830565.31,0,-113.89,-563.85,1.11,3.42,0.65,-113.89,-563.85,0.00,-2.69,4.39 
1747830565.41,0,-114.13,-563.46,1.47,3.71,0.67,-114.13,-563.46,0.00,-2.62,4.29 
1747830565.61,0,-114.71,-562.67,1.51,3.42,0.57,-114.71,-562.67,0.00,-2.71,4.17 
1747830565.71,0,-114.79,-562.49,1.12,2.64,0.52,-114.79,-562.49,0.00,-2.36,3.73 
1747830565.71,1,-132.73,-582.93,0.54,1.35,0.54,-132.73,-582.93,0.00,0.01,0.23 
1747830565.81,0,-115.08,-562.09,1.08,3.26,0.63,-115.08,-562.09,0.00,-2.47,3.79 
1747830565.81,1,-132.75,-582.86,0.54,1.27,0.58,-132.75,-582.86,0.00,-0.01,0.31 
1747830565.91,0,-115.48,-561.67,1.65,3.89,0.76,-115.48,-561.67,0.00,-2.75,3.86 
1747830565.91,1,-132.78,-582.77,0.49,1.34,0.56,-132.78,-582.77,0.00,-0.07,0.41 
1747830566.01,0,-115.78,-561.24,1.49,3.72,0.58,-115.78,-561.24,0.00,-2.80,3.94 
1747830566.01,1,-132.78,-582.73,0.50,1.13,0.81,-132.78,-582.73,0.00,-0.05,0.42 
1747830566.21,0,-116.32,-560.33,1.10,3.62,0.57,-116.32,-560.33,0.00,-2.76,4.14 
1747830566.21,1,-132.74,-582.68,0.49,1.17,0.93,-132.74,-582.68,0.00,0.02,0.36 
1747830566.41,0,-116.90,-559.43,1.34,3.65,0.55,-116.90,-559.43,0.00,-2.81,4.26 
1747830566.41,1,-132.72,-582.65,0.61,1.10,1.11,-132.72,-582.65,0.00,0.05,0.30 
1747830566.91,0,-118.32,-557.26,1.45,3.55,0.51,-118.32,-557.26,0.00,-2.82,4.30 
1747830567.01,0,-118.51,-556.86,1.42,3.36,0.53,-118.51,-556.86,0.00,-2.67,4.23 
1747830567.31,0,-119.32,-555.52,1.18,3.35,0.67,-119.32,-555.52,0.00,-2.68,4.37 
1747830567.31,1,-132.63,-582.61,0.53,1.02,1.28,-132.63,-582.61,0.00,0.23,0.11 
1747830567.61,0,-119.95,-554.16,1.29,3.45,0.58,-119.95,-554.16,0.00,-2.41,4.45 
1747830567.61,1,-132.58,-582.58,0.46,0.91,1.24,-132.58,-582.58,0.00,0.20,0.11 
1747830567.81,0,-120.51,-553.36,1.50,3.42,0.48,-120.51,-553.36,0.00,-2.53,4.30 
1747830568.11,0,-121.34,-552.00,1.34,3.48,0.51,-121.34,-552.00,0.00,-2.64,4.39 
1747830568.21,0,-121.54,-551.64,1.34,3.38,0.46,-121.54,-551.64,0.00,-2.53,4.26 
1747830568.31,0,-121.83,-551.19,1.38,3.42,0.42,-121.83,-551.19,0.00,-2.60,4.30 
1747830568.41,0,-122.09,-550.73,1.08,3.53,0.67,-122.09,-550.73,0.00,-2.61,4.36 
1747830568.61,0,-122.55,-549.86,1.27,3.36,0.62,-122.55,-549.86,0.00,-2.50,4.36 
1747830568.91,0,-123.32,-548.44,1.27,3.62,0.47,-123.32,-548.44,0.00,-2.52,4.52 
1747830569.01,0,-123.58,-547.90,1.32,3.59,0.55,-123.58,-547.90,0.00,-2.54,4.67 
1747830569.01,1,-132.62,-582.39,1.08,0.64,0.18,-132.62,-582.39,0.00,0.01,0.22 
1747830569.11,0,-123.59,-547.71,1.25,2.74,0.41,-123.59,-547.71,0.00,-2.07,4.14 
1747830569.11,1,-132.56,-582.38,1.09,0.44,0.11,-132.56,-582.38,0.00,0.12,0.21 
1747830569.21,0,-123.82,-547.23,1.13,3.49,0.58,-123.82,-547.23,0.00,-2.12,4.27 
1747830569.21,1,-132.51,-582.39,0.56,1.14,1.56,-132.51,-582.39,0.00,0.20,0.15 
1747830569.31,0,-124.08,-546.76,1.55,3.36,0.42,-124.08,-546.76,0.00,-2.22,4.36 
1747830569.31,1,-132.51,-582.37,0.44,1.08,1.55,-132.51,-582.37,0.00,0.14,0.15 
1747830569.41,0,-124.30,-546.26,1.38,3.70,0.41,-124.30,-546.26,0.00,-2.21,4.48 
1747830569.51,0,-124.54,-545.80,1.44,3.30,0.35,-124.54,-545.80,0.00,-2.25,4.51 
1747830569.71,0,-124.98,-544.81,1.48,3.67,0.33,-124.98,-544.81,0.00,-2.22,4.66 
1747830569.81,0,-125.16,-544.34,1.42,3.61,0.32,-125.16,-544.34,0.00,-2.15,4.66 
1747830570.01,0,-125.42,-543.36,1.40,3.39,0.48,-125.42,-543.36,0.00,-1.88,4.74 
1747830570.01,1,-133.12,-582.20,0.94,0.69,1.27,-133.12,-582.20,0.00,-0.92,0.28 
1747830570.71,0,-126.67,-540.06,1.35,3.24,0.28,-126.67,-540.06,0.00,-1.84,4.73 
1747830570.71,1,-133.04,-582.15,0.76,0.24,0.37,-133.04,-582.15,0.00,-0.52,0.20 
1747830570.81,0,-126.83,-539.58,1.32,3.20,0.20,-126.83,-539.58,0.00,-1.78,4.75 
1747830570.91,0,-126.91,-539.43,1.04,2.37,0.50,-126.91,-539.43,0.00,-1.51,3.80 
1747830571.21,0,-127.09,-538.34,1.14,1.83,0.18,-127.09,-538.34,0.00,-0.96,3.69 
1747830571.31,0,-127.38,-537.37,0.89,4.62,0.27,-127.38,-537.37,0.00,-1.35,4.92 
1747830571.41,0,-127.53,-536.71,1.01,3.77,0.25,-127.53,-536.71,0.00,-1.39,5.27 
1747830571.41,2,-215.15,-484.98,1.14,0.20,0.81,-215.15,-484.98,0.00,-0.20,-0.44 
1747830571.51,0,-127.70,-536.20,1.04,3.18,0.26,-127.70,-536.20,0.00,-1.45,5.22 
1747830571.51,2,-215.18,-485.13,0.94,0.26,1.13,-215.18,-485.13,0.00,-0.22,-0.65 
1747830571.71,0,-127.99,-535.10,0.93,3.27,0.23,-127.99,-535.10,0.00,-1.46,5.33 
1747830571.71,2,-215.22,-485.26,0.67,0.15,1.13,-215.22,-485.26,0.00,-0.22,-0.65 
1747830571.91,0,-128.27,-533.96,0.94,3.67,0.15,-128.27,-533.96,0.00,-1.43,5.45 
1747830571.91,2,-215.44,-485.19,0.69,0.20,0.97,-215.44,-485.19,0.00,-0.48,-0.35 
1747830572.01,0,-128.33,-533.46,1.25,3.67,0.16,-128.33,-533.46,0.00,-1.29,5.37 
1747830572.11,0,-128.48,-533.01,1.32,3.45,0.23,-128.48,-533.01,0.00,-1.32,5.21 
1747830572.21,0,-128.67,-532.59,1.64,3.46,0.19,-128.67,-532.59,0.00,-1.43,5.02 
1747830572.21,2,-214.81,-484.25,0.72,0.24,0.05,-214.81,-484.25,0.00,0.61,1.19 
1747830572.31,0,-128.76,-532.05,1.30,3.46,0.27,-128.76,-532.05,0.00,-1.34,5.09 
1747830572.31,2,-214.65,-483.98,0.76,0.29,1.55,-214.65,-483.98,0.00,0.79,1.46 
1747830572.51,0,-129.08,-530.97,1.69,3.66,0.07,-129.08,-530.97,0.00,-1.42,5.19 
1747830572.51,2,-214.62,-483.91,0.86,0.32,0.86,-214.62,-483.91,0.00,0.59,1.08 
1747830572.71,0,-129.41,-530.01,1.47,3.54,0.23,-129.41,-530.01,0.00,-1.49,5.06 
1747830572.81,0,-129.53,-529.50,1.05,3.35,0.28,-129.53,-529.50,0.00,-1.44,5.07 
1747830572.81,2,-215.00,-484.52,1.00,0.44,0.74,-215.00,-484.52,0.00,-0.27,-0.29 
1747830572.91,0,-129.66,-528.94,1.54,3.59,0.41,-129.66,-528.94,0.00,-1.41,5.18 
1747830572.91,2,-215.12,-484.68,1.40,0.43,0.95,-215.12,-484.68,0.00,-0.44,-0.53 
1747830573.21,0,-130.19,-527.49,1.65,3.48,0.21,-130.19,-527.49,0.00,-1.57,5.02 
1747830573.21,2,-215.44,-485.07,1.05,0.69,0.93,-215.44,-485.07,0.00,-0.70,-0.86 
1747830573.31,0,-130.36,-526.96,1.43,3.45,0.26,-130.36,-526.96,0.00,-1.58,5.07 
1747830573.31,2,-215.49,-485.07,0.79,0.68,0.96,-215.49,-485.07,0.00,-0.66,-0.71 
1747830573.51,0,-130.66,-525.96,1.41,3.50,0.22,-130.66,-525.96,0.00,-1.56,5.04 
1747830573.51,2,-215.44,-485.14,1.15,0.45,1.15,-215.44,-485.14,0.00,-0.34,-0.58 
1747830574.01,0,-131.28,-523.61,1.41,3.40,0.22,-131.28,-523.61,0.00,-1.40,4.88 
1747830574.01,2,-215.45,-485.31,1.23,0.41,1.02,-215.45,-485.31,0.00,-0.19,-0.46 
1747830574.11,0,-131.39,-523.08,1.46,3.28,0.23,-131.39,-523.08,0.00,-1.35,4.95 
1747830574.21,0,-131.49,-522.64,1.08,3.31,0.34,-131.49,-522.64,0.00,-1.26,4.83 
1747830574.31,0,-131.62,-522.12,1.29,3.26,0.29,-131.62,-522.12,0.00,-1.28,4.91 
1747830574.91,0,-132.30,-518.89,1.32,3.47,0.21,-132.30,-518.89,0.00,-1.20,5.16 
1747830574.91,2,-215.05,-484.47,0.78,0.56,1.02,-215.05,-484.47,0.00,0.28,0.56 
1747830575.61,0,-131.25,-526.36,1.40,3.64,0.50,-131.25,-526.36,0.00,0.53,-4.97 
1747830575.71,0,-132.33,-519.96,1.47,4.47,0.23,-132.33,-519.96,0.00,-2.01,10.45 
1747830575.91,0,-132.25,-522.37,1.57,4.68,0.51,-132.25,-522.37,0.00,-0.77,-1.21 
1747830575.91,2,-215.01,-484.42,1.21,0.53,1.27,-215.01,-484.42,0.00,0.34,1.02 
1747830576.41,0,-133.49,-513.11,1.56,6.67,0.16,-133.49,-513.11,0.00,-1.80,10.69 
1747830576.41,2,-214.97,-484.33,1.67,0.74,1.15,-214.97,-484.33,0.00,0.19,0.51 
1747830576.51,0,-133.53,-511.75,1.20,1.96,0.25,-133.53,-511.75,0.00,-1.53,11.23 
1747830576.51,2,-214.95,-484.49,1.56,0.53,0.98,-214.95,-484.49,0.00,0.20,0.11 
1747830576.61,0,-133.75,-510.46,1.23,3.71,0.19,-133.75,-510.46,0.00,-1.69,11.61 
1747830576.61,2,-215.04,-484.68,2.05,0.61,0.88,-215.04,-484.68,0.00,-0.07,-0.34 
1747830576.81,0,-134.07,-508.84,1.41,4.42,0.08,-134.07,-508.84,0.00,-1.65,10.12 
1747830576.81,2,-215.02,-484.76,0.93,0.69,0.70,-215.02,-484.76,0.00,0.02,-0.38 
1747830577.01,0,-134.11,-507.69,1.22,4.43,0.11,-134.11,-507.69,0.00,-1.12,8.50 
1747830577.01,2,-215.10,-484.96,1.54,0.64,1.16,-215.10,-484.96,0.00,-0.14,-0.59 
1747830577.21,0,-134.15,-506.73,1.42,4.33,0.21,-134.15,-506.73,0.00,-0.81,7.22 
1747830577.31,0,-134.30,-506.28,1.55,4.03,0.08,-134.30,-506.28,0.00,-0.92,6.73 
1747830577.71,0,-134.64,-504.28,1.40,3.93,0.17,-134.64,-504.28,0.00,-0.89,5.92 
1747830577.71,2,-215.02,-484.93,1.05,0.92,0.60,-215.02,-484.93,0.00,0.02,-0.22 
1747830577.81,0,-134.60,-503.90,1.26,3.81,0.19,-134.60,-503.90,0.00,-0.68,5.56 
1747830577.81,2,-215.14,-485.09,2.02,0.70,1.10,-215.14,-485.09,0.00,-0.17,-0.45 
1747830578.11,0,-134.81,-502.49,1.38,3.51,0.10,-134.81,-502.49,0.00,-0.69,5.13 
1747830578.11,2,-215.08,-484.72,1.98,0.80,1.22,-215.08,-484.72,0.00,0.01,0.37 
1747830578.51,0,-135.04,-500.37,1.15,3.52,0.20,-135.04,-500.37,0.00,-0.63,5.22 
1747830578.61,0,-135.07,-499.93,1.34,3.53,0.13,-135.07,-499.93,0.00,-0.57,5.08 
1747830578.61,2,-214.91,-484.71,1.28,0.88,1.00,-214.91,-484.71,0.00,0.21,0.26 
1747830578.71,0,-135.08,-499.45,1.12,3.27,0.08,-135.08,-499.45,0.00,-0.46,5.00 
1747830578.71,2,-214.91,-484.62,1.08,0.78,1.29,-214.91,-484.62,0.00,0.16,0.40 
1747830578.81,0,-135.09,-499.02,1.10,3.34,0.11,-135.09,-499.02,0.00,-0.39,4.86 
1747830578.81,2,-214.84,-484.47,1.54,0.68,1.05,-214.84,-484.47,0.00,0.28,0.63 
1747830579.01,0,-135.29,-497.98,1.70,3.67,0.12,-135.29,-497.98,0.00,-0.62,4.98 
1747830579.01,2,-214.75,-484.46,0.67,1.15,0.47,-214.75,-484.46,0.00,0.34,0.41 
1747830579.11,0,-135.36,-497.40,1.33,3.68,0.12,-135.36,-497.40,0.00,-0.63,5.14 
1747830579.11,2,-214.78,-484.55,1.76,0.62,1.26,-214.78,-484.55,0.00,0.23,0.17 
1747830579.41,0,-135.50,-495.82,1.35,3.45,0.16,-135.50,-495.82,0.00,-0.56,5.21 
1747830579.41,2,-214.72,-484.62,1.58,0.43,1.12,-214.72,-484.62,0.00,0.21,-0.01 
1747830579.51,0,-135.57,-495.25,1.26,3.50,0.09,-135.57,-495.25,0.00,-0.59,5.28 
1747830579.51,2,-214.73,-484.53,0.86,1.10,0.45,-214.73,-484.53,0.00,0.16,0.15 
1747830579.81,0,-135.73,-493.82,1.65,3.42,0.16,-135.73,-493.82,0.00,-0.56,5.05 
1747830579.81,2,-214.82,-484.85,1.68,0.94,0.63,-214.82,-484.85,0.00,-0.04,-0.40 
1747830579.91,0,-135.79,-493.29,1.49,3.25,0.12,-135.79,-493.29,0.00,-0.58,5.09 
1747830579.91,2,-214.79,-484.87,1.52,0.37,1.09,-214.79,-484.87,0.00,0.02,-0.37 
1747830580.01,0,-135.82,-492.77,1.47,3.36,0.08,-135.82,-492.77,0.00,-0.52,5.12 
1747830580.11,0,-135.84,-492.18,0.87,3.65,0.12,-135.84,-492.18,0.00,-0.44,5.27 
1747830580.11,2,-214.86,-484.44,1.60,0.69,0.34,-214.86,-484.44,0.00,-0.14,0.56 
1747830580.21,0,-135.89,-491.68,1.26,3.40,0.02,-135.89,-491.68,0.00,-0.47,5.22 
1747830580.21,2,-214.87,-484.32,0.81,1.73,0.03,-214.87,-484.32,0.00,-0.11,0.69 
1747830580.31,0,-135.92,-491.08,0.76,3.59,0.19,-135.92,-491.08,0.00,-0.43,5.37 
1747830580.31,2,-214.87,-484.34,1.88,0.77,1.40,-214.87,-484.34,0.00,-0.10,0.52 
1747830580.41,0,-135.97,-490.57,1.23,3.36,0.07,-135.97,-490.57,0.00,-0.45,5.32 
1747830580.41,2,-214.84,-484.42,1.87,1.03,1.10,-214.84,-484.42,0.00,-0.02,0.27 
1747830580.51,0,-135.98,-490.07,1.01,3.54,0.07,-135.98,-490.07,0.00,-0.38,5.26 
1747830580.51,2,-214.85,-484.43,1.67,0.87,1.52,-214.85,-484.43,0.00,-0.03,0.21 
1747830580.61,0,-135.99,-489.55,1.01,3.52,0.08,-135.99,-489.55,0.00,-0.33,5.25 
1747830580.71,0,-135.99,-489.20,2.93,1.34,1.45,-135.99,-489.20,0.00,-0.27,4.94 
1747830580.81,0,-136.03,-488.71,1.69,3.07,0.02,-136.03,-488.71,0.00,-0.29,4.92 
1747830581.21,0,-136.27,-486.55,0.97,3.72,0.19,-136.27,-486.55,0.00,-0.42,5.13 
1747830581.31,0,-136.12,-490.75,1.02,3.85,0.30,-136.12,-490.75,0.00,-0.09,-2.79 
1747830581.31,2,-214.71,-484.26,2.44,0.74,1.53,-214.71,-484.26,0.00,0.14,0.42 
1747830581.41,0,-136.21,-488.64,1.06,4.80,0.01,-136.21,-488.64,0.00,-0.27,2.12 
1747830581.41,2,-214.71,-484.24,1.96,0.84,1.54,-214.71,-484.24,0.00,0.11,0.37 
1747830581.51,0,-136.35,-486.97,1.17,5.37,0.24,-136.35,-486.97,0.00,-0.52,5.29 
1747830581.51,2,-214.72,-484.21,2.09,1.02,1.51,-214.72,-484.21,0.00,0.07,0.36 
1747830581.61,0,-136.41,-485.65,1.34,5.57,0.10,-136.41,-485.65,0.00,-0.52,7.00 
1747830581.81,0,-136.49,-483.68,1.83,4.56,0.14,-136.49,-483.68,0.00,-0.48,8.03 
1747830581.91,0,-136.51,-482.81,1.72,3.37,0.11,-136.51,-482.81,0.00,-0.44,8.14 
1747830582.11,0,-136.63,-481.38,1.36,3.83,0.07,-136.63,-481.38,0.00,-0.49,7.82 
1747830582.21,0,-136.79,-480.76,1.65,3.84,0.24,-136.79,-480.76,0.00,-0.68,7.53 
1747830582.31,0,-136.76,-480.51,0.96,3.24,0.05,-136.76,-480.51,0.00,-0.50,6.61 
1747830582.41,0,-137.09,-479.98,1.28,3.29,0.05,-137.09,-479.98,0.00,-1.03,6.36 
1747830582.61,0,-137.12,-478.84,1.91,3.89,0.10,-137.12,-478.84,0.00,-0.73,6.14 
1747830582.61,2,-214.64,-484.56,0.79,2.37,0.21,-214.64,-484.56,0.00,0.10,-0.37 
1747830582.81,0,-137.02,-478.14,1.00,2.97,0.17,-137.02,-478.14,0.00,-0.32,5.28 
1747830582.81,2,-214.60,-484.60,1.48,0.83,1.44,-214.60,-484.60,0.00,0.14,-0.32 
1747830582.91,0,-136.92,-477.54,3.42,1.37,1.52,-136.92,-477.54,0.00,-0.09,5.42 
1747830583.01,0,-136.94,-476.86,0.92,3.76,0.07,-136.94,-476.86,0.00,-0.11,5.66 
1747830583.01,2,-214.65,-484.10,1.61,2.01,0.07,-214.65,-484.10,0.00,0.00,0.67 
1747830583.31,0,-137.07,-475.10,0.70,3.61,0.13,-137.07,-475.10,0.00,-0.25,5.76 
1747830583.31,2,-214.43,-484.58,0.32,1.79,0.12,-214.43,-484.58,0.00,0.31,-0.29 
1747830583.41,0,-137.18,-474.66,0.88,3.59,0.05,-137.18,-474.66,0.00,-0.40,5.52 
1747830583.41,2,-214.33,-484.90,1.78,0.55,1.42,-214.33,-484.90,0.00,0.43,-0.79 
1747830583.51,0,-137.24,-474.10,1.30,3.65,0.11,-137.24,-474.10,0.00,-0.44,5.54 
1747830583.51,2,-214.41,-485.01,1.46,1.23,1.51,-214.41,-485.01,0.00,0.19,-0.85 
1747830583.81,0,-137.32,-472.53,1.01,3.34,0.06,-137.32,-472.53,0.00,-0.36,5.39 
1747830583.81,2,-214.30,-484.88,0.50,1.87,0.27,-214.30,-484.88,0.00,0.27,-0.27 
1747830583.91,0,-137.35,-472.02,1.18,3.21,0.08,-137.35,-472.02,0.00,-0.35,5.35 
1747830583.91,2,-214.24,-484.66,1.44,0.18,1.55,-214.24,-484.66,0.00,0.33,0.16 
1747830584.01,0,-137.38,-471.53,1.18,3.30,0.09,-137.38,-471.53,0.00,-0.34,5.25 
1747830584.01,2,-214.28,-484.59,1.43,0.25,1.41,-214.28,-484.59,0.00,0.19,0.28 
1747830584.11,0,-137.44,-470.99,1.48,3.28,0.10,-137.44,-470.99,0.00,-0.39,5.28 
1747830584.11,2,-214.29,-484.38,1.30,0.52,0.47,-214.29,-484.38,0.00,0.14,0.64 
1747830584.31,0,-137.55,-469.92,1.46,3.30,0.09,-137.55,-469.92,0.00,-0.44,5.31 
1747830584.31,2,-214.32,-484.30,0.64,1.67,0.17,-214.32,-484.30,0.00,0.03,0.55 
1747830584.41,0,-137.58,-469.33,1.15,3.63,0.17,-137.58,-469.33,0.00,-0.42,5.42 
1747830584.41,2,-214.36,-484.42,2.05,0.74,1.45,-214.36,-484.42,0.00,-0.04,0.24 
1747830584.51,0,-137.62,-468.78,1.36,3.18,0.12,-137.62,-468.78,0.00,-0.41,5.44 
1747830585.11,0,-137.64,-465.49,0.91,3.47,0.11,-137.64,-465.49,0.00,-0.26,5.46 
1747830585.41,0,-137.63,-463.88,1.08,3.28,0.05,-137.63,-463.88,0.00,-0.09,5.41 
1747830585.41,2,-214.29,-484.91,0.84,1.93,0.00,-214.29,-484.91,0.00,0.10,-0.30 
1747830585.51,0,-137.78,-463.30,1.63,3.30,0.08,-137.78,-463.30,0.00,-0.39,5.48 
1747830585.51,2,-214.19,-484.89,0.56,1.64,0.16,-214.19,-484.89,0.00,0.30,-0.21 
1747830585.61,0,-137.72,-462.67,1.19,3.52,0.08,-137.72,-462.67,0.00,-0.16,5.67 
1747830585.61,2,-214.13,-484.84,0.43,1.75,0.36,-214.13,-484.84,0.00,0.36,-0.05 
1747830585.71,0,-137.79,-462.40,1.13,2.35,0.41,-137.79,-462.40,0.00,-0.29,5.00 
1747830585.71,2,-214.08,-484.73,0.32,1.82,0.28,-214.08,-484.73,0.00,0.40,0.21 
1747830585.81,0,-137.78,-462.12,0.89,2.39,0.17,-137.78,-462.12,0.00,-0.20,4.53 
1747830585.81,2,-214.09,-484.64,0.55,1.61,1.37,-214.09,-484.64,0.00,0.27,0.35 
1747830586.01,0,-137.77,-460.88,0.95,2.77,0.12,-137.77,-460.88,0.00,-0.11,5.13 
1747830586.01,2,-214.17,-484.36,0.56,2.28,0.53,-214.17,-484.36,0.00,0.04,0.74 
1747830586.11,0,-137.85,-460.21,1.10,2.96,0.06,-137.85,-460.21,0.00,-0.23,5.41 
1747830586.11,2,-214.20,-484.10,0.48,1.89,0.54,-214.20,-484.10,0.00,-0.03,1.08 
1747830586.21,0,-137.93,-459.58,1.59,3.78,0.16,-137.93,-459.58,0.00,-0.34,5.58 
1747830586.21,2,-214.18,-484.14,0.46,2.27,0.22,-214.18,-484.14,0.00,0.02,0.80 
1747830586.51,0,-138.02,-457.84,1.29,3.21,0.17,-138.02,-457.84,0.00,-0.33,5.68 
1747830586.51,2,-214.12,-484.18,0.42,2.25,0.29,-214.12,-484.18,0.00,0.09,0.41 
1747830586.61,0,-138.08,-457.32,1.46,3.23,0.13,-138.08,-457.32,0.00,-0.36,5.60 
1747830586.71,0,-138.19,-457.00,2.07,3.16,0.93,-138.19,-457.00,0.00,-0.50,5.13 
1747830586.81,0,-138.16,-456.33,1.54,3.61,0.13,-138.16,-456.33,0.00,-0.36,5.44 
1747830586.91,0,-138.12,-455.73,1.40,3.31,0.12,-138.12,-455.73,0.00,-0.20,5.55 
1747830587.01,0,-138.13,-455.19,1.18,3.21,0.11,-138.13,-455.19,0.00,-0.18,5.52 
1747830587.01,2,-214.10,-484.48,1.08,2.19,0.26,-214.10,-484.48,0.00,0.02,-0.25 
1747830587.11,0,-138.03,-454.66,1.34,3.42,0.08,-138.03,-454.66,0.00,0.05,5.48 
1747830587.11,2,-214.08,-484.58,1.71,0.87,1.49,-214.08,-484.58,0.00,0.05,-0.39 
1747830587.41,0,-137.99,-452.96,1.12,3.67,0.15,-137.99,-452.96,0.00,0.08,5.56 
1747830587.41,2,-214.06,-484.66,1.49,0.90,1.17,-214.06,-484.66,0.00,0.06,-0.35 
1747830587.51,0,-138.01,-452.38,1.18,3.45,0.10,-138.01,-452.38,0.00,0.03,5.60 
1747830587.51,2,-214.08,-484.79,1.34,1.80,0.69,-214.08,-484.79,0.00,0.01,-0.51 
1747830587.61,0,-138.05,-451.89,1.44,3.37,0.14,-138.05,-451.89,0.00,-0.05,5.46 
1747830587.61,2,-213.98,-484.97,0.46,2.11,0.44,-213.98,-484.97,0.00,0.21,-0.75 
1747830587.91,0,-138.09,-450.26,3.17,1.51,1.51,-138.09,-450.26,0.00,-0.08,5.45 
1747830587.91,2,-213.66,-485.64,0.36,2.22,0.63,-213.66,-485.64,0.00,0.59,-1.42 
1747830588.01,0,-138.08,-449.60,1.18,3.51,0.14,-138.08,-449.60,0.00,-0.06,5.66 
1747830588.01,2,-213.48,-485.89,0.38,1.97,0.48,-213.48,-485.89,0.00,0.81,-1.60 
1747830588.11,0,-138.09,-449.12,1.32,3.34,0.16,-138.09,-449.12,0.00,-0.06,5.49 
1747830588.11,2,-213.41,-485.93,0.34,1.97,0.50,-213.41,-485.93,0.00,0.78,-1.37 
1747830588.21,0,-137.99,-448.68,2.06,3.59,0.01,-137.99,-448.68,0.00,0.14,5.27 
1747830588.21,2,-213.50,-485.80,0.41,2.11,0.35,-213.50,-485.80,0.00,0.44,-0.84 
1747830588.41,0,-137.90,-447.69,1.37,3.66,0.14,-137.90,-447.69,0.00,0.24,5.16 
1747830588.41,2,-213.77,-485.20,0.49,2.26,0.11,-213.77,-485.20,0.00,-0.19,0.51 
1747830588.51,0,-137.81,-447.18,1.30,3.10,0.08,-137.81,-447.18,0.00,0.38,5.14 
1747830588.51,2,-214.07,-484.50,0.57,2.45,0.22,-214.07,-484.50,0.00,-0.69,1.70 
1747830588.71,0,-137.72,-446.06,3.64,1.37,1.44,-137.72,-446.06,0.00,0.40,5.29 
1747830588.71,2,-214.12,-484.34,0.66,2.01,0.63,-214.12,-484.34,0.00,-0.54,1.39 
1747830588.91,0,-137.76,-444.98,1.41,3.29,0.07,-137.76,-444.98,0.00,0.20,5.34 
1747830588.91,2,-213.69,-485.11,0.35,3.96,0.53,-213.69,-485.11,0.00,0.33,-0.33 
1747830589.01,0,-137.75,-444.55,1.72,3.58,0.05,-137.75,-444.55,0.00,0.17,5.16 
1747830589.01,2,-213.38,-485.70,0.34,2.74,0.34,-213.38,-485.70,0.00,0.83,-1.31 
1747830589.11,0,-137.73,-443.96,3.71,1.51,1.51,-137.73,-443.96,0.00,0.19,5.29 
1747830589.11,2,-213.17,-486.07,0.24,2.29,0.52,-213.17,-486.07,0.00,1.06,-1.75 
1747830589.21,0,-137.68,-443.47,1.81,3.58,0.02,-137.68,-443.47,0.00,0.25,5.23 
1747830589.21,2,-213.19,-486.05,0.41,2.40,0.68,-213.19,-486.05,0.00,0.82,-1.38 
1747830589.31,0,-137.63,-442.99,3.33,1.59,1.45,-137.63,-442.99,0.00,0.29,5.14 
1747830589.31,2,-213.30,-485.76,0.31,3.33,0.44,-213.30,-485.76,0.00,0.46,-0.59 
1747830589.61,0,-137.52,-441.57,1.47,3.32,0.13,-137.52,-441.57,0.00,0.32,4.97 
1747830589.61,2,-213.75,-485.01,0.41,3.35,0.38,-213.75,-485.01,0.00,-0.35,0.70 
1747830589.71,0,-137.44,-440.98,0.81,3.54,0.09,-137.44,-440.98,0.00,0.41,5.11 
1747830589.71,2,-213.91,-484.65,0.66,2.53,0.66,-213.91,-484.65,0.00,-0.57,1.20 
1747830589.91,0,-137.35,-439.92,0.79,3.50,0.05,-137.35,-439.92,0.00,0.42,5.18 
1747830589.91,2,-214.02,-484.41,0.51,1.44,1.02,-214.02,-484.41,0.00,-0.56,1.21 
1747830590.01,0,-137.36,-439.50,1.12,3.34,0.04,-137.36,-439.50,0.00,0.32,5.01 
1747830590.01,2,-213.90,-484.48,0.40,1.87,0.41,-213.90,-484.48,0.00,-0.22,0.84 
1747830590.51,0,-137.02,-436.92,3.54,1.03,1.52,-137.02,-436.92,0.00,0.49,5.08 
1747830590.51,2,-213.79,-484.43,0.25,1.31,0.63,-213.79,-484.43,0.00,-0.02,0.49 
1747830591.11,0,-136.72,-434.11,1.58,3.36,0.14,-136.72,-434.11,0.00,0.50,4.84 
1747830591.11,2,-213.80,-484.14,0.22,1.04,0.63,-213.80,-484.14,0.00,-0.02,0.49 
1747830591.21,0,-136.74,-433.69,3.49,1.55,1.48,-136.74,-433.69,0.00,0.36,4.70 
1747830591.21,2,-213.80,-484.09,0.22,1.04,0.63,-213.80,-484.09,0.00,-0.02,0.49 
1747830591.31,0,-136.73,-433.22,3.16,1.04,1.52,-136.73,-433.22,0.00,0.27,4.70 
1747830591.31,2,-213.80,-484.04,0.22,1.04,0.63,-213.80,-484.04,0.00,-0.02,0.49 
1747830591.41,0,-136.73,-432.63,3.68,1.29,1.54,-136.73,-432.63,0.00,0.21,5.03 
1747830591.41,2,-213.80,-483.99,0.22,1.04,0.63,-213.80,-483.99,0.00,-0.02,0.49 
1747830591.61,0,-136.63,-431.66,3.35,1.73,1.56,-136.63,-431.66,0.00,0.33,4.96 
1747830591.61,2,-213.81,-483.89,0.22,1.04,0.63,-213.81,-483.89,0.00,-0.02,0.49 
1747830591.71,0,-136.61,-431.22,3.41,1.55,1.36,-136.61,-431.22,0.00,0.30,4.85 
1747830591.71,2,-213.81,-483.84,0.22,1.04,0.63,-213.81,-483.84,0.00,-0.02,0.49 
1747830591.81,0,-136.52,-430.74,3.12,1.12,1.52,-136.52,-430.74,0.00,0.44,4.85 
1747830591.81,2,-213.81,-483.79,0.22,1.04,0.63,-213.81,-483.79,0.00,-0.02,0.49 
1747830591.91,0,-136.47,-430.26,3.57,1.72,1.53,-136.47,-430.26,0.00,0.43,4.83 
1747830591.91,2,-213.81,-483.74,0.22,1.04,0.63,-213.81,-483.74,0.00,-0.02,0.49 
1747830592.01,0,-136.48,-429.83,1.56,3.74,0.02,-136.48,-429.83,0.00,0.33,4.73 
1747830592.01,2,-213.81,-483.70,0.22,1.04,0.63,-213.81,-483.70,0.00,-0.02,0.49 
1747830592.11,0,-136.47,-429.39,3.39,1.31,1.55,-136.47,-429.39,0.00,0.30,4.67 
1747830592.11,2,-213.81,-483.65,0.22,1.04,0.63,-213.81,-483.65,0.00,-0.02,0.49 
1747830592.21,0,-136.41,-428.87,3.81,1.69,1.46,-136.41,-428.87,0.00,0.35,4.77 
1747830592.21,2,-213.81,-483.60,0.22,1.04,0.63,-213.81,-483.60,0.00,-0.02,0.49 
1747830592.31,0,-136.38,-428.41,3.44,1.53,1.43,-136.38,-428.41,0.00,0.34,4.73 
1747830592.31,2,-213.82,-483.55,0.22,1.04,0.63,-213.82,-483.55,0.00,-0.02,0.49 
1747830592.41,0,-136.36,-428.01,3.64,1.60,1.42,-136.36,-428.01,0.00,0.31,4.60 
1747830592.41,2,-213.38,-484.69,0.12,1.08,0.60,-213.38,-484.69,0.00,0.23,-0.18 
1747830592.51,0,-136.32,-427.57,1.01,3.60,0.06,-136.32,-427.57,0.00,0.33,4.56 
1747830592.51,2,-213.31,-484.90,0.13,1.18,0.35,-213.31,-484.90,0.00,0.27,-0.36 
1747830592.71,0,-136.22,-427.03,0.99,2.94,0.03,-136.22,-427.03,0.00,0.39,3.97 
1747830592.71,2,-213.20,-484.93,0.18,1.20,1.24,-213.20,-484.93,0.00,0.36,-0.30 
1747830592.91,0,-136.09,-426.45,0.98,2.22,0.09,-136.09,-426.45,0.00,0.48,3.63 
1747830592.91,2,-213.22,-484.92,0.14,1.88,0.89,-213.22,-484.92,0.00,0.19,-0.17 
1747830593.11,0,-136.00,-425.41,3.90,1.00,1.54,-136.00,-425.41,0.00,0.47,4.14 
1747830593.31,0,-135.96,-424.19,1.04,4.26,0.05,-135.96,-424.19,0.00,0.38,4.78 
1747830593.41,0,-135.98,-423.66,3.64,1.72,1.44,-135.98,-423.66,0.00,0.26,4.88 
1747830593.41,2,-213.36,-484.64,0.24,1.70,0.81,-213.36,-484.64,0.00,-0.14,0.37 
1747830593.51,0,-135.98,-423.11,3.74,1.63,1.49,-135.98,-423.11,0.00,0.22,4.99 
1747830593.51,2,-213.53,-484.53,0.29,1.83,1.13,-213.53,-484.53,0.00,-0.42,0.50 
1747830593.61,0,-135.98,-422.63,3.52,1.35,1.54,-135.98,-422.63,0.00,0.19,4.96 
1747830593.61,2,-213.57,-484.49,0.42,1.81,1.06,-213.57,-484.49,0.00,-0.41,0.49 
1747830593.91,0,-135.97,-421.16,1.32,3.76,0.06,-135.97,-421.16,0.00,0.12,4.94 
1747830593.91,2,-213.69,-484.34,0.41,1.79,1.06,-213.69,-484.34,0.00,-0.41,0.49 
1747830594.01,0,-135.96,-420.77,3.78,1.39,1.51,-135.96,-420.77,0.00,0.11,4.75 
1747830594.01,2,-213.73,-484.29,0.41,1.79,1.06,-213.73,-484.29,0.00,-0.41,0.49 
1747830594.11,0,-135.95,-420.38,3.60,1.63,1.40,-135.95,-420.38,0.00,0.12,4.59 
1747830594.11,2,-213.77,-484.25,0.41,1.79,1.06,-213.77,-484.25,0.00,-0.41,0.49 
1747830594.21,0,-135.95,-419.98,3.75,1.60,1.54,-135.95,-419.98,0.00,0.08,4.46 
1747830594.21,2,-213.81,-484.20,0.41,1.79,1.06,-213.81,-484.20,0.00,-0.41,0.49 
1747830594.31,0,-135.94,-419.64,3.83,1.45,1.50,-135.94,-419.64,0.00,0.10,4.27 
1747830594.31,2,-213.85,-484.15,0.41,1.79,1.06,-213.85,-484.15,0.00,-0.41,0.49 
1747830594.41,0,-135.83,-419.50,1.00,2.90,0.15,-135.83,-419.50,0.00,0.28,3.71 
1747830594.41,2,-213.90,-484.10,0.41,1.79,1.06,-213.90,-484.10,0.00,-0.41,0.49 
1747830594.51,0,-135.80,-418.98,0.98,4.00,0.15,-135.80,-418.98,0.00,0.29,4.00 
1747830594.51,2,-213.94,-484.05,0.41,1.79,1.06,-213.94,-484.05,0.00,-0.41,0.49 
1747830594.61,0,-135.78,-418.49,3.87,1.61,1.56,-135.78,-418.49,0.00,0.27,4.15 
1747830594.61,2,-213.98,-484.00,0.41,1.79,1.06,-213.98,-484.00,0.00,-0.41,0.49 
1747830594.71,0,-135.80,-418.00,3.77,1.45,1.56,-135.80,-418.00,0.00,0.19,4.30 
1747830594.71,2,-213.23,-484.49,0.28,1.04,0.66,-213.23,-484.49,0.00,0.30,0.01 
1747830594.81,0,-135.73,-417.80,0.88,2.84,0.16,-135.73,-417.80,0.00,0.28,3.89 
1747830594.81,2,-213.18,-484.53,0.20,0.95,0.73,-213.18,-484.53,0.00,0.32,-0.05 
1747830595.01,0,-135.74,-416.83,1.53,2.57,1.56,-135.74,-416.83,0.00,0.17,4.20 
1747830595.01,2,-213.09,-484.70,0.24,1.01,0.86,-213.09,-484.70,0.00,0.35,-0.25 
1747830595.21,0,-135.79,-415.85,1.20,3.87,0.20,-135.79,-415.85,0.00,0.04,4.42 
1747830595.21,2,-213.05,-484.74,0.27,1.25,0.90,-213.05,-484.74,0.00,0.31,-0.24 
1747830595.31,0,-135.82,-415.30,0.97,3.79,0.24,-135.82,-415.30,0.00,-0.02,4.60 
1747830595.31,2,-213.01,-484.81,0.34,1.30,0.97,-213.01,-484.81,0.00,0.32,-0.31 
1747830595.41,0,-135.76,-414.83,1.09,3.58,0.11,-135.76,-414.83,0.00,0.09,4.63 
1747830595.41,2,-212.97,-484.79,0.29,1.27,0.66,-212.97,-484.79,0.00,0.35,-0.23 
1747830595.51,0,-135.69,-414.64,0.97,2.76,0.10,-135.69,-414.64,0.00,0.21,4.11 
1747830595.51,2,-212.95,-484.70,0.32,0.91,0.90,-212.95,-484.70,0.00,0.32,-0.01 
1747830595.61,0,-135.71,-414.47,1.95,2.01,0.81,-135.71,-414.47,0.00,0.13,3.66 
1747830595.71,0,-135.75,-413.89,1.08,4.40,0.24,-135.75,-413.89,0.00,0.03,4.06 
1747830595.71,2,-213.14,-484.59,0.39,1.17,1.32,-213.14,-484.59,0.00,-0.11,0.19 
1747830595.81,0,-135.73,-413.37,4.08,1.48,1.41,-135.73,-413.37,0.00,0.07,4.27 
1747830596.31,0,-135.52,-411.59,1.06,2.19,0.05,-135.52,-411.59,0.00,0.21,3.98 
1747830596.41,0,-135.52,-411.27,0.29,1.71,0.43,-135.52,-411.27,0.00,0.18,3.85 
1747830596.51,0,-135.76,-413.29,0.30,1.74,0.21,-135.76,-413.29,0.00,-0.41,-1.66 
1747830596.61,0,-135.87,-414.39,0.32,1.77,0.22,-135.87,-414.39,0.00,-0.57,-3.90 
1747830596.91,0,-135.67,-411.47,0.35,1.94,0.03,-135.67,-411.47,0.00,0.05,2.92 
1747830596.91,2,-213.51,-483.82,0.12,0.81,0.92,-213.51,-483.82,0.00,-0.44,0.91 
1747830597.01,0,-135.56,-412.95,0.37,1.98,0.27,-135.56,-412.95,0.00,0.24,-0.35 
1747830597.01,2,-213.55,-483.73,0.03,0.63,0.92,-213.55,-483.73,0.00,-0.44,0.91 
1747830597.11,0,-135.45,-413.80,0.38,2.03,0.32,-135.45,-413.80,0.00,0.40,-1.94 
1747830597.11,2,-213.60,-483.64,0.03,0.63,0.92,-213.60,-483.64,0.00,-0.44,0.91 
1747830597.21,0,-135.57,-413.57,0.41,2.08,0.27,-135.57,-413.57,0.00,0.08,-1.11 
1747830597.21,2,-213.64,-483.55,0.03,0.63,0.92,-213.64,-483.55,0.00,-0.44,0.91 
1747830597.51,0,-135.86,-412.17,0.43,2.14,0.30,-135.86,-412.17,0.00,-0.37,1.45 
1747830597.51,2,-213.78,-483.27,0.03,0.63,0.92,-213.78,-483.27,0.00,-0.44,0.91 
1747830597.61,0,-135.80,-410.97,0.46,2.21,0.03,-135.80,-410.97,0.00,-0.21,3.28 
1747830597.61,2,-213.82,-483.18,0.03,0.63,0.92,-213.82,-483.18,0.00,-0.44,0.91 
1747830597.71,0,-135.82,-409.73,0.55,2.23,1.45,-135.82,-409.73,0.00,-0.21,5.03 
1747830597.71,2,-212.92,-484.22,0.04,0.65,0.58,-212.92,-484.22,0.00,0.53,-0.25 
1747830597.81,0,-135.64,-409.14,0.59,2.31,0.08,-135.64,-409.14,0.00,0.19,5.22 
1747830597.81,2,-212.87,-484.24,0.05,0.65,0.58,-212.87,-484.24,0.00,0.53,-0.25 
1747830597.91,0,-135.71,-408.62,0.64,2.40,0.26,-135.71,-408.62,0.00,0.02,5.21 
1747830597.91,2,-212.82,-484.27,0.07,0.65,0.58,-212.82,-484.27,0.00,0.53,-0.25 
1747830598.01,0,-135.63,-407.91,0.70,2.51,0.09,-135.63,-407.91,0.00,0.16,5.58 
1747830598.01,2,-212.77,-484.29,0.09,0.66,0.58,-212.77,-484.29,0.00,0.53,-0.25 
1747830598.11,0,-135.60,-407.18,0.77,2.64,0.12,-135.60,-407.18,0.00,0.19,5.90 
1747830598.11,2,-212.71,-484.32,0.12,0.66,0.58,-212.71,-484.32,0.00,0.53,-0.25 
1747830598.21,0,-135.52,-406.93,0.83,2.79,0.17,-135.52,-406.93,0.00,0.30,5.27 
1747830598.21,2,-213.52,-483.93,0.13,0.76,1.38,-213.52,-483.93,0.00,-0.50,0.25 
1747830598.41,0,-135.41,-406.07,0.90,2.95,0.15,-135.41,-406.07,0.00,0.38,4.95 
1747830598.41,2,-213.47,-483.94,0.14,0.90,1.18,-213.47,-483.94,0.00,-0.32,0.17 
1747830598.51,0,-135.58,-405.39,1.00,3.13,0.11,-135.58,-405.39,0.00,0.01,5.28 
1747830598.71,0,-135.71,-404.22,1.29,3.19,1.56,-135.71,-404.22,0.00,-0.19,5.47 
1747830598.81,0,-135.51,-403.76,1.43,3.44,0.16,-135.51,-403.76,0.00,0.19,5.32 
1747830598.91,0,-135.70,-402.95,1.88,3.50,1.52,-135.70,-402.95,0.00,-0.20,5.83 
1747830599.11,0,-135.53,-402.55,2.03,3.95,0.20,-135.53,-402.55,0.00,0.15,4.55 
1747830599.11,2,-213.12,-484.18,0.47,1.29,1.23,-213.12,-484.18,0.00,0.34,-0.27 
1747830599.21,0,-135.34,-402.56,2.21,4.47,0.24,-135.34,-402.56,0.00,0.48,3.72 
1747830599.21,2,-213.08,-484.20,0.42,1.79,1.23,-213.08,-484.20,0.00,0.34,-0.27 
1747830599.41,0,-135.69,-401.07,2.45,5.10,0.04,-135.69,-401.07,0.00,-0.27,4.95 
1747830599.41,2,-213.02,-484.29,0.25,1.59,1.46,-213.02,-484.29,0.00,0.33,-0.32 
1747830599.71,0,-135.31,-399.80,2.73,5.78,0.16,-135.31,-399.80,0.00,0.38,4.65 
1747830599.71,2,-212.92,-484.39,0.20,1.58,1.46,-212.92,-484.39,0.00,0.33,-0.32 
1747830599.81,0,-135.09,-399.50,3.06,6.53,0.21,-135.09,-399.50,0.00,0.70,4.37 
1747830599.81,2,-212.89,-484.42,0.20,1.58,1.46,-212.89,-484.42,0.00,0.33,-0.32 
1747830599.91,0,-135.46,-398.54,4.53,6.17,1.37,-135.46,-398.54,0.00,-0.16,5.37 
1747830599.91,2,-212.86,-484.45,0.20,1.58,1.46,-212.86,-484.45,0.00,0.33,-0.32 
1747830600.11,0,-135.59,-397.53,10.06,4.48,1.49,-135.59,-397.53,0.00,-0.33,5.26 
1747830600.11,2,-212.79,-484.52,0.20,1.58,1.46,-212.79,-484.52,0.00,0.33,-0.32 
1747830600.31,0,-135.53,-396.76,4.80,11.04,0.03,-135.53,-396.76,0.00,-0.11,4.77 
1747830600.31,2,-212.72,-484.58,0.20,1.58,1.46,-212.72,-484.58,0.00,0.33,-0.32 
1747830600.41,0,-135.34,-396.12,5.72,9.17,0.19,-135.34,-396.12,0.00,0.25,5.07 
1747830601.11,0,-135.11,-393.38,10.41,4.64,1.55,-135.11,-393.38,0.00,0.28,4.62 
1747830601.21,0,-135.40,-392.37,8.79,4.00,1.27,-135.40,-392.37,0.00,-0.39,5.77 
1747830601.41,0,-135.24,-391.55,9.65,4.30,1.54,-135.24,-391.55,0.00,0.22,4.92 
1747830601.51,0,-135.31,-390.58,7.95,4.28,1.21,-135.31,-390.58,0.00,-0.02,6.09 
1747830601.61,0,-135.14,-390.75,4.33,12.13,0.10,-135.14,-390.75,0.00,0.40,4.28 
1747830601.81,0,-135.24,-389.44,8.00,3.91,1.25,-135.24,-389.44,0.00,0.05,5.14 
1747830602.01,0,-135.19,-388.12,7.01,3.68,1.14,-135.19,-388.12,0.00,0.11,5.64 
1747830602.11,0,-135.16,-387.35,6.43,3.85,1.11,-135.16,-387.35,0.00,0.16,6.00 
1747830602.21,0,-135.20,-386.85,7.18,3.37,1.29,-135.20,-386.85,0.00,0.05,5.83 
1747830602.31,0,-135.24,-386.36,7.01,3.69,1.20,-135.24,-386.36,0.00,-0.04,5.65 
1747830602.41,0,-135.24,-385.91,7.10,3.84,1.20,-135.24,-385.91,0.00,-0.03,5.43 
1747830602.51,0,-135.08,-385.47,5.60,4.76,0.94,-135.08,-385.47,0.00,0.27,5.23 
1747830602.61,0,-135.06,-384.98,6.10,3.56,1.20,-135.06,-384.98,0.00,0.26,5.19 
1747830602.71,0,-135.05,-384.43,5.93,3.72,1.20,-135.05,-384.43,0.00,0.23,5.24 
1747830602.91,0,-134.79,-383.48,4.43,4.81,0.80,-134.79,-383.48,0.00,0.57,5.07 
