6,0,-159.420,-267.610,0.830,0.260,1.240,-156.673,-283.662,0.000,0.890,-5.200
7,0,-157.340,-272.250,0.900,0.070,0.400,-152.628,-285.818,0.000,1.580,-4.550
8,0,-156.100,-276.160,1.000,0.060,0.290,-151.749,-289.893,0.000,1.410,-4.450
9,0,-154.780,-280.800,0.980,0.100,0.400,-150.964,-293.469,0.000,1.280,-4.250
11,0,-152.630,-288.620,1.050,0.230,0.480,-149.826,-301.098,0.000,0.910,-4.050
12,0,-150.770,-292.200,1.600,0.420,0.540,-145.262,-305.000,0.000,1.730,-4.020
13,0,-148.300,-298.010,1.580,0.900,0.710,-142.793,-310.263,0.000,1.910,-4.250
14,0,-147.290,-301.200,1.560,1.900,0.740,-143.156,-313.046,0.000,1.340,-3.840
15,0,-145.320,-304.690,1.250,0.180,1.060,-139.557,-316.186,0.000,1.870,-3.730
16,0,-143.980,-308.350,1.480,0.250,0.460,-139.472,-319.930,0.000,1.460,-3.750
17,0,-142.220,-313.280,1.710,0.590,0.950,-137.328,-325.809,0.000,1.640,-4.200
18,0,-141.180,-317.590,1.850,0.470,1.010,-137.329,-332.009,0.000,1.250,-4.680
19,0,-139.940,-322.820,2.320,0.580,0.480,-136.838,-337.496,0.000,1.040,-4.920
20,0,-140.210,-328.220,2.840,1.520,0.670,-140.001,-343.856,0.000,0.070,-5.240
22,0,-142.890,-337.940,1.030,0.360,1.120,-148.202,-352.591,0.000,-1.780,-4.910
23,0,-145.770,-342.140,2.160,1.100,0.840,-154.063,-354.907,0.000,-2.780,-4.280
24,0,-149.510,-346.310,4.360,2.300,0.540,-159.702,-358.296,0.000,-3.410,-4.010
25,0,-153.320,-348.720,2.470,5.030,1.530,-164.488,-357.111,0.000,-3.740,-2.810
26,0,-158.770,-350.280,4.710,2.050,0.080,-175.805,-356.545,0.000,-5.520,-2.030
27,0,-163.240,-350.900,6.200,3.230,0.200,-178.074,-353.583,0.000,-4.810,-0.870
28,0,-168.210,-350.300,1.880,9.080,1.120,-182.230,-349.435,0.000,-4.700,0.290
29,0,-173.700,-348.200,2.230,7.800,0.860,-189.072,-343.374,0.000,-5.160,1.620
30,0,-178.260,-344.830,2.770,7.240,0.650,-193.324,-335.165,0.000,-5.050,3.240
31,0,-181.360,-340.950,2.730,7.990,0.780,-191.525,-330.338,0.000,-3.410,3.560
32,0,-184.680,-335.450,3.760,5.710,0.190,-194.136,-320.714,0.000,-3.170,4.940
33,0,-185.990,-330.780,3.170,7.760,0.110,-191.119,-316.854,0.000,-1.720,4.670
34,0,-186.480,-325.060,1.820,4.280,0.020,-189.471,-305.723,0.000,-0.970,6.270
35,0,-186.910,-318.660,4.720,1.750,1.360,-188.640,-301.245,0.000,-0.580,5.840
36,0,-187.190,-313.970,5.020,1.920,1.560,-188.174,-297.748,0.000,-0.330,5.440
37,0,-187.620,-308.340,1.620,4.040,0.060,-188.783,-291.695,0.000,-0.390,5.580
38,0,-187.960,-304.540,2.060,1.100,0.150,-189.125,-291.999,0.000,-0.390,4.200
39,0,-188.490,-299.610,1.720,0.930,0.250,-189.832,-285.386,0.000,-0.450,4.770
40,0,-188.930,-294.410,1.770,2.180,0.280,-190.451,-279.465,0.000,-0.510,5.010
41,0,-188.930,-290.050,2.750,1.970,1.070,-189.239,-274.779,0.000,-0.100,4.950
42,0,-189.540,-284.950,1.790,1.360,0.340,-190.349,-271.074,0.000,-0.270,4.630
43,0,-189.760,-280.270,2.120,3.440,0.270,-190.506,-266.076,0.000,-0.250,4.760
44,0,-189.850,-276.030,0.850,0.370,0.170,-190.268,-262.747,0.000,-0.140,4.450
45,0,-190.340,-271.130,1.060,2.520,0.150,-192.005,-254.759,0.000,-0.540,5.310
46,0,-190.650,-265.820,2.190,3.900,0.340,-190.919,-251.368,0.000,-0.090,4.840
47,0,-191.500,-260.990,2.060,3.200,0.280,-193.314,-248.121,0.000,-0.630,4.470
48,0,-192.420,-256.970,3.240,2.870,1.230,-194.898,-243.652,0.000,-0.830,4.460
49,0,-192.760,-253.010,3.790,2.740,1.190,-194.704,-239.493,0.000,-0.630,4.380
50,0,-193.200,-248.210,1.800,3.400,0.190,-194.423,-235.413,0.000,-0.410,4.290
51,0,-193.920,-243.840,2.010,2.680,0.280,-195.798,-230.634,0.000,-0.630,4.430
52,0,-194.710,-239.050,1.930,3.210,0.200,-196.678,-225.005,0.000,-0.660,4.710
53,0,-195.400,-234.000,3.880,2.370,0.030,-198.054,-219.001,0.000,-0.890,5.030
54,0,-196.120,-228.850,2.520,2.430,1.280,-198.657,-213.656,0.000,-0.850,5.090
55,0,-196.640,-223.500,1.760,2.920,0.180,-198.488,-207.403,0.000,-0.620,5.400
56,0,-197.180,-218.730,1.880,2.750,0.140,-199.247,-202.040,0.000,-0.670,5.410
57,0,-198.020,-213.080,1.600,2.020,0.450,-200.454,-195.765,0.000,-0.790,5.620
58,0,-198.740,-206.720,1.620,3.060,0.180,-200.856,-189.347,0.000,-0.710,5.830
59,0,-199.080,-201.150,2.110,2.560,0.030,-200.511,-184.397,0.000,-0.480,5.620
60,0,-199.010,-195.290,2.490,4.290,0.260,-199.164,-176.120,0.000,-0.050,6.220
61,0,-198.140,-188.420,2.900,2.370,1.220,-195.843,-169.448,0.000,0.770,6.360
62,0,-196.070,-181.730,4.730,1.960,1.070,-191.087,-161.946,0.000,1.670,6.630
63,0,-192.690,-175.820,5.400,2.740,0.710,-183.008,-157.529,0.000,3.250,6.140
64,0,-188.830,-171.610,9.640,3.040,0.430,-176.976,-156.422,0.000,3.840,4.920
65,0,-184.120,-167.760,9.040,2.800,0.180,-171.668,-156.976,0.000,4.180,3.620
66,0,-177.350,-166.000,3.230,7.790,1.280,-158.272,-159.710,0.000,6.400,2.110
67,0,-171.120,-165.880,2.900,6.490,0.970,-150.292,-164.155,0.000,6.760,0.560
68,0,-164.820,-168.480,2.660,6.720,0.760,-147.232,-174.472,0.000,5.900,-2.010
69,0,-160.470,-172.350,2.380,6.830,0.220,-146.627,-182.740,0.000,4.650,-3.490
70,0,-158.080,-177.820,3.520,6.340,0.000,-149.969,-193.326,0.000,2.720,-5.200
71,0,-157.840,-184.270,1.830,4.940,0.020,-155.396,-202.156,0.000,0.820,-6.000
72,0,-158.290,-189.230,3.410,7.600,0.100,-159.036,-203.936,0.000,-0.250,-4.930
73,0,-158.630,-195.110,8.040,2.040,1.340,-159.494,-212.907,0.000,-0.290,-5.970
74,0,-159.470,-203.920,4.740,2.040,1.390,-161.314,-225.009,0.000,-0.640,-7.320
75,0,-160.550,-208.500,3.030,1.600,0.900,-164.060,-227.497,0.000,-1.140,-6.170
76,0,-161.790,-216.230,2.560,2.600,0.840,-164.888,-236.487,0.000,-1.040,-6.800
77,0,-161.760,-222.800,1.700,0.690,0.900,-161.343,-242.862,0.000,0.140,-6.730
78,0,-163.290,-229.710,3.030,2.480,1.460,-166.867,-250.398,0.000,-1.200,-6.940
79,0,-163.810,-236.210,2.080,4.160,0.140,-166.304,-258.317,0.000,-0.810,-7.180
80,0,-165.010,-243.350,1.220,2.900,1.240,-168.405,-262.856,0.000,-1.140,-6.550
81,0,-165.760,-250.090,2.540,2.090,1.430,-168.024,-270.288,0.000,-0.760,-6.780
82,0,-165.620,-256.770,2.270,3.430,0.830,-166.216,-275.938,0.000,-0.200,-6.430
83,0,-166.340,-262.330,1.890,3.520,0.240,-167.849,-281.204,0.000,-0.490,-6.130
84,0,-166.870,-268.780,1.830,0.900,0.140,-168.211,-286.517,0.000,-0.450,-5.950
85,0,-167.330,-275.160,2.330,1.110,0.100,-168.522,-293.362,0.000,-0.400,-6.110
86,0,-167.710,-280.870,2.620,1.110,1.470,-168.694,-298.667,0.000,-0.330,-5.970
87,0,-168.170,-286.800,2.990,1.660,1.550,-169.360,-304.352,0.000,-0.400,-5.900
88,0,-168.350,-292.300,1.660,3.050,0.060,-168.886,-308.750,0.000,-0.180,-5.520
89,0,-168.990,-296.970,2.050,0.880,0.870,-170.182,-311.304,0.000,-0.400,-4.810
90,0,-168.990,-301.780,1.670,2.240,0.050,-169.228,-316.203,0.000,-0.080,-4.840
91,0,-169.490,-306.480,2.000,0.950,0.320,-170.711,-320.392,0.000,-0.410,-4.670
92,0,-169.500,-311.510,2.040,2.220,1.050,-169.679,-325.988,0.000,-0.060,-4.860
93,0,-169.260,-315.580,1.570,1.520,0.360,-168.486,-328.326,0.000,0.260,-4.280
94,0,-168.440,-320.290,1.900,3.590,0.330,-166.264,-334.450,0.000,0.730,-4.750
95,0,-167.270,-324.180,1.400,2.450,1.430,-163.915,-337.231,0.000,1.090,-4.240
96,0,-166.660,-329.320,3.080,2.900,0.390,-163.520,-342.446,0.000,1.050,-4.390
97,0,-165.100,-333.260,2.800,2.860,0.250,-161.673,-345.865,0.000,1.150,-4.230
98,0,-164.830,-337.670,2.740,1.830,0.480,-162.200,-350.553,0.000,0.880,-4.310
99,0,-162.190,-341.740,2.380,1.960,0.370,-156.432,-356.427,0.000,1.870,-4.770
100,0,-160.440,-346.430,1.660,4.660,0.180,-155.525,-360.193,0.000,1.650,-4.620
101,0,-158.850,-350.570,1.720,2.540,0.620,-154.322,-363.469,0.000,1.520,-4.330
102,0,-157.000,-355.110,2.820,2.810,0.690,-150.998,-367.984,0.000,2.000,-4.290
103,0,-154.540,-359.200,1.760,4.730,0.290,-147.631,-371.648,0.000,2.320,-4.180
104,0,-152.690,-363.290,1.930,3.800,0.280,-146.314,-377.119,0.000,2.070,-4.490
105,0,-150.500,-367.630,2.190,4.840,0.320,-144.106,-379.851,0.000,2.140,-4.090
106,0,-148.740,-372.200,2.290,4.440,0.490,-142.782,-385.278,0.000,2.000,-4.390
107,0,-146.930,-375.760,1.910,5.060,0.350,-140.834,-388.630,0.000,1.980,-4.180
108,0,-145.700,-380.960,1.890,4.970,0.380,-141.450,-396.422,0.000,1.380,-5.020
109,0,-143.680,-385.410,2.940,2.330,1.110,-138.533,-397.578,0.000,1.730,-4.090
110,0,-141.690,-389.430,1.670,6.090,0.500,-136.268,-401.376,0.000,1.820,-4.010
111,0,-138.910,-394.380,1.930,3.540,0.560,-131.676,-408.104,0.000,2.430,-4.610
112,0,-136.780,-399.540,1.630,4.440,0.360,-130.162,-414.534,0.000,2.220,-5.030
113,0,-134.500,-404.410,2.460,3.770,1.410,-128.051,-418.085,0.000,2.240,-4.750
114,0,-132.460,-407.870,2.020,7.480,0.700,-125.363,-420.722,0.000,2.380,-4.310
115,0,-130.560,-411.960,2.060,6.510,0.660,-123.476,-425.758,0.000,2.300,-4.480
116,0,-128.230,-417.410,3.220,6.520,0.880,-121.121,-432.166,0.000,2.380,-4.940
117,0,-125.210,-422.190,2.140,7.210,0.530,-117.097,-435.568,0.000,2.820,-4.650
118,0,-123.060,-426.550,2.540,6.290,0.940,-115.878,-440.586,0.000,2.410,-4.710
119,0,-120.450,-431.740,2.760,6.710,0.860,-113.656,-445.502,0.000,2.360,-4.780
120,0,-118.390,-435.700,2.730,6.150,1.020,-109.892,-451.126,0.000,2.760,-5.010
121,0,-115.330,-441.050,2.220,3.590,0.020,-106.798,-456.820,0.000,2.770,-5.120
122,0,-113.370,-445.990,3.520,4.960,0.330,-107.192,-461.435,0.000,2.000,-5.000
123,0,-110.480,-450.800,3.190,4.090,1.190,-102.513,-465.715,0.000,2.580,-4.830
124,0,-108.310,-455.460,3.000,4.260,0.220,-100.681,-471.707,0.000,2.390,-5.090
125,0,-105.370,-461.540,3.730,4.120,0.230,-98.254,-476.998,0.000,2.380,-5.170
126,0,-102.900,-466.620,2.950,3.620,0.940,-95.452,-481.904,0.000,2.490,-5.110
127,0,-100.840,-472.070,1.410,3.630,0.310,-94.301,-488.075,0.000,2.190,-5.360
128,0,-98.680,-477.050,3.080,1.850,1.210,-92.196,-491.512,0.000,2.170,-4.840
129,0,-96.500,-482.720,1.420,3.090,0.230,-89.958,-499.089,0.000,2.190,-5.480
130,0,-94.630,-487.810,1.890,3.070,0.680,-88.291,-504.135,0.000,2.120,-5.460
131,0,-92.440,-492.680,1.270,3.870,0.320,-85.811,-508.147,0.000,2.220,-5.180
132,0,-90.500,-498.350,1.530,3.420,0.200,-83.894,-515.806,0.000,2.210,-5.840
133,0,-88.560,-504.040,1.300,2.520,0.600,-82.614,-521.251,0.000,1.990,-5.760
134,0,-86.980,-509.180,0.990,2.880,0.410,-81.897,-524.997,0.000,1.700,-5.290
135,0,-85.750,-513.680,0.820,2.460,0.040,-81.450,-528.311,0.000,1.440,-4.900
136,0,-83.500,-519.950,0.990,2.540,0.560,-77.522,-537.466,0.000,2.000,-5.860
137,0,-81.900,-524.750,0.180,3.370,0.560,-76.004,-542.130,0.000,1.910,-5.630
138,0,-80.040,-530.730,1.080,3.960,0.380,-74.936,-546.849,0.000,1.710,-5.400
139,0,-78.140,-536.700,1.160,4.060,0.360,-73.032,-552.458,0.000,1.770,-5.460
140,0,-77.060,-540.820,1.360,3.330,0.330,-72.962,-555.625,0.000,1.370,-4.950
141,0,-75.150,-547.340,0.820,2.240,0.650,-70.417,-563.877,0.000,1.640,-5.730
142,0,-73.580,-551.290,0.850,3.250,0.120,-68.527,-565.762,0.000,1.690,-4.840
143,0,-72.120,-555.820,0.840,3.380,0.450,-66.968,-571.368,0.000,1.670,-5.040
144,0,-69.920,-561.250,1.040,3.320,0.400,-64.301,-575.687,0.000,1.880,-4.830
145,0,-68.180,-566.100,0.780,2.540,0.690,-62.689,-580.811,0.000,1.840,-4.930
146,0,-65.670,-571.560,0.550,2.330,0.790,-58.678,-587.546,0.000,2.340,-5.350
147,0,-63.760,-575.460,0.880,2.930,0.550,-56.814,-589.629,0.000,2.250,-4.590
148,0,-61.410,-580.770,0.860,2.990,0.590,-55.069,-594.888,0.000,2.120,-4.720
149,0,-59.750,-584.710,1.330,2.540,0.070,-54.043,-598.161,0.000,1.850,-4.360
150,0,-57.610,-589.540,0.600,1.260,0.210,-52.290,-602.094,0.000,1.780,-4.200
151,0,-55.350,-594.340,0.800,3.450,0.510,-48.986,-608.115,0.000,2.130,-4.610
152,0,-53.680,-598.340,1.640,3.200,0.440,-47.407,-612.430,0.000,2.030,-4.560
153,0,-52.240,-602.660,0.530,1.510,0.120,-47.969,-614.937,0.000,1.430,-4.110
154,0,-50.180,-607.380,0.520,2.260,0.190,-44.712,-620.617,0.000,1.830,-4.430
