8,0,-158.760,-266.830,1.620,1.160,1.250,-150.165,-288.089,0.000,1.690,-4.180
9,0,-157.320,-270.960,1.550,0.130,0.410,-148.771,-293.497,0.000,1.650,-4.350
10,0,-155.790,-276.070,1.640,0.050,0.290,-147.857,-298.749,0.000,1.560,-4.460
11,0,-154.570,-280.900,1.490,0.200,0.400,-147.497,-302.966,0.000,1.420,-4.430
12,0,-153.300,-285.140,0.950,1.450,1.380,-146.422,-306.970,0.000,1.380,-4.380
13,0,-151.990,-289.740,1.460,0.980,0.600,-145.496,-310.835,0.000,1.330,-4.320
14,0,-150.710,-293.520,1.510,1.620,1.450,-143.980,-314.956,0.000,1.350,-4.300
15,0,-149.060,-297.610,1.660,2.090,0.790,-141.986,-318.734,0.000,1.420,-4.240
16,0,-147.250,-302.050,2.860,2.460,0.540,-139.967,-322.531,0.000,1.490,-4.190
17,0,-145.620,-305.590,2.000,2.990,1.570,-137.847,-326.170,0.000,1.560,-4.130
18,0,-143.740,-309.730,1.190,1.800,0.590,-135.930,-329.400,0.000,1.600,-4.030
19,0,-142.280,-313.320,0.910,1.410,0.950,-134.257,-333.352,0.000,1.610,-4.020
20,0,-140.830,-317.570,3.400,1.280,1.000,-133.005,-337.905,0.000,1.570,-4.080
21,0,-139.500,-321.940,2.630,0.880,0.480,-131.974,-342.624,0.000,1.510,-4.150
22,0,-139.060,-325.960,4.450,1.580,1.300,-132.269,-348.459,0.000,1.310,-4.340
23,0,-138.790,-330.960,5.790,1.260,0.560,-133.400,-354.284,0.000,1.040,-4.500
25,0,-141.340,-341.420,1.540,0.440,0.320,-141.594,-365.375,0.000,-0.050,-4.710
30,0,-165.810,-354.840,2.190,1.210,1.120,-185.493,-367.846,0.000,-3.950,-2.610
31,0,-171.550,-353.700,2.740,2.920,0.860,-193.417,-362.068,0.000,-4.390,-1.680
39,0,-190.610,-310.320,4.420,5.000,0.060,-197.136,-282.919,0.000,-1.310,5.500
40,0,-190.030,-305.050,2.180,4.730,1.300,-194.198,-276.687,0.000,-0.820,5.580
41,0,-189.470,-299.060,3.340,1.920,0.250,-191.614,-271.443,0.000,-0.430,5.540
42,0,-189.540,-293.760,2.150,3.760,0.280,-191.239,-266.376,0.000,-0.340,5.480
43,0,-189.380,-289.500,2.870,3.300,1.070,-190.498,-262.515,0.000,-0.220,5.310
44,0,-189.610,-284.700,1.900,4.020,0.060,-190.729,-258.360,0.000,-0.220,5.180
45,0,-189.840,-279.250,2.510,4.160,0.270,-190.936,-253.737,0.000,-0.220,5.120
47,0,-190.170,-270.380,2.650,2.890,0.300,-191.216,-246.381,0.000,-0.210,4.820
48,0,-190.610,-265.660,2.950,3.910,0.330,-191.906,-241.727,0.000,-0.260,4.800
49,0,-191.030,-261.050,2.680,3.660,0.210,-192.526,-237.366,0.000,-0.300,4.750
50,0,-191.740,-256.590,4.410,3.270,1.230,-193.733,-233.270,0.000,-0.400,4.680
51,0,-192.420,-252.200,2.850,4.720,0.080,-194.811,-229.287,0.000,-0.480,4.600
52,0,-193.070,-247.770,2.210,4.210,0.190,-195.661,-225.052,0.000,-0.520,4.560
53,0,-193.740,-243.430,2.600,2.490,0.270,-196.480,-221.011,0.000,-0.550,4.500
54,0,-194.510,-239.000,1.910,3.220,0.200,-197.551,-216.617,0.000,-0.610,4.490
55,0,-195.170,-234.450,4.310,3.260,0.030,-198.258,-212.036,0.000,-0.620,4.500
57,0,-196.480,-225.050,1.630,3.450,0.100,-199.783,-201.169,0.000,-0.650,4.700
58,0,-197.250,-218.940,2.320,3.130,1.140,-200.587,-194.239,0.000,-0.670,4.960
59,0,-198.000,-213.330,2.010,3.800,0.470,-201.437,-187.728,0.000,-0.690,5.140
60,0,-198.760,-207.040,2.240,5.200,0.150,-202.129,-181.117,0.000,-0.690,5.310
61,0,-199.220,-201.600,2.410,3.030,0.030,-202.459,-174.293,0.000,-0.650,5.480
62,0,-199.490,-196.780,4.080,5.280,0.300,-202.497,-167.750,0.000,-0.580,5.600
63,0,-199.380,-189.990,4.370,3.510,1.340,-201.361,-160.735,0.000,-0.390,5.760
64,0,-198.400,-182.970,9.130,4.140,1.070,-198.500,-153.347,0.000,-0.020,5.940
65,0,-196.330,-177.130,10.640,5.590,0.660,-193.689,-146.351,0.000,0.520,6.060
66,0,-192.380,-170.540,12.220,7.820,0.540,-185.606,-140.455,0.000,1.360,6.040
69,0,-176.080,-160.720,5.290,22.100,0.950,-156.122,-140.016,0.000,4.010,4.160
70,0,-170.390,-160.830,4.610,23.280,0.700,-146.294,-143.937,0.000,4.650,3.260
71,0,-164.380,-161.200,3.170,27.940,0.330,-138.527,-149.076,0.000,4.990,2.340
72,0,-157.890,-165.950,2.640,27.730,0.000,-132.477,-163.458,0.000,5.100,0.500
79,0,-158.890,-221.330,7.940,2.300,0.900,-158.940,-254.440,0.000,-0.010,-6.650
80,0,-160.240,-229.130,7.450,3.300,0.830,-161.947,-262.105,0.000,-0.350,-6.760
81,0,-161.890,-236.640,5.400,4.900,0.020,-165.208,-270.549,0.000,-0.680,-6.950
82,0,-163.820,-243.230,1.260,5.090,1.240,-168.901,-278.246,0.000,-1.020,-7.030
83,0,-165.440,-250.080,2.440,2.420,1.430,-171.265,-284.883,0.000,-1.170,-6.990
84,0,-166.380,-256.920,3.520,2.520,0.830,-171.909,-291.488,0.000,-1.110,-6.940
85,0,-166.800,-262.200,3.190,4.140,0.180,-171.875,-297.780,0.000,-0.980,-6.870
88,0,-168.510,-282.040,2.440,2.330,1.470,-171.946,-314.111,0.000,-0.690,-6.440
89,0,-168.650,-287.500,3.940,2.390,1.550,-171.339,-318.276,0.000,-0.540,-6.180
90,0,-168.820,-293.350,2.480,3.790,0.080,-170.918,-322.337,0.000,-0.430,-5.940
91,0,-169.090,-297.860,3.520,1.870,0.870,-171.082,-326.340,0.000,-0.400,-5.720
92,0,-169.290,-302.400,3.050,2.230,0.810,-171.118,-330.639,0.000,-0.360,-5.560
93,0,-169.560,-307.590,2.830,3.010,0.320,-171.203,-334.123,0.000,-0.330,-5.330
94,0,-169.710,-312.220,3.470,2.570,1.050,-171.105,-337.922,0.000,-0.280,-5.160
95,0,-169.780,-316.840,3.420,2.440,0.360,-170.925,-341.879,0.000,-0.230,-5.030
96,0,-169.570,-321.230,4.640,3.360,0.330,-170.168,-345.483,0.000,-0.120,-4.870
97,0,-168.600,-325.920,4.040,3.110,0.010,-167.917,-348.905,0.000,0.140,-4.710
98,0,-167.970,-329.860,5.910,2.910,0.390,-166.623,-353.009,0.000,0.270,-4.640
99,0,-166.310,-333.780,3.100,2.690,0.250,-163.273,-355.986,0.000,0.610,-4.460
100,0,-165.340,-337.960,2.480,2.280,0.350,-161.798,-359.862,0.000,0.710,-4.390
101,0,-164.130,-341.410,1.240,3.680,0.750,-159.624,-364.094,0.000,0.870,-4.380
102,0,-161.910,-346.770,4.920,1.950,0.910,-156.383,-367.801,0.000,1.130,-4.300
103,0,-159.980,-350.640,3.280,2.570,0.620,-153.210,-372.045,0.000,1.360,-4.300
105,0,-155.790,-359.100,3.620,5.100,0.290,-147.377,-380.356,0.000,1.690,-4.270
106,0,-153.790,-363.090,2.970,4.800,0.280,-144.597,-384.980,0.000,1.810,-4.310
107,0,-151.060,-367.740,3.310,4.690,0.320,-141.082,-389.143,0.000,2.000,-4.290
108,0,-149.210,-371.740,2.510,4.980,0.330,-138.999,-393.686,0.000,2.010,-4.320
109,0,-146.900,-376.390,3.820,1.640,1.550,-136.801,-397.782,0.000,2.030,-4.300
110,0,-144.880,-381.320,4.020,3.660,1.510,-135.268,-402.544,0.000,1.970,-4.350
111,0,-143.270,-385.170,3.710,2.690,1.100,-133.664,-406.720,0.000,1.930,-4.330
113,0,-139.420,-393.960,2.030,3.720,0.560,-129.811,-415.718,0.000,1.930,-4.370
114,0,-137.100,-399.040,1.970,6.370,0.370,-127.434,-420.667,0.000,1.980,-4.430
115,0,-134.840,-403.910,2.280,4.530,1.410,-124.836,-426.114,0.000,2.050,-4.550
118,0,-128.240,-417.670,3.160,6.910,0.880,-117.726,-440.017,0.000,2.150,-4.570
119,0,-125.950,-422.080,3.270,7.670,0.530,-115.265,-444.182,0.000,2.190,-4.530
120,0,-123.610,-426.230,2.560,5.020,0.940,-112.208,-448.884,0.000,2.290,-4.550
122,0,-118.430,-435.760,2.270,4.800,0.070,-106.331,-458.962,0.000,2.430,-4.660
123,0,-116.190,-439.810,2.750,4.420,0.160,-103.193,-464.405,0.000,2.510,-4.750
124,0,-113.570,-445.330,3.650,5.860,0.330,-100.993,-469.924,0.000,2.470,-4.830
125,0,-110.410,-450.970,1.850,3.430,0.550,-97.536,-475.471,0.000,2.580,-4.910
126,0,-108.060,-455.680,2.450,4.730,0.870,-94.874,-481.033,0.000,2.590,-4.980
127,0,-105.270,-461.300,4.020,4.370,0.230,-92.456,-486.330,0.000,2.570,-5.020
128,0,-102.710,-466.400,3.550,3.570,0.940,-89.891,-491.540,0.000,2.570,-5.040
129,0,-100.510,-471.710,2.250,3.890,0.310,-88.142,-497.194,0.000,2.480,-5.110
130,0,-98.510,-476.330,3.500,4.350,1.150,-86.192,-502.340,0.000,2.420,-5.110
131,0,-96.290,-482.330,1.850,3.700,0.230,-84.822,-508.307,0.000,2.300,-5.210
133,0,-92.240,-492.680,1.610,3.750,0.320,-81.366,-518.618,0.000,2.180,-5.200
134,0,-90.590,-497.440,1.820,3.570,0.640,-79.901,-524.010,0.000,2.100,-5.220
135,0,-88.800,-502.350,1.690,3.400,0.440,-78.013,-529.732,0.000,2.080,-5.280
136,0,-86.630,-508.870,1.860,3.050,0.410,-76.702,-535.461,0.000,1.990,-5.330
137,0,-85.260,-513.650,1.040,2.480,0.040,-76.034,-539.582,0.000,1.850,-5.200
138,0,-83.480,-519.260,1.750,3.680,0.560,-74.357,-545.680,0.000,1.830,-5.300
140,0,-79.960,-530.440,1.440,3.500,0.380,-70.976,-557.541,0.000,1.800,-5.430
141,0,-78.460,-535.410,0.640,1.700,0.550,-69.458,-563.129,0.000,1.770,-5.450
142,0,-76.860,-540.680,1.270,3.600,0.470,-68.105,-568.166,0.000,1.720,-5.400
143,0,-75.480,-545.830,1.040,3.690,0.280,-67.191,-572.933,0.000,1.630,-5.330
145,0,-71.920,-556.710,1.790,3.280,0.390,-63.597,-582.876,0.000,1.670,-5.250
146,0,-70.340,-561.090,0.610,3.820,0.100,-61.741,-587.344,0.000,1.690,-5.160
147,0,-68.430,-566.380,0.760,2.580,0.690,-59.952,-591.614,0.000,1.700,-5.060
148,0,-66.330,-571.420,1.160,3.470,0.790,-57.346,-596.674,0.000,1.800,-5.060
149,0,-63.870,-576.940,1.550,2.600,0.720,-54.491,-601.560,0.000,1.920,-5.040
150,0,-61.730,-581.700,1.690,2.430,0.630,-52.099,-606.047,0.000,1.970,-4.980
152,0,-57.810,-590.410,0.800,3.630,0.210,-47.780,-614.362,0.000,2.010,-4.800
