7,0,9.050,-730.530,2.620,4.150,0.680,2.522,-724.152,0.000,-1.310,1.280
8,0,8.470,-728.480,2.560,3.990,0.760,3.539,-719.583,0.000,-0.970,1.750
9,0,7.460,-725.910,1.810,4.190,0.740,2.663,-715.566,0.000,-0.960,2.070
10,0,6.520,-723.850,1.430,2.560,0.690,1.888,-713.689,0.000,-0.930,2.040
11,0,5.510,-721.580,0.820,1.860,0.590,0.627,-710.817,0.000,-0.980,2.160
12,0,3.960,-719.450,1.170,1.750,0.450,-2.468,-708.737,0.000,-1.290,2.150
13,0,2.390,-716.740,1.250,1.850,0.480,-4.838,-704.477,0.000,-1.450,2.460
14,0,0.730,-713.690,1.210,1.780,0.470,-6.941,-700.092,0.000,-1.540,2.730
15,0,-1.250,-710.640,1.200,2.060,1.180,-10.269,-696.339,0.000,-1.810,2.870
16,0,-3.610,-707.470,0.540,2.000,0.730,-14.074,-692.421,0.000,-2.100,3.020
17,0,-6.070,-703.970,0.890,3.940,0.590,-17.581,-687.526,0.000,-2.310,3.300
18,0,-8.480,-700.760,1.140,3.350,0.650,-20.238,-684.618,0.000,-2.360,3.240
19,0,-10.780,-697.770,0.730,2.240,0.730,-23.383,-680.999,0.000,-2.480,3.300
20,0,-13.500,-694.150,1.510,3.220,0.680,-26.761,-676.519,0.000,-2.610,3.470
21,0,-16.770,-689.980,1.100,3.290,0.610,-30.869,-671.746,0.000,-2.830,3.660
22,0,-19.770,-685.950,1.130,3.790,0.800,-34.370,-666.666,0.000,-2.930,3.870
23,0,-23.190,-682.050,1.610,4.460,0.790,-39.232,-662.620,0.000,-3.220,3.900
24,0,-25.890,-678.850,1.220,2.880,0.680,-40.481,-661.320,0.000,-2.930,3.520
25,0,-29.750,-674.030,1.110,4.470,0.630,-46.692,-653.052,0.000,-3.400,4.210
26,0,-33.140,-669.770,1.050,3.400,0.700,-50.072,-648.705,0.000,-3.400,4.230
27,0,-36.150,-665.930,1.710,3.950,0.580,-51.893,-646.002,0.000,-3.160,4.000
28,0,-39.180,-661.900,1.350,3.720,0.650,-53.521,-643.315,0.000,-2.940,3.810
29,0,-41.610,-658.810,1.560,3.560,0.540,-55.618,-640.714,0.000,-2.810,3.630
30,0,-43.230,-656.820,1.260,3.550,0.760,-54.591,-642.270,0.000,-2.280,2.920
31,0,-46.470,-652.840,1.460,3.990,0.690,-62.327,-633.045,0.000,-3.060,3.820
32,0,-49.740,-648.870,1.390,3.580,0.850,-65.129,-630.078,0.000,-3.030,3.700
33,0,-52.490,-645.490,0.960,3.150,0.780,-66.929,-627.696,0.000,-2.840,3.500
34,0,-55.630,-641.600,1.050,3.210,0.740,-69.691,-624.149,0.000,-2.820,3.500
35,0,-58.190,-638.250,1.150,2.420,0.770,-72.473,-619.951,0.000,-2.810,3.600
36,0,-61.400,-633.930,1.580,4.510,0.530,-76.951,-613.450,0.000,-3.060,4.030
37,0,-65.560,-628.380,1.290,2.940,0.610,-81.625,-607.041,0.000,-3.290,4.370
38,0,-69.020,-623.920,1.090,2.230,0.680,-86.820,-600.685,0.000,-3.570,4.660
39,0,-72.770,-619.240,1.240,3.970,0.850,-92.441,-594.232,0.000,-3.870,4.920
40,0,-77.890,-613.060,1.520,3.950,0.640,-97.910,-588.401,0.000,-4.100,5.050
41,0,-81.500,-608.750,1.460,3.590,0.680,-101.739,-584.174,0.000,-4.060,4.930
42,0,-85.850,-603.290,1.110,3.270,0.660,-105.382,-579.168,0.000,-4.000,4.940
43,0,-88.990,-599.240,0.800,3.820,0.820,-107.929,-575.416,0.000,-3.800,4.780
44,0,-92.790,-594.610,0.980,3.520,0.800,-111.626,-571.240,0.000,-3.780,4.690
45,0,-95.620,-590.520,1.020,2.350,0.610,-111.781,-568.872,0.000,-3.240,4.340
46,0,-98.920,-586.000,1.360,3.200,0.630,-115.174,-563.862,0.000,-3.260,4.440
47,0,-102.010,-581.620,1.330,3.670,0.600,-117.772,-559.773,0.000,-3.160,4.380
48,0,-103.570,-579.550,1.330,3.940,0.850,-115.162,-563.993,0.000,-2.280,3.060
49,0,-106.930,-574.370,1.550,3.130,0.670,-120.550,-554.165,0.000,-2.730,4.050
50,0,-110.320,-569.450,1.320,3.410,0.580,-125.459,-547.289,0.000,-3.040,4.450
51,0,-113.240,-565.060,1.080,3.730,0.670,-128.054,-543.013,0.000,-2.970,4.420
52,0,-115.660,-561.400,1.770,3.590,0.760,-130.152,-539.890,0.000,-2.850,4.230
53,0,-118.320,-557.250,1.460,3.540,0.510,-132.357,-535.940,0.000,-2.760,4.190
54,0,-120.920,-552.960,1.470,3.570,0.540,-134.489,-531.311,0.000,-2.670,4.260
55,0,-123.580,-547.940,1.570,2.760,0.410,-135.062,-527.517,0.000,-2.350,4.180
56,0,-125.560,-543.630,1.710,3.410,0.510,-136.724,-521.352,0.000,-2.240,4.470
57,0,-127.310,-538.830,2.060,3.570,0.340,-137.186,-515.636,0.000,-1.980,4.650
58,0,-128.600,-533.760,1.870,3.890,0.160,-136.574,-509.239,0.000,-1.600,4.920
59,0,-129.880,-528.580,1.360,3.570,0.240,-137.009,-503.356,0.000,-1.430,5.060
60,0,-130.930,-524.210,1.700,5.250,0.230,-137.133,-501.255,0.000,-1.270,4.700
61,0,-132.460,-518.870,1.500,3.690,0.150,-139.782,-492.421,0.000,-1.470,5.310
62,0,-133.470,-514.460,2.150,5.180,0.160,-139.598,-488.653,0.000,-1.230,5.180
63,0,-134.210,-508.260,1.540,3.310,0.110,-138.947,-479.840,0.000,-0.950,5.700
64,0,-134.740,-503.910,1.530,3.830,0.190,-138.991,-475.035,0.000,-0.820,5.570
65,0,-135.360,-499.770,1.850,7.200,0.120,-138.649,-476.096,0.000,-0.660,4.750
66,0,-135.860,-492.750,1.540,3.340,0.080,-138.751,-463.544,0.000,-0.580,5.860
68,0,-136.530,-483.200,1.730,3.580,0.140,-138.602,-455.430,0.000,-0.400,5.360
70,0,-137.410,-471.520,1.230,3.330,0.090,-139.104,-444.512,0.000,-0.340,5.420
71,0,-137.750,-466.210,1.760,3.010,0.010,-139.245,-439.640,0.000,-0.300,5.330
72,0,-137.920,-462.050,1.140,2.560,0.170,-139.112,-434.798,0.000,-0.230,5.260
73,0,-138.150,-455.300,1.250,3.310,0.110,-139.196,-428.043,0.000,-0.210,5.470
74,0,-138.140,-450.270,3.190,1.560,1.510,-138.699,-422.167,0.000,-0.110,5.530
75,0,-137.790,-444.600,1.690,3.470,0.050,-137.192,-418.140,0.000,0.120,5.310
76,0,-137.700,-439.410,1.350,3.400,1.470,-137.351,-413.349,0.000,0.070,5.230
77,0,-136.980,-434.110,2.010,3.850,0.150,-134.978,-409.749,0.000,0.410,4.990
78,0,-136.480,-429.860,1.570,3.670,0.020,-134.088,-405.692,0.000,0.480,4.850
79,0,-135.990,-424.810,3.860,0.980,1.540,-133.747,-401.888,0.000,0.460,4.700
80,0,-135.850,-420.820,3.690,1.600,1.510,-134.356,-398.111,0.000,0.300,4.560
81,0,-135.610,-417.460,1.090,2.390,0.170,-134.187,-396.569,0.000,0.280,4.110
82,0,-135.560,-412.410,0.900,2.730,0.130,-134.779,-392.296,0.000,0.160,4.120
83,0,-135.600,-411.940,0.400,2.080,0.270,-135.151,-400.126,0.000,0.090,2.370
84,0,-135.610,-408.870,0.710,2.580,0.090,-135.411,-393.775,0.000,0.040,3.030
