1747830128.52,0,-159.42,-265.47,2.53,0.95,0.76,-159.42,-265.47,0.00,1.55,-5.21 
1747830128.62,0,-159.56,-266.02,3.30,0.97,0.24,-159.56,-266.02,0.00,1.33,-5.23 
1747830128.62,0,-159.43,-266.55,0.98,0.66,0.24,-159.43,-266.55,0.00,1.33,-5.23 
1747830128.82,0,-159.37,-267.09,1.28,0.06,0.30,-159.37,-267.09,0.00,1.27,-5.25 
1747830129.22,0,-158.76,-269.00,1.28,0.08,1.06,-158.76,-269.00,0.00,1.34,-5.13 
1747830129.32,0,-158.49,-269.44,1.33,0.10,0.32,-158.49,-269.44,0.00,1.43,-5.08 
1747830129.42,0,-158.35,-269.87,1.32,0.16,0.99,-158.35,-269.87,0.00,1.43,-5.03 
1747830129.62,0,-158.03,-270.64,1.34,0.21,0.37,-158.03,-270.64,0.00,1.45,-4.86 
1747830130.12,0,-157.16,-273.00,1.76,0.25,0.25,-157.16,-273.00,0.00,1.54,-4.81 
1747830130.32,0,-156.78,-273.87,1.89,0.29,0.97,-156.78,-273.87,0.00,1.59,-4.75 
1747830130.52,0,-156.41,-274.61,1.87,0.39,0.35,-156.41,-274.61,0.00,1.63,-4.60 
1747830130.72,0,-156.25,-275.48,1.77,0.63,0.93,-156.25,-275.48,0.00,1.50,-4.56 
1747830130.92,0,-155.91,-276.38,1.22,0.03,0.29,-155.91,-276.38,0.00,1.53,-4.55 
1747830132.22,0,-154.28,-282.11,1.23,0.05,0.65,-154.28,-282.11,0.00,1.42,-4.50 
1747830132.72,0,-153.35,-283.75,1.24,0.06,0.67,-153.35,-283.75,0.00,1.58,-4.07 
1747830132.92,0,-153.28,-284.54,1.23,0.09,0.34,-153.28,-284.54,0.00,1.40,-4.06 
1747830133.02,0,-153.23,-284.91,1.17,0.21,1.38,-153.23,-284.91,0.00,1.31,-4.03 
1747830133.12,0,-153.15,-285.34,1.21,0.08,0.48,-153.15,-285.34,0.00,1.27,-4.05 
1747830133.52,0,-152.79,-286.96,1.23,0.11,0.45,-152.79,-286.96,0.00,1.13,-4.05 
1747830133.62,0,-152.69,-287.32,1.24,0.14,0.45,-152.69,-287.32,0.00,1.11,-4.01 
1747830133.72,0,-152.62,-287.77,1.37,0.19,0.40,-152.62,-287.77,0.00,1.09,-4.05 
1747830133.82,0,-152.61,-288.19,1.44,0.23,0.60,-152.61,-288.19,0.00,1.00,-4.07 
1747830134.02,0,-152.44,-289.02,1.32,0.07,0.39,-152.44,-289.02,0.00,0.97,-4.08 
1747830134.22,0,-152.12,-289.89,1.33,0.08,1.50,-152.12,-289.89,0.00,1.07,-4.12 
1747830134.32,0,-151.93,-290.19,1.36,0.11,0.68,-151.93,-290.19,0.00,1.14,-4.03 
1747830134.42,0,-151.78,-290.55,1.39,0.14,0.45,-151.78,-290.55,0.00,1.17,-4.00 
1747830134.72,0,-151.37,-291.79,1.37,0.20,0.65,-151.37,-291.79,0.00,1.21,-4.03 
1747830134.82,0,-151.07,-292.22,1.40,0.26,0.54,-151.07,-292.22,0.00,1.34,-4.05 
1747830134.92,0,-150.93,-292.53,1.43,0.34,0.40,-150.93,-292.53,0.00,1.35,-3.98 
1747830135.02,0,-150.78,-292.92,0.53,1.27,1.44,-150.78,-292.92,0.00,1.36,-3.97 
1747830135.12,0,-150.61,-293.29,1.41,0.07,0.51,-150.61,-293.29,0.00,1.38,-3.95 
1747830135.22,0,-150.26,-293.87,1.40,0.12,0.78,-150.26,-293.87,0.00,1.54,-4.09 
1747830135.32,0,-150.04,-294.46,1.40,0.19,0.48,-150.04,-294.46,0.00,1.59,-4.22 
1747830135.72,0,-149.25,-296.30,1.39,0.30,0.87,-149.25,-296.30,0.00,1.69,-4.32 
1747830135.82,0,-148.98,-296.80,1.38,0.48,0.88,-148.98,-296.80,0.00,1.76,-4.37 
1747830136.12,0,-148.38,-298.08,1.40,0.64,0.71,-148.38,-298.08,0.00,1.81,-4.35 
1747830136.22,0,-148.35,-298.26,1.45,0.81,0.67,-148.35,-298.26,0.00,1.70,-4.17 
1747830136.32,0,-148.25,-298.57,1.48,1.05,0.54,-148.25,-298.57,0.00,1.65,-4.09 
1747830136.52,0,-147.94,-299.47,1.51,1.36,0.33,-147.94,-299.47,0.00,1.64,-4.15 
1747830136.62,0,-147.71,-299.96,1.54,1.72,0.58,-147.71,-299.96,0.00,1.68,-4.21 
1747830136.72,0,-147.55,-300.44,1.12,2.90,0.49,-147.55,-300.44,0.00,1.68,-4.25 
1747830137.02,0,-147.06,-301.75,1.74,3.54,0.29,-147.06,-301.75,0.00,1.67,-4.27 
1747830137.22,0,-146.71,-302.45,1.95,1.85,0.90,-146.71,-302.45,0.00,1.68,-4.16 
1747830137.62,0,-145.92,-303.83,1.53,3.50,0.92,-145.92,-303.83,0.00,1.77,-3.98 
1747830137.92,0,-145.38,-304.90,1.44,3.23,1.06,-145.38,-304.90,0.00,1.78,-3.90 
1747830138.32,0,-144.54,-306.53,0.87,3.07,1.07,-144.54,-306.53,0.00,1.87,-3.95 
1747830138.82,0,-143.82,-308.39,1.71,0.74,0.33,-143.82,-308.39,0.00,1.73,-3.87 
1747830138.92,0,-143.79,-308.67,1.53,0.91,0.46,-143.79,-308.67,0.00,1.64,-3.81 
1747830139.02,0,-143.57,-309.21,1.52,1.25,0.34,-143.57,-309.21,0.00,1.67,-3.91 
1747830139.12,0,-143.55,-309.60,1.68,1.77,0.99,-143.55,-309.60,0.00,1.57,-3.91 
1747830139.22,0,-143.38,-309.96,1.97,0.47,0.63,-143.38,-309.96,0.00,1.58,-3.89 
1747830139.32,0,-143.28,-310.39,1.71,0.23,0.66,-143.28,-310.39,0.00,1.53,-3.92 
1747830139.62,0,-142.81,-311.56,1.23,0.13,0.44,-142.81,-311.56,0.00,1.54,-3.92 
1747830139.82,0,-142.53,-312.31,1.25,0.18,0.48,-142.53,-312.31,0.00,1.52,-3.89 
1747830140.12,0,-142.08,-313.43,1.29,0.23,0.46,-142.08,-313.43,0.00,1.52,-3.86 
1747830140.22,0,-141.90,-313.87,1.31,0.30,0.21,-141.90,-313.87,0.00,1.53,-3.90 
1747830140.32,0,-141.80,-314.34,1.39,0.35,0.39,-141.80,-314.34,0.00,1.50,-3.96 
1747830140.62,0,-141.38,-315.64,1.50,0.41,0.45,-141.38,-315.64,0.00,1.47,-4.03 
1747830140.72,0,-141.33,-316.22,1.69,0.46,1.14,-141.33,-316.22,0.00,1.41,-4.16 
1747830140.82,0,-141.25,-316.80,1.88,0.52,1.10,-141.25,-316.80,0.00,1.36,-4.28 
1747830140.92,0,-141.11,-317.36,1.98,0.64,1.01,-141.11,-317.36,0.00,1.36,-4.37 
1747830141.02,0,-140.98,-317.86,2.13,0.75,1.00,-140.98,-317.86,0.00,1.36,-4.42 
1747830141.12,0,-140.83,-318.24,2.35,0.74,0.73,-140.83,-318.24,0.00,1.37,-4.38 
1747830141.22,0,-140.69,-318.64,1.72,1.12,0.51,-140.69,-318.64,0.00,1.37,-4.35 
1747830141.32,0,-140.59,-319.15,2.80,1.02,1.11,-140.59,-319.15,0.00,1.34,-4.40 
1747830141.42,0,-140.47,-319.57,1.81,0.83,0.45,-140.47,-319.57,0.00,1.34,-4.39 
1747830141.52,0,-140.34,-320.02,1.64,0.51,0.47,-140.34,-320.02,0.00,1.33,-4.40 
1747830141.92,0,-139.88,-321.93,1.74,0.62,0.53,-139.88,-321.93,0.00,1.28,-4.50 
1747830142.02,0,-139.86,-322.46,2.01,0.66,0.48,-139.86,-322.46,0.00,1.21,-4.55 
1747830142.22,0,-139.83,-323.50,2.20,0.77,0.93,-139.83,-323.50,0.00,1.06,-4.64 
1747830142.82,0,-139.66,-326.72,2.39,0.87,1.30,-139.66,-326.72,0.00,0.78,-4.91 
1747830142.92,0,-139.86,-327.43,2.62,0.99,1.30,-139.86,-327.43,0.00,0.60,-5.05 
1747830143.12,0,-139.97,-328.62,2.86,1.14,1.28,-139.97,-328.62,0.00,0.43,-5.18 
1747830143.22,0,-140.09,-329.24,3.17,1.31,1.30,-140.09,-329.24,0.00,0.31,-5.26 
1747830143.42,0,-140.11,-330.16,2.61,1.90,0.61,-140.11,-330.16,0.00,0.25,-5.16 
1747830143.72,0,-140.13,-331.75,4.29,1.89,1.20,-140.13,-331.75,0.00,0.17,-5.19 
1747830143.92,0,-140.05,-332.58,2.24,1.71,0.21,-140.05,-332.58,0.00,0.21,-5.03 
1747830144.32,0,-140.73,-334.29,2.48,2.00,0.90,-140.73,-334.29,0.00,-0.31,-4.83 
1747830144.42,0,-140.76,-334.77,1.41,0.40,0.90,-140.76,-334.77,0.00,-0.31,-4.83 
1747830144.52,0,-141.14,-335.46,1.50,0.44,1.25,-141.14,-335.46,0.00,-0.56,-4.98 
1747830144.72,0,-141.59,-336.34,1.58,0.52,0.42,-141.59,-336.34,0.00,-0.80,-4.90 
1747830145.12,0,-142.33,-338.37,1.66,0.60,1.10,-142.33,-338.37,0.00,-1.07,-4.94 
1747830145.22,0,-142.69,-338.81,1.81,0.68,0.55,-142.69,-338.81,0.00,-1.24,-4.91 
1747830145.52,0,-143.50,-340.16,1.90,0.80,0.81,-143.50,-340.16,0.00,-1.53,-4.83 
1747830145.82,0,-144.42,-341.40,2.04,0.91,0.32,-144.42,-341.40,0.00,-1.85,-4.69 
1747830146.02,0,-145.24,-342.19,2.19,1.06,0.84,-145.24,-342.19,0.00,-2.16,-4.58 
1747830146.12,0,-145.69,-342.60,2.42,1.20,0.87,-145.69,-342.60,0.00,-2.32,-4.55 
1747830146.22,0,-146.11,-343.13,2.75,1.34,0.86,-146.11,-343.13,0.00,-2.46,-4.60 
1747830146.32,0,-146.53,-343.64,3.07,1.51,0.86,-146.53,-343.64,0.00,-2.58,-4.64 
1747830146.52,0,-147.29,-344.56,3.41,1.70,0.65,-147.29,-344.56,0.00,-2.76,-4.63 
1747830146.72,0,-148.00,-345.23,3.62,2.04,0.18,-148.00,-345.23,0.00,-2.87,-4.45 
1747830147.22,0,-149.71,-347.16,3.95,2.28,0.44,-149.71,-347.16,0.00,-3.04,-4.26 
1747830147.32,0,-150.24,-347.19,4.19,2.66,0.05,-150.24,-347.19,0.00,-3.20,-4.00 
1747830147.52,0,-151.16,-347.82,4.85,4.10,0.36,-151.16,-347.82,0.00,-3.39,-3.88 
1747830147.82,0,-152.59,-348.80,5.50,3.02,0.35,-152.59,-348.80,0.00,-3.68,-3.75 
1747830147.92,0,-153.12,-348.97,5.17,2.98,0.33,-153.12,-348.97,0.00,-3.81,-3.60 
1747830148.12,0,-154.06,-349.44,4.82,3.16,0.30,-154.06,-349.44,0.00,-3.94,-3.41 
1747830148.32,0,-154.73,-349.82,8.38,3.04,0.34,-154.73,-349.82,0.00,-3.85,-3.19 
1747830148.42,0,-155.40,-349.93,6.08,3.66,0.08,-155.40,-349.93,0.00,-4.06,-3.04 
1747830148.52,0,-156.03,-350.13,6.19,2.58,0.19,-156.03,-350.13,0.00,-4.23,-2.96 
1747830148.62,0,-156.69,-350.31,5.68,2.74,0.13,-156.69,-350.31,0.00,-4.40,-2.87 
1747830148.82,0,-157.80,-350.71,5.43,2.97,0.08,-157.80,-350.71,0.00,-4.57,-2.75 
1747830149.12,0,-159.29,-351.24,3.87,5.66,1.37,-159.29,-351.24,0.00,-4.65,-2.54 
1747830149.42,0,-160.50,-351.61,8.52,3.65,0.04,-160.50,-351.61,0.00,-4.53,-2.28 
1747830149.52,0,-161.20,-351.52,3.33,6.35,1.49,-161.20,-351.52,0.00,-4.70,-2.06 
1747830149.82,0,-162.56,-351.77,3.53,7.42,1.46,-162.56,-351.77,0.00,-4.66,-1.81 
1747830149.92,0,-163.30,-351.64,5.80,4.65,0.20,-163.30,-351.64,0.00,-4.85,-1.59 
1747830150.02,0,-163.99,-351.47,4.06,6.69,1.36,-163.99,-351.47,0.00,-5.00,-1.36 
1747830150.12,0,-164.62,-351.38,3.67,6.26,1.29,-164.62,-351.38,0.00,-5.09,-1.19 
1747830150.42,0,-166.32,-351.42,3.33,6.57,1.33,-166.32,-351.42,0.00,-5.21,-0.97 
1747830150.62,0,-167.18,-351.34,3.80,8.56,1.26,-167.18,-351.34,0.00,-5.08,-0.77 
1747830150.72,0,-167.87,-351.08,3.20,6.54,1.13,-167.87,-351.08,0.00,-5.22,-0.53 
1747830150.82,0,-168.54,-350.90,5.67,4.36,0.01,-168.54,-350.90,0.00,-5.32,-0.36 
1747830151.02,0,-169.44,-350.76,3.68,8.07,1.12,-169.44,-350.76,0.00,-5.20,-0.21 
1747830151.32,0,-170.78,-350.47,4.55,7.78,1.02,-170.78,-350.47,0.00,-5.06,0.03 
1747830151.42,0,-171.50,-350.06,3.41,7.38,1.05,-171.50,-350.06,0.00,-5.20,0.32 
1747830151.72,0,-172.87,-349.60,4.63,7.92,0.90,-172.87,-349.60,0.00,-5.07,0.57 
1747830152.02,0,-174.22,-349.01,4.14,8.07,0.86,-174.22,-349.01,0.00,-4.96,0.85 
1747830152.12,0,-174.88,-348.44,3.20,7.26,0.86,-174.88,-348.44,0.00,-5.07,1.19 
1747830152.32,0,-175.71,-347.94,3.95,7.96,0.77,-175.71,-347.94,0.00,-4.94,1.37 
1747830152.62,0,-176.19,-347.29,4.27,9.35,1.22,-176.19,-347.29,0.00,-4.25,1.54 
1747830152.72,0,-176.69,-346.82,2.87,9.33,0.70,-176.69,-346.82,0.00,-4.30,1.76 
1747830152.82,0,-177.20,-346.44,2.14,9.37,0.73,-177.20,-346.44,0.00,-4.36,1.91 
1747830152.92,0,-177.82,-345.82,2.95,8.21,0.65,-177.82,-345.82,0.00,-4.50,2.21 
1747830153.02,0,-178.38,-345.24,3.47,7.76,0.65,-178.38,-345.24,0.00,-4.58,2.47 
1747830153.12,0,-178.89,-344.68,3.58,7.38,0.59,-178.89,-344.68,0.00,-4.62,2.71 
1747830153.22,0,-179.38,-344.16,3.49,6.75,0.59,-179.38,-344.16,0.00,-4.63,2.89 
1747830153.32,0,-179.90,-343.69,2.08,6.41,0.56,-179.90,-343.69,0.00,-4.67,3.03 
1747830153.52,0,-180.65,-343.10,2.42,6.85,0.95,-180.65,-343.10,0.00,-4.54,3.02 
1747830153.62,0,-181.03,-342.56,4.26,6.46,0.51,-181.03,-342.56,0.00,-4.49,3.19 
1747830153.82,0,-181.26,-342.16,4.28,8.49,0.96,-181.26,-342.16,0.00,-4.00,3.02 
1747830153.92,0,-181.67,-341.61,2.99,7.61,0.09,-181.67,-341.61,0.00,-4.01,3.20 
1747830154.02,0,-181.94,-341.20,3.89,8.24,0.78,-181.94,-341.20,0.00,-3.92,3.26 
1747830154.12,0,-182.22,-340.78,3.86,8.16,0.36,-182.22,-340.78,0.00,-3.84,3.33 
1747830154.22,0,-182.49,-340.34,4.05,7.80,0.37,-182.49,-340.34,0.00,-3.76,3.41 
1747830154.32,0,-182.87,-339.71,3.00,7.46,0.31,-182.87,-339.71,0.00,-3.76,3.62 
1747830154.62,0,-183.99,-338.23,3.27,7.39,0.45,-183.99,-338.23,0.00,-3.75,3.89 
1747830155.22,0,-185.55,-335.52,5.38,8.62,0.21,-185.55,-335.52,0.00,-3.35,4.11 
1747830155.52,0,-186.13,-333.60,5.02,6.11,0.53,-186.13,-333.60,0.00,-3.07,4.57 
1747830155.62,0,-186.02,-333.14,4.12,8.14,0.16,-186.02,-333.14,0.00,-2.78,4.57 
1747830155.72,0,-185.99,-332.69,3.79,8.56,0.45,-185.99,-332.69,0.00,-2.55,4.56 
1747830155.82,0,-186.05,-332.21,3.24,7.60,0.20,-186.05,-332.21,0.00,-2.40,4.58 
1747830156.02,0,-186.27,-331.20,3.82,7.69,0.11,-186.27,-331.20,0.00,-2.19,4.65 
1747830156.12,0,-186.41,-330.37,2.42,6.82,0.12,-186.41,-330.37,0.00,-2.13,4.95 
1747830156.42,0,-186.73,-328.85,3.49,7.64,0.21,-186.73,-328.85,0.00,-1.89,4.97 
1747830156.52,0,-186.71,-328.38,3.88,7.90,0.00,-186.71,-328.38,0.00,-1.73,4.95 
1747830156.62,0,-186.69,-327.76,3.97,6.98,0.40,-186.69,-327.76,0.00,-1.59,5.04 
1747830156.82,0,-186.89,-326.33,6.34,2.24,1.53,-186.89,-326.33,0.00,-1.50,5.36 
1747830157.02,0,-187.06,-324.99,3.49,5.95,0.34,-187.06,-324.99,0.00,-1.41,5.55 
1747830157.22,0,-187.18,-323.59,2.65,5.47,0.15,-187.18,-323.59,0.00,-1.29,5.77 
1747830157.32,0,-187.14,-322.86,2.82,5.34,0.00,-187.14,-322.86,0.00,-1.16,5.88 
1747830157.42,0,-187.06,-322.21,4.06,2.53,1.26,-187.06,-322.21,0.00,-1.03,5.92 
1747830157.52,0,-187.06,-321.79,2.04,8.50,0.08,-187.06,-321.79,0.00,-0.95,5.79 
1747830157.82,0,-187.26,-319.95,4.60,2.03,1.50,-187.26,-319.95,0.00,-0.89,5.87 
1747830157.92,0,-187.22,-319.27,4.69,2.44,1.45,-187.22,-319.27,0.00,-0.80,5.93 
1747830158.02,0,-187.23,-318.73,4.46,2.35,1.36,-187.23,-318.73,0.00,-0.75,5.89 
1747830158.12,0,-187.30,-318.46,9.83,1.83,1.46,-187.30,-318.46,0.00,-0.75,5.66 
1747830158.22,0,-187.26,-317.96,3.22,2.53,1.01,-187.26,-317.96,0.00,-0.66,5.61 
1747830158.42,0,-187.25,-316.91,3.26,2.97,0.90,-187.25,-316.91,0.00,-0.56,5.56 
1747830158.52,0,-187.32,-316.73,8.98,1.99,1.42,-187.32,-316.73,0.00,-0.57,5.29 
1747830158.62,0,-187.30,-316.22,3.27,2.20,1.05,-187.30,-316.22,0.00,-0.51,5.28 
1747830158.72,0,-187.34,-315.72,1.67,2.76,0.04,-187.34,-315.72,0.00,-0.51,5.26 
1747830158.82,0,-187.34,-315.12,2.43,2.61,1.46,-187.34,-315.12,0.00,-0.47,5.32 
1747830159.02,0,-187.37,-313.93,4.94,2.28,1.56,-187.37,-313.93,0.00,-0.43,5.40 
1747830159.32,0,-187.46,-312.30,4.51,1.67,1.44,-187.46,-312.30,0.00,-0.40,5.40 
1747830159.72,0,-187.60,-310.40,2.87,3.44,0.58,-187.60,-310.40,0.00,-0.39,5.24 
1747830159.92,0,-187.59,-309.17,4.80,1.49,1.41,-187.59,-309.17,0.00,-0.32,5.36 
1747830160.22,0,-187.66,-307.81,1.88,1.74,0.31,-187.66,-307.81,0.00,-0.31,5.19 
1747830160.32,0,-187.79,-307.17,1.87,2.25,0.25,-187.79,-307.17,0.00,-0.38,5.28 
1747830160.62,0,-187.82,-305.72,2.63,1.69,1.10,-187.82,-305.72,0.00,-0.32,5.18 
1747830160.72,0,-187.86,-305.36,3.27,1.31,1.13,-187.86,-305.36,0.00,-0.32,5.08 
1747830160.82,0,-187.90,-304.98,3.67,1.29,1.26,-187.90,-304.98,0.00,-0.33,4.98 
1747830161.02,0,-187.99,-304.13,2.11,1.93,0.15,-187.99,-304.13,0.00,-0.35,4.88 
1747830161.22,0,-188.08,-303.18,2.27,0.90,0.97,-188.08,-303.18,0.00,-0.36,4.86 
1747830161.32,0,-188.09,-302.67,1.18,1.95,1.44,-188.09,-302.67,0.00,-0.34,4.87 
1747830161.52,0,-188.25,-301.72,2.18,2.11,0.18,-188.25,-301.72,0.00,-0.41,4.86 
1747830161.62,0,-188.29,-301.22,1.48,2.23,0.17,-188.29,-301.22,0.00,-0.41,4.86 
1747830161.92,0,-188.39,-299.82,2.61,1.16,1.07,-188.39,-299.82,0.00,-0.39,4.82 
1747830162.02,0,-188.44,-299.37,1.70,0.82,0.25,-188.44,-299.37,0.00,-0.40,4.81 
1747830162.22,0,-188.52,-298.37,1.53,1.75,1.52,-188.52,-298.37,0.00,-0.40,4.83 
1747830162.32,0,-188.54,-297.92,2.75,1.30,1.14,-188.54,-297.92,0.00,-0.38,4.81 
1747830162.72,0,-188.74,-296.01,1.86,2.08,0.01,-188.74,-296.01,0.00,-0.42,4.80 
1747830162.82,0,-188.79,-295.38,1.68,3.78,0.12,-188.79,-295.38,0.00,-0.42,4.90 
1747830163.12,0,-188.99,-294.09,2.50,1.46,0.37,-188.99,-294.09,0.00,-0.47,4.78 
1747830163.22,0,-189.02,-293.68,1.71,3.03,0.27,-189.02,-293.68,0.00,-0.46,4.73 
1747830163.32,0,-189.06,-293.18,1.71,2.66,0.04,-189.06,-293.18,0.00,-0.45,4.75 
1747830163.42,0,-189.07,-292.72,2.07,0.88,0.48,-189.07,-292.72,0.00,-0.43,4.74 
1747830163.82,0,-189.18,-290.84,2.17,1.09,0.45,-189.18,-290.84,0.00,-0.39,4.72 
1747830164.22,0,-189.49,-288.89,2.16,1.41,0.96,-189.49,-288.89,0.00,-0.49,4.77 
1747830164.32,0,-189.52,-288.43,1.71,1.65,0.06,-189.52,-288.43,0.00,-0.48,4.75 
1747830164.42,0,-189.53,-287.88,1.75,2.00,0.05,-189.53,-287.88,0.00,-0.45,4.81 
1747830164.62,0,-189.53,-286.80,2.52,2.34,1.54,-189.53,-286.80,0.00,-0.39,4.89 
1747830164.72,0,-189.55,-286.25,1.82,3.02,0.11,-189.55,-286.25,0.00,-0.37,4.94 
1747830164.82,0,-189.53,-285.77,2.11,2.34,0.10,-189.53,-285.77,0.00,-0.33,4.93 
1747830164.92,0,-189.52,-285.31,1.78,2.79,0.06,-189.52,-285.31,0.00,-0.29,4.90 
1747830165.12,0,-189.59,-284.48,2.43,1.63,0.42,-189.59,-284.48,0.00,-0.31,4.79 
1747830165.62,0,-189.65,-281.99,1.98,2.43,0.02,-189.65,-281.99,0.00,-0.24,4.85 
1747830165.72,0,-189.71,-281.41,1.85,3.32,0.15,-189.71,-281.41,0.00,-0.27,4.91 
1747830165.82,0,-189.71,-281.07,3.00,2.42,0.90,-189.71,-281.07,0.00,-0.25,4.80 
1747830166.02,0,-189.82,-280.09,2.11,3.05,0.27,-189.82,-280.09,0.00,-0.30,4.82 
1747830166.22,0,-189.85,-279.06,1.96,2.89,0.26,-189.85,-279.06,0.00,-0.27,4.87 
1747830166.82,0,-189.61,-276.44,2.35,1.68,0.15,-189.61,-276.44,0.00,-0.03,4.68 
1747830167.02,0,-189.73,-275.66,1.20,0.71,0.17,-189.73,-275.66,0.00,-0.11,4.58 
1747830167.12,0,-189.83,-275.31,1.48,0.52,0.57,-189.83,-275.31,0.00,-0.17,4.50 
1747830167.42,0,-189.77,-274.03,1.55,0.61,0.17,-189.77,-274.03,0.00,-0.08,4.46 
1747830167.62,0,-189.90,-272.88,1.57,0.82,0.04,-189.90,-272.88,0.00,-0.17,4.65 
1747830167.72,0,-190.11,-272.33,1.63,1.03,0.46,-190.11,-272.33,0.00,-0.32,4.71 
1747830167.82,0,-190.24,-271.74,1.68,1.33,0.23,-190.24,-271.74,0.00,-0.39,4.80 
1747830167.92,0,-190.33,-271.18,1.68,1.79,0.15,-190.33,-271.18,0.00,-0.43,4.86 
1747830168.42,0,-190.55,-268.74,1.76,3.25,0.20,-190.55,-268.74,0.00,-0.44,4.87 
1747830168.52,0,-190.66,-268.09,1.68,4.25,0.32,-190.66,-268.09,0.00,-0.48,4.98 
1747830168.62,0,-190.73,-267.72,2.18,4.87,0.45,-190.73,-267.72,0.00,-0.50,4.88 
1747830168.72,0,-190.76,-267.26,1.96,3.45,0.21,-190.76,-267.26,0.00,-0.48,4.87 
1747830168.82,0,-190.70,-266.87,1.94,4.81,0.48,-190.70,-266.87,0.00,-0.40,4.79 
1747830168.92,0,-190.69,-266.39,2.09,3.54,0.33,-190.69,-266.39,0.00,-0.35,4.79 
1747830169.02,0,-190.67,-265.86,2.25,3.96,0.34,-190.67,-265.86,0.00,-0.31,4.83 
1747830169.22,0,-190.73,-264.93,1.74,3.64,0.43,-190.73,-264.93,0.00,-0.31,4.80 
1747830169.42,0,-190.92,-264.03,2.09,3.77,0.55,-190.92,-264.03,0.00,-0.41,4.76 
1747830169.72,0,-191.14,-262.57,2.10,3.92,0.45,-191.14,-262.57,0.00,-0.48,4.78 
1747830169.82,0,-191.22,-262.09,2.01,3.78,0.16,-191.22,-262.09,0.00,-0.50,4.78 
1747830169.92,0,-191.30,-261.71,2.05,3.43,0.18,-191.30,-261.71,0.00,-0.52,4.72 
1747830170.22,0,-191.50,-260.37,2.20,3.42,0.22,-191.50,-260.37,0.00,-0.55,4.66 
1747830170.32,0,-191.65,-260.00,3.13,3.66,0.73,-191.65,-260.00,0.00,-0.62,4.59 
1747830170.42,0,-191.76,-259.48,1.92,3.59,0.26,-191.76,-259.48,0.00,-0.65,4.63 
1747830170.72,0,-192.04,-258.14,2.29,3.63,0.30,-192.04,-258.14,0.00,-0.71,4.60 
1747830170.82,0,-192.17,-257.70,2.19,3.43,0.31,-192.17,-257.70,0.00,-0.76,4.59 
1747830170.92,0,-192.23,-257.28,1.86,3.66,0.16,-192.23,-257.28,0.00,-0.74,4.56 
1747830171.12,0,-192.32,-256.37,2.17,2.94,0.26,-192.32,-256.37,0.00,-0.70,4.56 
1747830171.32,0,-192.37,-255.38,2.53,3.88,0.25,-192.37,-255.38,0.00,-0.64,4.61 
1747830171.42,0,-192.39,-254.88,2.12,2.54,0.24,-192.39,-254.88,0.00,-0.60,4.64 
1747830171.62,0,-192.51,-254.12,2.05,4.65,0.24,-192.51,-254.12,0.00,-0.60,4.52 
1747830171.72,0,-192.58,-253.66,1.88,2.88,0.25,-192.58,-253.66,0.00,-0.61,4.53 
1747830171.82,0,-192.67,-253.15,1.95,4.32,0.19,-192.67,-253.15,0.00,-0.63,4.57 
1747830171.92,0,-192.79,-252.79,3.89,2.76,1.20,-192.79,-252.79,0.00,-0.67,4.50 
1747830172.32,0,-193.05,-250.93,1.90,4.25,0.21,-193.05,-250.93,0.00,-0.66,4.54 
1747830172.42,0,-193.11,-250.58,3.24,3.15,1.04,-193.11,-250.58,0.00,-0.66,4.47 
1747830172.72,0,-193.21,-249.29,2.27,3.76,0.12,-193.21,-249.29,0.00,-0.59,4.43 
1747830173.02,0,-193.33,-248.01,1.92,3.38,0.19,-193.33,-248.01,0.00,-0.55,4.39 
1747830173.32,0,-193.56,-246.76,2.16,3.55,0.20,-193.56,-246.76,0.00,-0.60,4.35 
1747830173.42,0,-193.67,-246.34,1.93,3.36,0.18,-193.67,-246.34,0.00,-0.64,4.34 
1747830173.52,0,-193.75,-245.92,1.89,3.28,0.17,-193.75,-245.92,0.00,-0.65,4.33 
1747830173.72,0,-193.83,-245.03,1.97,3.28,0.14,-193.83,-245.03,0.00,-0.61,4.34 
1747830173.82,0,-193.88,-244.53,3.35,2.67,1.24,-193.88,-244.53,0.00,-0.60,4.39 
1747830173.92,0,-193.88,-244.10,2.18,2.86,0.68,-193.88,-244.10,0.00,-0.56,4.38 
1747830174.02,0,-193.97,-243.66,2.04,2.32,0.27,-193.97,-243.66,0.00,-0.58,4.39 
1747830174.22,0,-194.12,-242.81,2.08,3.37,0.14,-194.12,-242.81,0.00,-0.61,4.37 
1747830174.32,0,-194.24,-242.38,2.14,3.12,0.24,-194.24,-242.38,0.00,-0.65,4.36 
1747830174.52,0,-194.42,-241.45,3.14,3.30,1.26,-194.42,-241.45,0.00,-0.69,4.40 
1747830174.62,0,-194.52,-240.99,2.84,3.09,1.21,-194.52,-240.99,0.00,-0.71,4.42 
1747830175.02,0,-194.74,-239.22,2.07,2.88,0.20,-194.74,-239.22,0.00,-0.67,4.42 
1747830175.32,0,-194.88,-237.81,2.10,3.22,0.19,-194.88,-237.81,0.00,-0.62,4.47 
1747830175.42,0,-194.90,-237.32,2.07,3.13,0.17,-194.90,-237.32,0.00,-0.60,4.51 
1747830175.62,0,-194.89,-236.38,2.31,3.45,1.12,-194.89,-236.38,0.00,-0.51,4.54 
1747830175.72,0,-194.87,-235.73,4.73,3.11,0.97,-194.87,-235.73,0.00,-0.46,4.67 
1747830175.92,0,-195.12,-234.73,3.61,2.67,0.31,-195.12,-234.73,0.00,-0.57,4.73 
1747830176.02,0,-195.30,-234.20,4.07,2.76,0.03,-195.30,-234.20,0.00,-0.66,4.76 
1747830176.32,0,-195.50,-232.66,1.77,3.04,0.18,-195.50,-232.66,0.00,-0.66,4.84 
1747830176.42,0,-195.58,-232.10,1.74,3.53,0.20,-195.58,-232.10,0.00,-0.67,4.90 
1747830176.62,0,-195.76,-230.93,1.70,4.95,0.23,-195.76,-230.93,0.00,-0.70,5.03 
1747830176.82,0,-195.88,-229.98,1.72,2.51,0.13,-195.88,-229.98,0.00,-0.69,5.00 
1747830177.02,0,-196.09,-228.97,2.33,2.56,1.28,-196.09,-228.97,0.00,-0.74,5.00 
1747830177.52,0,-196.45,-226.33,1.75,2.59,0.18,-196.45,-226.33,0.00,-0.73,5.09 
1747830177.62,0,-196.52,-225.75,1.65,2.32,0.21,-196.52,-225.75,0.00,-0.73,5.13 
1747830177.92,0,-196.67,-224.20,1.86,1.72,0.10,-196.67,-224.20,0.00,-0.68,5.14 
1747830178.02,0,-196.71,-223.55,1.92,2.99,0.18,-196.71,-223.55,0.00,-0.66,5.24 
1747830178.12,0,-196.70,-222.99,2.17,1.65,0.27,-196.70,-222.99,0.00,-0.61,5.26 
1747830178.42,0,-196.75,-221.40,2.37,1.38,0.04,-196.75,-221.40,0.00,-0.51,5.27 
1747830178.62,0,-196.84,-220.36,1.63,1.39,0.12,-196.84,-220.36,0.00,-0.50,5.26 
1747830178.82,0,-197.06,-219.24,1.74,1.63,0.12,-197.06,-219.24,0.00,-0.59,5.31 
1747830178.92,0,-197.21,-218.62,1.80,1.94,0.14,-197.21,-218.62,0.00,-0.65,5.38 
1747830179.02,0,-197.32,-218.13,1.83,2.32,1.14,-197.32,-218.13,0.00,-0.69,5.35 
1747830179.22,0,-197.47,-216.98,1.51,2.72,0.10,-197.47,-216.98,0.00,-0.70,5.40 
1747830179.62,0,-197.79,-214.80,1.64,1.97,0.08,-197.79,-214.80,0.00,-0.73,5.42 
1747830179.72,0,-197.89,-214.15,1.59,2.97,0.19,-197.89,-214.15,0.00,-0.74,5.49 
1747830179.82,0,-197.98,-213.59,1.40,2.07,0.51,-197.98,-213.59,0.00,-0.76,5.50 
1747830179.92,0,-198.02,-212.99,1.81,2.21,0.44,-198.02,-212.99,0.00,-0.73,5.53 
1747830180.02,0,-198.10,-212.42,1.34,2.09,0.47,-198.10,-212.42,0.00,-0.73,5.54 
1747830180.22,0,-198.24,-211.26,1.76,2.71,0.27,-198.24,-211.26,0.00,-0.73,5.58 
1747830180.32,0,-198.32,-210.69,1.50,2.53,0.12,-198.32,-210.69,0.00,-0.73,5.59 
1747830180.42,0,-198.37,-210.19,1.62,1.91,0.07,-198.37,-210.19,0.00,-0.72,5.55 
1747830180.62,0,-198.48,-209.16,1.86,2.04,0.18,-198.48,-209.16,0.00,-0.69,5.49 
1747830180.72,0,-198.53,-208.63,1.75,1.62,0.13,-198.53,-208.63,0.00,-0.68,5.47 
1747830180.82,0,-198.61,-207.98,1.74,2.10,0.16,-198.61,-207.98,0.00,-0.68,5.55 
1747830181.12,0,-198.79,-206.25,1.86,3.17,0.15,-198.79,-206.25,0.00,-0.67,5.60 
1747830181.22,0,-198.82,-205.67,1.99,2.66,0.14,-198.82,-205.67,0.00,-0.64,5.61 
1747830181.42,0,-198.87,-204.56,2.25,2.17,0.16,-198.87,-204.56,0.00,-0.59,5.60 
1747830181.62,0,-198.94,-203.49,1.94,2.48,0.01,-198.94,-203.49,0.00,-0.55,5.57 
1747830181.82,0,-199.01,-202.24,4.96,1.76,1.45,-199.01,-202.24,0.00,-0.52,5.66 
1747830181.92,0,-199.15,-201.77,4.07,2.51,0.24,-199.15,-201.77,0.00,-0.59,5.59 
1747830182.02,0,-199.15,-201.22,2.26,2.42,0.03,-199.15,-201.22,0.00,-0.55,5.59 
1747830182.22,0,-199.23,-199.98,2.43,2.82,0.39,-199.23,-199.98,0.00,-0.53,5.68 
1747830182.32,0,-199.25,-199.24,5.31,1.96,1.56,-199.25,-199.24,0.00,-0.50,5.79 
1747830183.02,0,-199.31,-194.85,5.45,2.57,1.35,-199.31,-194.85,0.00,-0.35,5.97 
1747830183.62,0,-198.98,-190.83,5.19,2.53,1.31,-198.98,-190.83,0.00,-0.02,6.24 
1747830183.72,0,-198.80,-190.36,2.11,2.62,1.53,-198.80,-190.36,0.00,0.11,6.14 
1747830183.82,0,-198.67,-189.62,2.87,2.51,1.49,-198.67,-189.62,0.00,0.19,6.23 
1747830183.92,0,-198.52,-189.06,2.49,2.25,1.34,-198.52,-189.06,0.00,0.30,6.18 
1747830184.12,0,-198.26,-187.87,3.11,2.34,0.89,-198.26,-187.87,0.00,0.46,6.14 
1747830184.22,0,-197.90,-187.03,3.68,2.49,1.25,-197.90,-187.03,0.00,0.73,6.33 
1747830184.52,0,-197.36,-185.08,5.44,2.85,1.12,-197.36,-185.08,0.00,0.98,6.38 
1747830184.62,0,-197.10,-184.36,5.35,2.34,1.17,-197.10,-184.36,0.00,1.12,6.44 
1747830184.72,0,-196.94,-183.88,5.79,2.67,0.91,-196.94,-183.88,0.00,1.15,6.31 
1747830184.82,0,-196.71,-183.22,4.98,2.22,0.82,-196.71,-183.22,0.00,1.25,6.33 
1747830185.12,0,-196.53,-181.52,8.98,2.07,0.86,-196.53,-181.52,0.00,1.10,6.19 
1747830185.22,0,-196.22,-180.78,5.58,2.02,0.81,-196.22,-180.78,0.00,1.25,6.28 
1747830185.42,0,-195.71,-179.47,5.73,2.65,0.92,-195.71,-179.47,0.00,1.44,6.32 
1747830185.62,0,-195.02,-178.20,6.08,4.14,0.91,-195.02,-178.20,0.00,1.73,6.32 
1747830185.72,0,-194.51,-177.65,5.86,4.31,0.74,-194.51,-177.65,0.00,1.98,6.26 
1747830186.02,0,-193.45,-175.80,6.51,3.77,0.71,-193.45,-175.80,0.00,2.30,6.24 
1747830186.62,0,-191.14,-172.37,6.77,4.70,0.49,-191.14,-172.37,0.00,2.84,6.06 
1747830186.82,0,-189.91,-171.49,6.06,4.75,0.54,-189.91,-171.49,0.00,3.27,5.84 
1747830186.92,0,-189.58,-171.25,8.30,3.98,0.42,-189.58,-171.25,0.00,3.27,5.60 
1747830187.12,0,-188.51,-170.22,6.38,3.64,0.50,-188.51,-170.22,0.00,3.58,5.53 
1747830187.22,0,-187.85,-169.85,5.85,4.25,0.40,-187.85,-169.85,0.00,3.81,5.40 
1747830187.32,0,-187.70,-169.53,10.89,3.11,0.25,-187.70,-169.53,0.00,3.63,5.23 
1747830187.42,0,-187.00,-169.15,6.78,4.36,0.32,-187.00,-169.15,0.00,3.90,5.12 
1747830187.62,0,-185.82,-168.26,6.94,3.68,0.36,-185.82,-168.26,0.00,4.21,5.01 
1747830187.82,0,-185.07,-167.68,10.07,4.59,0.28,-185.07,-167.68,0.00,4.14,4.69 
1747830187.92,0,-184.23,-167.37,7.81,3.57,0.16,-184.23,-167.37,0.00,4.46,4.57 
1747830188.12,0,-183.37,-166.78,9.90,4.23,0.17,-183.37,-166.78,0.00,4.44,4.32 
1747830188.42,0,-181.73,-165.89,4.64,8.85,1.48,-181.73,-165.89,0.00,4.66,4.04 
1747830188.52,0,-180.95,-165.80,4.16,8.30,1.44,-180.95,-165.80,0.00,4.88,3.82 
1747830188.72,0,-179.70,-165.46,5.49,9.25,1.39,-179.70,-165.46,0.00,5.08,3.51 
1747830188.82,0,-178.83,-165.43,4.06,8.42,1.43,-178.83,-165.43,0.00,5.33,3.29 
1747830188.92,0,-178.23,-165.38,5.01,8.40,1.29,-178.23,-165.38,0.00,5.38,3.09 
1747830189.02,0,-177.57,-165.31,4.42,8.60,1.28,-177.57,-165.31,0.00,5.47,2.92 
1747830189.12,0,-176.99,-165.20,3.83,7.61,1.24,-176.99,-165.20,0.00,5.49,2.78 
1747830189.22,0,-176.48,-165.06,3.95,8.53,1.20,-176.48,-165.06,0.00,5.47,2.68 
1747830189.42,0,-175.11,-164.85,4.15,8.24,1.32,-175.11,-164.85,0.00,5.66,2.45 
1747830189.82,0,-172.48,-164.55,4.48,8.74,1.16,-172.48,-164.55,0.00,5.90,2.01 
1747830189.92,0,-171.77,-164.77,4.01,8.70,0.97,-171.77,-164.77,0.00,5.98,1.72 
1747830190.02,0,-171.05,-165.00,4.23,8.93,0.95,-171.05,-165.00,0.00,6.07,1.44 
1747830190.12,0,-170.46,-165.15,3.93,8.88,0.96,-170.46,-165.15,0.00,6.05,1.22 
1747830190.32,0,-169.24,-165.33,4.71,9.25,0.82,-169.24,-165.33,0.00,6.06,0.91 
1747830190.42,0,-168.55,-165.62,3.60,8.83,0.82,-168.55,-165.62,0.00,6.13,0.63 
1747830190.52,0,-167.93,-165.86,3.80,8.91,0.74,-167.93,-165.86,0.00,6.13,0.40 
1747830190.62,0,-167.24,-166.23,4.02,8.71,0.80,-167.24,-166.23,0.00,6.19,0.09 
1747830190.72,0,-166.58,-166.63,4.61,8.08,0.80,-166.58,-166.63,0.00,6.22,-0.22 
1747830191.02,0,-164.71,-167.24,4.25,8.60,0.75,-164.71,-167.24,0.00,6.22,-0.61 
1747830191.62,0,-161.49,-168.60,4.81,9.53,0.41,-161.49,-168.60,0.00,5.92,-1.19 
1747830192.02,0,-159.78,-170.45,4.57,10.24,0.22,-159.78,-170.45,0.00,5.49,-2.10 
1747830192.12,0,-159.60,-171.47,3.77,9.47,0.17,-159.60,-171.47,0.00,5.23,-2.65 
1747830192.22,0,-159.34,-172.04,3.29,8.54,0.10,-159.34,-172.04,0.00,5.04,-2.88 
1747830192.32,0,-159.05,-172.83,3.37,8.28,0.04,-159.05,-172.83,0.00,4.88,-3.26 
1747830192.52,0,-158.40,-173.74,3.73,8.24,0.06,-158.40,-173.74,0.00,4.62,-3.46 
1747830192.62,0,-158.21,-174.42,8.84,3.62,1.56,-158.21,-174.42,0.00,4.41,-3.73 
1747830192.92,0,-157.43,-176.47,4.92,8.58,0.10,-157.43,-176.47,0.00,4.00,-4.43 
1747830193.22,0,-156.87,-178.48,7.89,4.11,1.20,-156.87,-178.48,0.00,3.53,-4.93 
1747830193.32,0,-157.01,-179.40,4.47,7.11,0.01,-157.01,-179.40,0.00,3.17,-5.24 
1747830193.52,0,-156.94,-180.74,6.43,5.52,1.56,-156.94,-180.74,0.00,2.76,-5.45 
1747830193.72,0,-156.90,-182.00,5.84,5.11,1.56,-156.90,-182.00,0.00,2.39,-5.57 
1747830193.92,0,-156.92,-183.28,5.85,5.05,1.51,-156.92,-183.28,0.00,2.04,-5.69 
1747830194.02,0,-157.02,-184.03,3.56,5.72,0.01,-157.02,-184.03,0.00,1.83,-5.82 
1747830194.22,0,-157.07,-185.29,5.10,5.34,1.53,-157.07,-185.29,0.00,1.53,-5.88 
1747830194.42,0,-157.13,-186.33,7.53,4.87,1.47,-157.13,-186.33,0.00,1.28,-5.79 
1747830194.52,0,-157.22,-187.07,5.04,3.71,0.63,-157.22,-187.07,0.00,1.12,-5.91 
1747830194.92,0,-157.25,-189.21,4.93,4.91,0.21,-157.25,-189.21,0.00,0.81,-5.76 
1747830195.02,0,-157.51,-189.64,4.88,8.56,0.10,-157.51,-189.64,0.00,0.58,-5.66 
1747830195.42,0,-157.53,-191.65,9.26,2.91,1.37,-157.53,-191.65,0.00,0.42,-5.49 
1747830195.62,0,-157.75,-193.19,6.79,2.69,1.35,-157.75,-193.19,0.00,0.20,-5.80 
1747830195.82,0,-157.90,-194.06,8.21,2.75,1.50,-157.90,-194.06,0.00,0.07,-5.59 
1747830195.92,0,-158.10,-194.97,6.89,2.23,1.32,-158.10,-194.97,0.00,-0.08,-5.85 
1747830196.02,0,-158.18,-195.45,8.50,2.28,1.34,-158.18,-195.45,0.00,-0.13,-5.77 
1747830196.22,0,-158.39,-196.97,7.00,2.41,1.38,-158.39,-196.97,0.00,-0.27,-6.04 
1747830196.32,0,-158.49,-197.78,6.03,2.03,1.44,-158.49,-197.78,0.00,-0.32,-6.19 
1747830196.42,0,-158.62,-198.61,6.19,2.21,1.44,-158.62,-198.61,0.00,-0.39,-6.35 
1747830196.52,0,-158.78,-199.21,3.45,3.24,0.59,-158.78,-199.21,0.00,-0.48,-6.33 
1747830196.62,0,-158.92,-199.96,6.02,2.18,1.26,-158.92,-199.96,0.00,-0.55,-6.41 
1747830196.72,0,-158.96,-200.66,2.21,5.41,0.15,-158.96,-200.66,0.00,-0.54,-6.46 
1747830196.82,0,-159.04,-201.42,2.41,5.33,0.16,-159.04,-201.42,0.00,-0.56,-6.54 
1747830196.92,0,-159.11,-202.05,2.48,1.89,1.48,-159.11,-202.05,0.00,-0.57,-6.52 
1747830197.02,0,-159.25,-202.66,2.74,2.55,0.87,-159.25,-202.66,0.00,-0.63,-6.49 
1747830197.12,0,-159.35,-203.39,5.43,2.08,1.39,-159.35,-203.39,0.00,-0.66,-6.55 
1747830197.32,0,-159.49,-204.68,2.30,1.73,1.47,-159.49,-204.68,0.00,-0.66,-6.53 
1747830197.42,0,-159.70,-205.46,2.77,1.83,1.18,-159.70,-205.46,0.00,-0.77,-6.62 
1747830197.52,0,-159.93,-206.21,3.29,1.97,1.17,-159.93,-206.21,0.00,-0.88,-6.69 
1747830197.72,0,-160.23,-207.47,2.40,2.69,0.79,-160.23,-207.47,0.00,-0.97,-6.64 
1747830197.82,0,-160.38,-208.04,2.02,2.24,0.25,-160.38,-208.04,0.00,-1.00,-6.57 
1747830198.02,0,-160.60,-209.28,2.01,2.07,0.80,-160.60,-209.28,0.00,-1.02,-6.52 
1747830198.12,0,-160.83,-210.02,2.28,2.22,1.43,-160.83,-210.02,0.00,-1.11,-6.58 
1747830198.22,0,-160.99,-210.73,2.79,1.81,1.12,-160.99,-210.73,0.00,-1.14,-6.62 
1747830198.32,0,-161.04,-211.39,2.15,2.67,0.61,-161.04,-211.39,0.00,-1.09,-6.61 
1747830198.52,0,-161.22,-212.67,3.02,1.44,0.83,-161.22,-212.67,0.00,-1.07,-6.59 
1747830198.62,0,-161.38,-213.35,2.06,2.06,1.43,-161.38,-213.35,0.00,-1.11,-6.60 
1747830198.92,0,-161.62,-215.56,2.56,2.14,1.49,-161.62,-215.56,0.00,-1.05,-6.76 
1747830199.02,0,-161.80,-216.17,2.57,2.35,0.84,-161.80,-216.17,0.00,-1.10,-6.71 
1747830199.32,0,-162.11,-218.19,1.07,2.23,0.12,-162.11,-218.19,0.00,-1.09,-6.71 
1747830199.42,0,-162.22,-218.86,0.93,0.19,0.01,-162.22,-218.86,0.00,-1.08,-6.71 
1747830199.52,0,-162.26,-219.43,0.97,0.22,1.04,-162.26,-219.43,0.00,-1.04,-6.64 
1747830199.72,0,-162.27,-220.67,1.01,0.25,0.07,-162.27,-220.67,0.00,-0.90,-6.58 
1747830199.82,0,-162.13,-221.38,1.06,0.29,0.29,-162.13,-221.38,0.00,-0.72,-6.62 
1747830199.92,0,-162.02,-222.13,1.10,0.33,0.04,-162.02,-222.13,0.00,-0.60,-6.68 
1747830200.11,0,-161.92,-223.47,1.20,0.38,0.30,-161.92,-223.47,0.00,-0.44,-6.69 
1747830200.32,0,-162.13,-224.72,1.21,0.52,1.25,-162.13,-224.72,0.00,-0.52,-6.62 
1747830200.52,0,-162.34,-226.14,1.30,0.58,1.52,-162.34,-226.14,0.00,-0.60,-6.69 
1747830200.62,0,-162.60,-226.76,1.34,0.69,0.50,-162.60,-226.76,0.00,-0.74,-6.65 
1747830200.72,0,-162.79,-227.46,1.31,1.00,1.52,-162.79,-227.46,0.00,-0.82,-6.67 
1747830200.82,0,-163.01,-228.20,1.51,1.08,0.95,-163.01,-228.20,0.00,-0.92,-6.72 
1747830201.02,0,-163.21,-229.66,1.69,1.19,1.46,-163.21,-229.66,0.00,-0.93,-6.81 
1747830201.32,0,-163.40,-231.80,1.87,1.37,1.33,-163.40,-231.80,0.00,-0.87,-6.88 
1747830201.52,0,-163.61,-233.20,1.89,1.77,0.77,-163.61,-233.20,0.00,-0.90,-6.90 
1747830201.62,0,-163.68,-234.11,1.65,3.91,0.03,-163.68,-234.11,0.00,-0.88,-7.04 
1747830201.72,0,-163.76,-234.85,3.56,1.79,1.37,-163.76,-234.85,0.00,-0.87,-7.07 
1747830201.82,0,-163.79,-235.57,2.12,4.12,0.17,-163.79,-235.57,0.00,-0.84,-7.08 
1747830202.12,0,-163.97,-237.60,2.26,4.32,0.02,-163.97,-237.60,0.00,-0.78,-7.02 
1747830202.22,0,-163.98,-238.29,2.22,3.91,0.28,-163.98,-238.29,0.00,-0.74,-7.01 
1747830202.42,0,-164.16,-239.63,1.96,4.12,0.09,-164.16,-239.63,0.00,-0.76,-6.97 
1747830202.52,0,-164.30,-240.28,4.21,2.11,1.42,-164.30,-240.28,0.00,-0.81,-6.93 
1747830202.82,0,-164.61,-242.38,2.17,3.15,0.05,-164.61,-242.38,0.00,-0.85,-6.95 
1747830202.92,0,-164.81,-243.03,2.49,4.07,0.06,-164.81,-243.03,0.00,-0.94,-6.92 
1747830203.12,0,-165.01,-244.37,1.60,4.40,0.17,-165.01,-244.37,0.00,-0.94,-6.88 
1747830203.42,0,-165.34,-246.23,1.86,3.48,0.83,-165.34,-246.23,0.00,-0.98,-6.74 
1747830203.52,0,-165.44,-246.89,4.21,1.68,1.50,-165.44,-246.89,0.00,-0.97,-6.73 
1747830203.62,0,-165.54,-247.46,1.79,3.12,0.92,-165.54,-247.46,0.00,-0.98,-6.66 
1747830203.82,0,-165.69,-248.85,1.88,4.17,0.24,-165.69,-248.85,0.00,-0.94,-6.70 
1747830204.22,0,-165.85,-251.62,2.63,3.43,0.20,-165.85,-251.62,0.00,-0.80,-6.76 
1747830204.42,0,-165.89,-253.07,2.19,3.24,0.09,-165.89,-253.07,0.00,-0.72,-6.83 
1747830204.52,0,-165.80,-253.72,2.61,4.25,0.28,-165.80,-253.72,0.00,-0.60,-6.80 
1747830204.62,0,-165.77,-254.34,2.36,2.06,0.00,-165.77,-254.34,0.00,-0.54,-6.76 
1747830204.82,0,-165.76,-255.59,2.48,2.76,0.06,-165.76,-255.59,0.00,-0.46,-6.69 
1747830204.92,0,-165.77,-256.21,2.08,2.06,0.11,-165.77,-256.21,0.00,-0.43,-6.65 
1747830205.02,0,-165.86,-256.69,2.48,2.97,0.83,-165.86,-256.69,0.00,-0.47,-6.52 
1747830205.32,0,-166.08,-258.72,2.11,3.62,0.15,-166.08,-258.72,0.00,-0.52,-6.56 
1747830205.42,0,-166.18,-259.21,2.40,2.63,0.81,-166.18,-259.21,0.00,-0.55,-6.45 
1747830205.52,0,-166.18,-259.95,2.13,3.99,0.05,-166.18,-259.95,0.00,-0.52,-6.51 
1747830205.82,0,-166.28,-261.89,2.05,3.81,0.18,-166.28,-261.89,0.00,-0.48,-6.51 
1747830205.92,0,-166.37,-262.29,1.92,3.43,0.24,-166.37,-262.29,0.00,-0.50,-6.33 
1747830206.22,0,-166.52,-264.07,1.95,1.69,0.14,-166.52,-264.07,0.00,-0.50,-6.24 
1747830206.32,0,-166.70,-264.69,2.24,2.11,1.00,-166.70,-264.69,0.00,-0.60,-6.24 
1747830206.42,0,-166.88,-265.25,2.44,1.54,0.16,-166.88,-265.25,0.00,-0.68,-6.19 
1747830206.62,0,-166.79,-266.56,2.47,2.01,0.61,-166.79,-266.56,0.00,-0.52,-6.25 
1747830206.72,0,-166.79,-267.07,2.22,1.87,0.70,-166.79,-267.07,0.00,-0.48,-6.16 
1747830206.82,0,-166.85,-267.70,0.91,1.71,1.47,-166.85,-267.70,0.00,-0.49,-6.17 
1747830207.12,0,-166.94,-269.63,1.09,1.82,0.10,-166.94,-269.63,0.00,-0.45,-6.23 
1747830207.22,0,-166.91,-270.38,1.19,2.10,0.21,-166.91,-270.38,0.00,-0.40,-6.32 
1747830207.42,0,-167.11,-271.48,1.55,3.01,0.64,-167.11,-271.48,0.00,-0.48,-6.20 
1747830207.72,0,-167.22,-273.40,1.72,4.27,0.27,-167.22,-273.40,0.00,-0.46,-6.24 
1747830207.92,0,-167.30,-274.56,2.00,0.71,0.30,-167.30,-274.56,0.00,-0.45,-6.18 
1747830208.12,0,-167.26,-275.71,2.41,0.80,0.22,-167.26,-275.71,0.00,-0.36,-6.12 
1747830208.32,0,-167.42,-276.86,2.08,1.20,0.39,-167.42,-276.86,0.00,-0.42,-6.07 
1747830208.92,0,-167.47,-280.36,2.49,1.02,0.31,-167.47,-280.36,0.00,-0.30,-5.99 
1747830209.12,0,-167.74,-281.70,2.64,1.23,1.51,-167.74,-281.70,0.00,-0.44,-6.08 
1747830209.22,0,-167.95,-282.36,2.76,1.50,1.52,-167.95,-282.36,0.00,-0.56,-6.11 
1747830209.72,0,-168.18,-285.02,2.02,2.53,1.52,-168.18,-285.02,0.00,-0.52,-5.85 
1747830209.92,0,-168.32,-286.39,2.85,1.51,1.47,-168.32,-286.39,0.00,-0.55,-6.00 
1747830210.22,0,-168.32,-288.10,3.14,2.03,1.48,-168.32,-288.10,0.00,-0.43,-5.93 
1747830210.32,0,-168.31,-288.69,2.67,1.90,1.52,-168.31,-288.69,0.00,-0.39,-5.93 
1747830210.42,0,-168.37,-289.04,1.69,2.38,0.09,-168.37,-289.04,0.00,-0.40,-5.75 
1747830210.52,0,-168.45,-289.42,2.12,2.39,1.00,-168.45,-289.42,0.00,-0.44,-5.60 
1747830210.62,0,-168.51,-290.09,1.55,2.76,0.15,-168.51,-290.09,0.00,-0.45,-5.68 
1747830210.72,0,-168.49,-290.53,2.30,1.73,0.09,-168.49,-290.53,0.00,-0.40,-5.59 
1747830210.82,0,-168.46,-290.98,2.52,1.66,0.26,-168.46,-290.98,0.00,-0.34,-5.50 
1747830210.92,0,-168.50,-291.60,3.47,1.69,1.54,-168.50,-291.60,0.00,-0.35,-5.55 
1747830211.02,0,-168.50,-292.19,1.93,3.28,0.06,-168.50,-292.19,0.00,-0.32,-5.58 
1747830211.12,0,-168.52,-292.76,1.79,2.82,0.08,-168.52,-292.76,0.00,-0.31,-5.59 
1747830211.42,0,-168.66,-294.34,1.54,2.98,0.06,-168.66,-294.34,0.00,-0.35,-5.52 
1747830211.52,0,-168.73,-294.80,1.33,1.03,0.20,-168.73,-294.80,0.00,-0.37,-5.45 
1747830211.72,0,-168.81,-295.73,1.34,1.40,0.07,-168.81,-295.73,0.00,-0.38,-5.33 
1747830211.92,0,-168.85,-296.62,1.51,1.53,0.10,-168.85,-296.62,0.00,-0.35,-5.21 
1747830212.22,0,-168.94,-298.00,1.92,1.66,0.09,-168.94,-298.00,0.00,-0.34,-5.09 
1747830212.52,0,-169.01,-299.34,1.67,1.76,1.52,-169.01,-299.34,0.00,-0.32,-4.96 
1747830212.62,0,-169.14,-299.80,2.21,1.75,0.91,-169.14,-299.80,0.00,-0.38,-4.93 
1747830212.72,0,-169.09,-300.26,1.57,1.98,1.27,-169.09,-300.26,0.00,-0.33,-4.91 
1747830212.82,0,-169.03,-300.78,1.62,2.41,1.12,-169.03,-300.78,0.00,-0.25,-4.93 
1747830213.02,0,-169.10,-301.77,1.44,2.27,0.05,-169.10,-301.77,0.00,-0.27,-4.94 
1747830213.32,0,-169.14,-303.13,1.99,1.55,0.19,-169.14,-303.13,0.00,-0.24,-4.85 
1747830213.42,0,-169.16,-303.73,1.23,3.40,0.16,-169.16,-303.73,0.00,-0.24,-4.93 
1747830213.52,0,-169.21,-304.13,1.37,3.42,0.13,-169.21,-304.13,0.00,-0.26,-4.87 
1747830213.72,0,-169.32,-305.17,1.81,3.21,0.24,-169.32,-305.17,0.00,-0.30,-4.91 
1747830213.92,0,-169.40,-306.05,1.40,1.51,0.16,-169.40,-306.05,0.00,-0.31,-4.84 
1747830214.02,0,-169.40,-306.49,1.85,1.03,0.32,-169.40,-306.49,0.00,-0.29,-4.81 
1747830214.12,0,-169.41,-307.03,1.75,1.59,0.17,-169.41,-307.03,0.00,-0.28,-4.85 
1747830214.42,0,-169.48,-308.43,2.37,1.26,0.86,-169.48,-308.43,0.00,-0.27,-4.82 
1747830214.62,0,-169.47,-309.55,2.27,1.80,0.16,-169.47,-309.55,0.00,-0.22,-4.92 
1747830214.72,0,-169.47,-310.09,1.53,3.23,0.22,-169.47,-310.09,0.00,-0.21,-4.95 
1747830214.92,0,-169.46,-311.11,1.29,2.53,0.96,-169.46,-311.11,0.00,-0.17,-4.98 
1747830215.22,0,-169.53,-312.60,1.65,2.62,0.09,-169.53,-312.60,0.00,-0.18,-4.97 
1747830215.32,0,-169.59,-312.88,1.40,2.26,0.06,-169.59,-312.88,0.00,-0.21,-4.83 
1747830215.42,0,-169.55,-313.27,2.42,0.88,0.42,-169.55,-313.27,0.00,-0.17,-4.76 
1747830215.62,0,-169.50,-314.13,2.37,0.75,0.30,-169.50,-314.13,0.00,-0.11,-4.69 
1747830215.92,0,-169.45,-315.34,2.36,0.96,0.26,-169.45,-315.34,0.00,-0.05,-4.56 
1747830216.72,0,-169.11,-318.69,2.76,1.04,0.43,-169.11,-318.69,0.00,0.14,-4.41 
1747830217.02,0,-168.73,-320.25,2.71,1.48,0.33,-168.73,-320.25,0.00,0.36,-4.56 
1747830217.12,0,-168.59,-320.81,2.11,3.42,0.20,-168.59,-320.81,0.00,0.43,-4.63 
1747830217.52,0,-168.06,-322.65,2.01,4.04,0.86,-168.06,-322.65,0.00,0.70,-4.63 
1747830217.92,0,-167.60,-324.23,1.60,2.52,1.43,-167.60,-324.23,0.00,0.82,-4.44 
1747830218.22,0,-167.55,-325.77,2.38,2.57,0.42,-167.55,-325.77,0.00,0.69,-4.58 
1747830218.42,0,-167.49,-326.78,1.99,3.45,0.71,-167.49,-326.78,0.00,0.63,-4.64 
1747830218.62,0,-167.37,-327.78,1.27,3.37,0.75,-167.37,-327.78,0.00,0.63,-4.69 
1747830218.72,0,-167.13,-328.15,1.58,3.43,0.71,-167.13,-328.15,0.00,0.76,-4.62 
1747830218.82,0,-166.91,-328.56,2.77,3.22,0.43,-166.91,-328.56,0.00,0.86,-4.58 
1747830218.91,0,-166.74,-328.81,2.35,2.51,0.27,-166.74,-328.81,0.00,0.92,-4.44 
1747830219.01,0,-166.52,-329.21,2.74,2.89,0.39,-166.52,-329.21,0.00,1.02,-4.40 
1747830219.11,0,-166.32,-329.56,2.49,2.49,0.25,-166.32,-329.56,0.00,1.10,-4.33 
1747830219.31,0,-165.94,-330.32,3.12,2.87,0.50,-165.94,-330.32,0.00,1.22,-4.26 
1747830219.41,0,-165.74,-330.71,2.38,2.68,0.32,-165.74,-330.71,0.00,1.28,-4.23 
1747830219.51,0,-165.59,-331.03,2.11,2.92,0.39,-165.59,-331.03,0.00,1.29,-4.15 
1747830219.62,0,-165.40,-331.45,2.12,3.02,0.46,-165.40,-331.45,0.00,1.33,-4.15 
1747830220.52,0,-164.67,-335.30,3.02,2.56,0.27,-164.67,-335.30,0.00,1.13,-4.20 
1747830220.72,0,-164.65,-336.18,2.44,2.13,0.26,-164.65,-336.18,0.00,1.00,-4.23 
1747830220.81,0,-164.75,-336.69,2.18,2.09,0.43,-164.75,-336.69,0.00,0.86,-4.29 
1747830221.01,0,-164.47,-337.57,2.10,2.83,0.35,-164.47,-337.57,0.00,0.95,-4.31 
1747830221.41,0,-163.26,-339.15,2.48,3.02,0.53,-163.26,-339.15,0.00,1.60,-4.19 
1747830221.51,0,-162.89,-339.44,2.64,1.34,0.63,-162.89,-339.44,0.00,1.78,-4.10 
1747830221.61,0,-162.79,-339.82,2.48,1.87,0.38,-162.79,-339.82,0.00,1.71,-4.07 
1747830221.82,0,-162.80,-341.01,3.74,2.46,0.75,-162.80,-341.01,0.00,1.43,-4.36 
1747830221.92,0,-162.80,-341.74,3.19,4.94,0.36,-162.80,-341.74,0.00,1.31,-4.60 
1747830222.02,0,-162.69,-342.22,1.28,2.38,1.27,-162.69,-342.22,0.00,1.29,-4.61 
1747830222.12,0,-162.40,-342.74,1.41,2.73,0.57,-162.40,-342.74,0.00,1.42,-4.66 
1747830222.51,0,-161.70,-344.42,2.64,2.28,0.45,-161.70,-344.42,0.00,1.52,-4.54 
1747830222.71,0,-161.25,-345.20,2.44,1.80,0.42,-161.25,-345.20,0.00,1.62,-4.45 
1747830222.91,0,-160.73,-346.13,2.43,2.32,0.58,-160.73,-346.13,0.00,1.76,-4.48 
1747830223.22,0,-160.08,-347.46,1.97,3.88,0.62,-160.08,-347.46,0.00,1.85,-4.46 
1747830223.42,0,-159.67,-348.29,1.71,3.41,0.59,-159.67,-348.29,0.00,1.88,-4.42 
1747830223.52,0,-159.51,-348.58,1.91,3.11,0.48,-159.51,-348.58,0.00,1.85,-4.31 
1747830223.62,0,-159.35,-348.91,1.79,2.84,0.50,-159.35,-348.91,0.00,1.84,-4.24 
1747830223.72,0,-159.20,-349.42,1.90,4.14,0.23,-159.20,-349.42,0.00,1.81,-4.30 
1747830223.82,0,-159.01,-349.72,2.00,2.42,0.28,-159.01,-349.72,0.00,1.82,-4.21 
1747830223.92,0,-158.89,-350.22,2.04,2.93,0.22,-158.89,-350.22,0.00,1.78,-4.27 
1747830224.02,0,-158.78,-350.60,1.80,2.69,0.62,-158.78,-350.60,0.00,1.73,-4.24 
1747830224.12,0,-158.63,-350.99,1.64,2.01,0.42,-158.63,-350.99,0.00,1.71,-4.21 
1747830224.32,0,-158.44,-351.80,1.79,2.33,0.65,-158.44,-351.80,0.00,1.60,-4.18 
1747830224.62,0,-157.83,-353.23,1.81,2.90,0.69,-157.83,-353.23,0.00,1.68,-4.31 
1747830224.72,0,-157.67,-353.59,1.86,2.53,0.58,-157.67,-353.59,0.00,1.68,-4.26 
1747830224.91,0,-157.20,-354.54,2.04,4.54,0.46,-157.20,-354.54,0.00,1.78,-4.33 
1747830225.31,0,-156.41,-356.32,1.87,4.20,0.25,-156.41,-356.32,0.00,1.83,-4.36 
1747830225.41,0,-156.22,-356.88,1.61,4.54,0.23,-156.22,-356.88,0.00,1.83,-4.44 
1747830225.52,0,-156.04,-357.23,1.74,2.67,0.54,-156.04,-357.23,0.00,1.83,-4.37 
1747830225.62,0,-155.74,-357.71,1.87,3.07,0.66,-155.74,-357.71,0.00,1.91,-4.40 
1747830225.92,0,-154.97,-358.99,2.85,4.02,0.53,-154.97,-358.99,0.00,2.05,-4.38 
1747830226.02,0,-154.75,-359.35,1.78,4.91,0.29,-154.75,-359.35,0.00,2.07,-4.32 
1747830226.12,0,-154.52,-359.77,1.74,4.01,0.27,-154.52,-359.77,0.00,2.08,-4.31 
1747830226.31,0,-154.07,-360.63,1.74,3.70,0.21,-154.07,-360.63,0.00,2.11,-4.31 
1747830226.42,0,-153.85,-360.96,2.16,2.89,0.47,-153.85,-360.96,0.00,2.12,-4.24 
1747830226.52,0,-153.59,-361.44,1.75,4.24,0.48,-153.59,-361.44,0.00,2.15,-4.27 
1747830226.62,0,-153.33,-361.92,1.73,4.22,0.55,-153.33,-361.92,0.00,2.19,-4.31 
1747830226.72,0,-153.08,-362.37,1.71,3.88,0.49,-153.08,-362.37,0.00,2.21,-4.33 
1747830226.82,0,-152.89,-362.83,1.87,4.00,0.27,-152.89,-362.83,0.00,2.19,-4.35 
1747830226.92,0,-152.71,-363.29,1.89,3.80,0.28,-152.71,-363.29,0.00,2.16,-4.37 
1747830227.02,0,-152.55,-363.60,3.79,1.68,1.56,-152.55,-363.60,0.00,2.11,-4.27 
1747830227.12,0,-152.36,-363.92,1.98,3.48,0.45,-152.36,-363.92,0.00,2.10,-4.19 
1747830227.42,0,-151.81,-365.14,2.08,2.82,0.45,-151.81,-365.14,0.00,2.05,-4.17 
1747830227.52,0,-151.65,-365.66,2.02,4.57,0.27,-151.65,-365.66,0.00,2.02,-4.24 
1747830227.82,0,-151.00,-366.90,1.86,4.36,0.30,-151.00,-366.90,0.00,2.05,-4.22 
1747830227.92,0,-150.78,-367.32,2.09,3.44,0.16,-150.78,-367.32,0.00,2.06,-4.22 
1747830228.01,0,-150.51,-367.66,2.21,4.90,0.32,-150.51,-367.66,0.00,2.10,-4.16 
1747830228.11,0,-150.33,-367.99,3.30,2.61,1.17,-150.33,-367.99,0.00,2.08,-4.10 
1747830228.22,0,-150.16,-368.37,1.61,3.17,0.14,-150.16,-368.37,0.00,2.05,-4.08 
1747830228.52,0,-149.65,-369.69,2.59,3.65,0.42,-149.65,-369.69,0.00,1.98,-4.14 
1747830228.72,0,-149.34,-370.84,2.86,5.83,0.28,-149.34,-370.84,0.00,1.91,-4.37 
1747830229.02,0,-148.68,-372.12,2.12,4.52,0.49,-148.68,-372.12,0.00,1.97,-4.35 
1747830229.21,0,-148.19,-372.98,2.16,4.70,0.43,-148.19,-372.98,0.00,2.04,-4.35 
1747830229.82,0,-146.88,-375.32,2.02,3.75,0.29,-146.88,-375.32,0.00,2.09,-4.19 
1747830229.92,0,-146.66,-375.82,1.75,4.85,0.36,-146.66,-375.82,0.00,2.10,-4.24 
1747830230.02,0,-146.62,-376.18,3.38,2.20,1.55,-146.62,-376.18,0.00,1.98,-4.19 
1747830230.22,0,-146.28,-376.98,1.84,3.42,0.45,-146.28,-376.98,0.00,1.94,-4.17 
1747830230.32,0,-146.09,-377.59,1.91,5.44,0.31,-146.09,-377.59,0.00,1.93,-4.31 
1747830230.42,0,-145.94,-378.17,2.21,5.21,0.25,-145.94,-378.17,0.00,1.90,-4.43 
1747830230.72,0,-145.67,-379.56,3.29,3.28,1.49,-145.67,-379.56,0.00,1.67,-4.48 
1747830231.02,0,-145.19,-381.16,3.59,4.75,0.91,-145.19,-381.16,0.00,1.65,-4.67 
1747830231.12,0,-145.27,-381.64,3.34,2.94,1.51,-145.27,-381.64,0.00,1.47,-4.68 
1747830232.02,0,-146.64,-378.81,5.86,0.26,1.49,-146.64,-378.81,0.00,0.29,-1.16 
1747830232.22,0,-149.54,-377.95,0.13,3.75,0.83,-149.54,-377.95,0.00,-1.55,-0.49 
1747830233.32,0,-143.71,-377.92,0.10,0.86,1.51,-143.71,-377.92,0.00,2.29,-0.32 
1747830233.32,1,-140.72,-390.86,1.72,6.50,0.32,-140.72,-390.86,0.00,2.40,-4.37 
1747830233.42,0,-143.48,-377.95,0.23,0.81,1.51,-143.48,-377.95,0.00,2.29,-0.32 
1747830233.42,1,-140.41,-391.58,1.59,5.86,0.33,-140.41,-391.58,0.00,2.47,-4.63 
1747830233.52,0,-143.25,-377.99,0.47,0.73,1.51,-143.25,-377.99,0.00,2.29,-0.32 
1747830233.52,1,-140.05,-392.14,2.16,5.25,0.54,-140.05,-392.14,0.00,2.57,-4.71 
1747830233.62,1,-139.81,-392.54,1.73,3.70,0.47,-139.81,-392.54,0.00,2.56,-4.66 
1747830233.91,1,-139.15,-393.79,1.76,4.59,0.40,-139.15,-393.79,0.00,2.47,-4.55 
1747830234.02,0,-141.43,-381.46,0.07,0.92,0.16,-141.43,-381.46,0.00,2.63,-2.07 
1747830234.02,1,-138.96,-394.23,2.01,3.25,0.56,-138.96,-394.23,0.00,2.43,-4.54 
1747830234.12,0,-141.17,-381.66,0.07,0.92,0.16,-141.17,-381.66,0.00,2.63,-2.07 
1747830234.12,1,-138.77,-394.67,2.01,3.48,0.55,-138.77,-394.67,0.00,2.40,-4.52 
1747830234.22,1,-138.54,-395.26,2.03,5.27,0.30,-138.54,-395.26,0.00,2.38,-4.62 
1747830234.32,0,-140.43,-381.61,0.03,1.55,0.03,-140.43,-381.61,0.00,2.75,-1.81 
1747830234.32,1,-138.33,-395.81,2.09,5.23,0.33,-138.33,-395.81,0.00,2.36,-4.69 
1747830234.42,1,-138.09,-396.39,1.85,5.31,0.38,-138.09,-396.39,0.00,2.37,-4.77 
1747830234.52,0,-140.00,-383.06,0.03,1.58,0.06,-140.00,-383.06,0.00,2.69,-2.44 
1747830234.52,1,-138.01,-396.78,2.18,5.74,0.38,-138.01,-396.78,0.00,2.25,-4.71 
1747830234.62,0,-139.73,-383.30,0.04,1.63,0.06,-139.73,-383.30,0.00,2.69,-2.44 
1747830234.62,1,-137.80,-397.23,1.87,3.26,0.57,-137.80,-397.23,0.00,2.24,-4.69 
1747830234.72,0,-139.57,-384.12,0.07,1.62,1.56,-139.57,-384.12,0.00,2.62,-2.79 
1747830234.72,1,-137.58,-397.79,1.97,5.20,0.33,-137.58,-397.79,0.00,2.24,-4.76 
1747830234.72,2,-211.47,-483.78,1.93,0.41,0.02,-211.47,-483.78,0.00,-0.21,-0.07 
1747830234.82,0,-139.40,-384.55,0.14,1.61,1.49,-139.40,-384.55,0.00,2.56,-2.88 
1747830234.82,1,-137.34,-398.36,1.79,5.35,0.33,-137.34,-398.36,0.00,2.25,-4.82 
1747830234.82,2,-211.53,-483.78,1.87,0.38,0.07,-211.53,-483.78,0.00,-0.24,-0.06 
1747830235.02,0,-138.89,-385.12,2.66,0.17,1.49,-138.89,-385.12,0.00,2.56,-2.88 
1747830235.02,1,-136.87,-399.36,1.66,4.81,0.36,-136.87,-399.36,0.00,2.27,-4.85 
1747830235.02,3,-156.27,-372.80,0.13,6.23,0.89,-156.27,-372.80,0.00,1.56,-4.09 
1747830235.02,2,-211.58,-483.79,1.56,0.29,0.07,-211.58,-483.79,0.00,-0.24,-0.06 
1747830235.12,0,-138.69,-386.04,2.58,0.50,0.02,-138.69,-386.04,0.00,2.53,-3.27 
1747830235.12,1,-136.69,-399.70,1.69,7.71,0.37,-136.69,-399.70,0.00,2.23,-4.75 
1747830235.22,0,-138.42,-386.45,2.12,1.65,0.02,-138.42,-386.45,0.00,2.54,-3.33 
1747830235.22,1,-136.47,-400.13,1.71,6.02,0.35,-136.47,-400.13,0.00,2.23,-4.72 
1747830235.22,2,-211.52,-483.87,1.92,0.54,0.23,-211.52,-483.87,0.00,-0.18,-0.11 
1747830235.42,0,-137.91,-387.12,0.39,4.97,0.02,-137.91,-387.12,0.00,2.54,-3.33 
1747830235.42,1,-136.03,-401.02,2.03,3.67,0.61,-136.03,-401.02,0.00,2.22,-4.68 
1747830235.42,3,-155.72,-374.00,0.05,0.56,1.13,-155.72,-374.00,0.00,1.51,-3.85 
1747830235.62,1,-135.67,-401.98,2.15,3.47,0.02,-135.67,-401.98,0.00,2.17,-4.70 
1747830235.72,0,-137.39,-388.48,4.26,0.78,1.51,-137.39,-388.48,0.00,2.39,-3.54 
1747830235.72,1,-135.44,-402.44,1.87,3.08,0.55,-135.44,-402.44,0.00,2.18,-4.69 
1747830235.72,3,-155.91,-374.01,0.05,0.57,0.74,-155.91,-374.01,0.00,1.12,-3.15 
1747830235.72,2,-211.65,-483.92,1.50,0.17,0.12,-211.65,-483.92,0.00,-0.20,-0.10 
1747830235.82,0,-137.26,-389.08,7.13,0.92,1.53,-137.26,-389.08,0.00,2.32,-3.70 
1747830235.82,1,-135.29,-402.94,2.26,3.57,0.03,-135.29,-402.94,0.00,2.13,-4.71 
1747830235.82,2,-211.68,-483.92,1.56,0.31,0.02,-211.68,-483.92,0.00,-0.21,-0.10 
1747830235.92,0,-137.03,-389.45,5.25,0.17,1.53,-137.03,-389.45,0.00,2.32,-3.70 
1747830235.92,1,-135.04,-403.37,2.17,3.76,0.45,-135.04,-403.37,0.00,2.15,-4.68 
1747830236.12,0,-136.54,-390.33,0.38,3.99,0.06,-136.54,-390.33,0.00,2.34,-3.79 
1747830236.12,1,-134.52,-404.34,3.70,3.91,1.41,-134.52,-404.34,0.00,2.21,-4.70 
1747830236.12,3,-155.25,-375.22,0.05,0.60,0.95,-155.25,-375.22,0.00,1.25,-3.14 
1747830236.22,0,-136.31,-390.92,0.39,6.02,0.04,-136.31,-390.92,0.00,2.33,-3.93 
1747830236.22,1,-134.41,-404.69,3.70,4.90,0.29,-134.41,-404.69,0.00,2.14,-4.62 
1747830236.22,3,-155.13,-375.53,0.05,0.64,0.95,-155.13,-375.53,0.00,1.25,-3.14 
1747830236.32,0,-136.15,-391.41,0.91,5.06,0.04,-136.15,-391.41,0.00,2.28,-3.99 
1747830236.32,1,-134.19,-405.03,2.08,7.74,0.37,-134.19,-405.03,0.00,2.14,-4.54 
1747830236.32,3,-155.00,-375.85,0.06,0.68,0.95,-155.00,-375.85,0.00,1.25,-3.14 
1747830236.42,0,-136.01,-391.76,1.18,1.49,0.10,-136.01,-391.76,0.00,2.23,-3.96 
1747830236.42,1,-133.92,-405.57,2.03,5.36,0.34,-133.92,-405.57,0.00,2.19,-4.60 
1747830236.42,3,-154.88,-376.16,0.06,0.73,0.95,-154.88,-376.16,0.00,1.25,-3.14 
1747830236.62,0,-135.56,-392.55,0.51,0.97,0.10,-135.56,-392.55,0.00,2.23,-3.96 
1747830236.62,1,-133.42,-406.33,2.35,5.79,0.59,-133.42,-406.33,0.00,2.22,-4.49 
1747830236.62,3,-154.63,-376.79,0.07,0.79,0.95,-154.63,-376.79,0.00,1.25,-3.14 
1747830236.72,0,-135.34,-392.94,0.51,0.97,0.10,-135.34,-392.94,0.00,2.23,-3.96 
1747830236.72,1,-133.21,-406.72,3.59,2.77,1.04,-133.21,-406.72,0.00,2.22,-4.44 
1747830236.72,3,-154.50,-377.11,0.07,0.85,0.95,-154.50,-377.11,0.00,1.25,-3.14 
1747830236.82,0,-135.02,-393.29,0.56,1.10,0.18,-135.02,-393.29,0.00,2.29,-3.93 
1747830236.82,1,-132.99,-407.17,3.04,2.21,1.21,-132.99,-407.17,0.00,2.22,-4.44 
1747830236.82,3,-154.38,-377.42,0.08,0.92,0.95,-154.38,-377.42,0.00,1.25,-3.14 
1747830237.02,0,-134.54,-394.40,1.33,0.95,1.55,-134.54,-394.40,0.00,2.31,-4.13 
1747830237.02,1,-132.57,-407.98,2.89,3.24,0.70,-132.57,-407.98,0.00,2.20,-4.39 
1747830237.02,3,-154.12,-378.05,0.09,1.00,0.95,-154.12,-378.05,0.00,1.25,-3.14 
1747830237.52,0,-133.39,-396.47,2.36,0.17,1.55,-133.39,-396.47,0.00,2.31,-4.13 
1747830237.52,1,-131.41,-410.18,2.01,3.27,0.60,-131.41,-410.18,0.00,2.24,-4.39 
1747830237.52,3,-153.50,-379.62,0.10,1.09,0.95,-153.50,-379.62,0.00,1.25,-3.14 
1747830238.02,1,-130.22,-412.79,2.14,3.82,0.32,-130.22,-412.79,0.00,2.28,-4.66 
1747830238.02,3,-152.87,-381.19,0.11,1.20,0.95,-152.87,-381.19,0.00,1.25,-3.14 
1747830238.02,2,-211.86,-484.34,2.04,0.25,0.18,-211.86,-484.34,0.00,-0.18,-0.17 
1747830238.12,0,-132.20,-401.40,0.83,0.11,1.37,-132.20,-401.40,0.00,2.20,-5.43 
1747830238.12,1,-130.23,-413.05,2.70,5.70,0.98,-130.23,-413.05,0.00,2.12,-4.52 
1747830238.12,3,-152.74,-381.51,0.12,1.33,0.95,-152.74,-381.51,0.00,1.25,-3.14 
1747830238.12,2,-211.82,-484.36,1.79,0.59,1.28,-211.82,-484.36,0.00,-0.14,-0.18 
1747830238.32,0,-131.76,-402.49,0.83,0.11,1.37,-131.76,-402.49,0.00,2.20,-5.43 
1747830238.32,1,-129.90,-413.85,2.54,7.97,0.91,-129.90,-413.85,0.00,2.05,-4.44 
1747830238.32,3,-152.49,-382.14,0.13,1.47,0.95,-152.49,-382.14,0.00,1.25,-3.14 
1747830238.32,2,-211.84,-484.41,0.93,2.02,1.30,-211.84,-484.41,0.00,-0.14,-0.19 
1747830238.42,0,-131.54,-403.03,0.83,0.11,1.37,-131.54,-403.03,0.00,2.20,-5.43 
1747830238.42,1,-129.72,-414.44,4.08,6.87,0.84,-129.72,-414.44,0.00,2.03,-4.55 
1747830238.42,3,-152.37,-382.45,0.15,1.65,0.95,-152.37,-382.45,0.00,1.25,-3.14 
1747830238.42,2,-211.91,-484.41,1.73,0.54,0.26,-211.91,-484.41,0.00,-0.18,-0.17 
1747830238.52,1,-129.37,-414.94,2.66,6.99,0.75,-129.37,-414.94,0.00,2.15,-4.59 
1747830238.52,3,-152.24,-382.77,0.17,1.84,0.95,-152.24,-382.77,0.00,1.25,-3.14 
1747830238.52,2,-211.95,-484.41,1.68,0.47,0.02,-211.95,-484.41,0.00,-0.20,-0.16 
1747830238.62,0,-131.20,-406.22,1.03,0.07,1.55,-131.20,-406.22,0.00,2.15,-6.63 
1747830238.62,1,-129.12,-415.62,3.40,6.01,0.32,-129.12,-415.62,0.00,2.17,-4.76 
1747830238.62,3,-152.12,-383.08,0.19,2.07,0.95,-152.12,-383.08,0.00,1.25,-3.14 
1747830238.62,2,-212.00,-484.38,1.40,0.61,0.16,-212.00,-484.38,0.00,-0.22,-0.12 
1747830238.72,0,-130.98,-406.88,1.03,0.07,1.55,-130.98,-406.88,0.00,2.15,-6.63 
1747830238.72,1,-128.91,-416.03,2.86,6.93,0.35,-128.91,-416.03,0.00,2.17,-4.71 
1747830238.72,3,-151.99,-383.39,0.21,2.33,0.95,-151.99,-383.39,0.00,1.25,-3.14 
1747830238.72,2,-212.00,-484.39,0.70,2.27,1.43,-212.00,-484.39,0.00,-0.20,-0.12 
1747830238.91,0,-130.55,-408.20,1.03,0.07,1.55,-130.55,-408.20,0.00,2.15,-6.63 
1747830238.91,1,-128.45,-416.97,3.03,6.26,0.90,-128.45,-416.97,0.00,2.19,-4.70 
1747830238.91,3,-151.74,-384.02,0.23,2.60,0.95,-151.74,-384.02,0.00,1.25,-3.14 
1747830238.91,2,-212.02,-484.44,1.02,1.40,1.00,-212.02,-484.44,0.00,-0.19,-0.14 
1747830239.01,0,-130.34,-408.87,1.03,0.07,1.55,-130.34,-408.87,0.00,2.15,-6.63 
1747830239.01,1,-128.20,-417.43,3.23,6.45,0.88,-128.20,-417.43,0.00,2.21,-4.70 
1747830239.01,3,-151.62,-384.34,0.26,2.88,0.95,-151.62,-384.34,0.00,1.25,-3.14 
1747830239.01,2,-212.04,-484.46,1.63,0.41,0.11,-212.04,-484.46,0.00,-0.19,-0.14 
1747830239.11,0,-130.12,-409.53,1.03,0.07,1.55,-130.12,-409.53,0.00,2.15,-6.63 
1747830239.11,1,-127.95,-417.84,3.04,6.46,0.88,-127.95,-417.84,0.00,2.24,-4.65 
1747830239.11,3,-151.49,-384.65,0.34,3.79,0.95,-151.49,-384.65,0.00,1.25,-3.14 
1747830239.11,2,-212.05,-484.47,1.94,0.38,0.03,-212.05,-484.47,0.00,-0.18,-0.14 
1747830239.21,0,-129.91,-410.19,1.03,0.07,1.55,-129.91,-410.19,0.00,2.15,-6.63 
1747830239.21,1,-127.76,-418.23,2.96,7.83,0.99,-127.76,-418.23,0.00,2.21,-4.59 
1747830239.21,3,-151.36,-384.97,0.34,3.79,0.95,-151.36,-384.97,0.00,1.25,-3.14 
1747830239.21,2,-212.02,-484.52,0.67,2.15,1.54,-212.02,-484.52,0.00,-0.15,-0.17 
1747830239.41,0,-129.48,-411.52,1.03,0.07,1.55,-129.48,-411.52,0.00,2.15,-6.63 
1747830239.41,1,-127.47,-418.95,2.94,8.00,0.92,-127.47,-418.95,0.00,2.09,-4.44 
1747830239.41,2,-211.95,-484.64,0.81,2.24,0.62,-211.95,-484.64,0.00,-0.07,-0.23 
1747830239.51,0,-129.26,-412.18,1.03,0.07,1.55,-129.26,-412.18,0.00,2.15,-6.63 
1747830239.51,1,-127.31,-419.28,2.95,8.74,0.90,-127.31,-419.28,0.00,2.06,-4.36 
1747830239.51,2,-211.91,-484.65,0.67,2.27,1.24,-211.91,-484.65,0.00,-0.03,-0.22 
1747830239.72,0,-128.83,-413.51,1.03,0.07,1.55,-128.83,-413.51,0.00,2.15,-6.63 
1747830239.72,1,-126.71,-420.32,4.05,3.61,1.36,-126.71,-420.32,0.00,2.19,-4.48 
1747830239.72,2,-211.90,-484.69,0.31,1.48,1.36,-211.90,-484.69,0.00,-0.02,-0.22 
1747830239.92,0,-128.40,-414.83,1.03,0.07,1.55,-128.40,-414.83,0.00,2.15,-6.63 
1747830239.92,1,-126.06,-421.30,2.85,7.51,0.49,-126.06,-421.30,0.00,2.35,-4.54 
1747830239.92,2,-211.85,-484.73,0.37,1.57,1.30,-211.85,-484.73,0.00,0.02,-0.22 
1747830240.02,0,-128.19,-415.50,1.03,0.07,1.55,-128.19,-415.50,0.00,2.15,-6.63 
1747830240.02,1,-125.72,-421.83,3.04,6.47,0.29,-125.72,-421.83,0.00,2.42,-4.60 
1747830240.22,0,-127.76,-416.82,1.03,0.07,1.55,-127.76,-416.82,0.00,2.15,-6.63 
1747830240.22,1,-125.14,-422.79,2.66,6.69,0.98,-125.14,-422.79,0.00,2.49,-4.62 
1747830240.22,2,-211.82,-484.79,0.77,2.27,1.18,-211.82,-484.79,0.00,0.04,-0.22 
1747830240.32,0,-127.55,-417.48,1.03,0.07,1.55,-127.55,-417.48,0.00,2.15,-6.63 
1747830240.32,1,-124.85,-423.18,2.81,5.74,0.22,-124.85,-423.18,0.00,2.52,-4.57 
1747830240.42,0,-127.33,-418.15,1.03,0.07,1.55,-127.33,-418.15,0.00,2.15,-6.63 
1747830240.42,1,-124.61,-423.61,2.12,5.60,0.17,-124.61,-423.61,0.00,2.51,-4.55 
1747830240.52,0,-127.12,-418.81,1.03,0.07,1.55,-127.12,-418.81,0.00,2.15,-6.63 
1747830240.52,1,-124.32,-424.06,1.98,6.54,0.50,-124.32,-424.06,0.00,2.54,-4.55 
1747830240.62,0,-126.90,-419.47,1.03,0.07,1.55,-126.90,-419.47,0.00,2.15,-6.63 
1747830240.62,1,-124.04,-424.53,1.78,6.98,0.54,-124.04,-424.53,0.00,2.55,-4.56 
1747830240.72,0,-126.69,-420.14,1.03,0.07,1.55,-126.69,-420.14,0.00,2.15,-6.63 
1747830240.72,1,-123.78,-425.00,2.30,6.51,0.77,-123.78,-425.00,0.00,2.56,-4.57 
1747830240.82,0,-126.47,-420.80,1.03,0.07,1.55,-126.47,-420.80,0.00,2.15,-6.63 
1747830240.82,1,-123.52,-425.53,3.29,6.40,0.92,-123.52,-425.53,0.00,2.56,-4.62 
1747830240.92,1,-123.26,-425.97,1.96,6.74,0.56,-123.26,-425.97,0.00,2.57,-4.60 
1747830241.02,1,-123.09,-426.39,2.75,6.04,0.94,-123.09,-426.39,0.00,2.50,-4.58 
1747830241.41,1,-122.08,-428.23,2.98,6.40,0.97,-122.08,-428.23,0.00,2.51,-4.59 
1747830241.51,1,-121.81,-428.67,5.76,4.21,1.51,-121.81,-428.67,0.00,2.53,-4.57 
1747830241.61,1,-121.55,-429.25,3.65,7.00,0.85,-121.55,-429.25,0.00,2.53,-4.66 
1747830241.82,1,-121.12,-430.25,3.90,7.01,0.32,-121.12,-430.25,0.00,2.47,-4.70 
1747830241.82,2,-211.95,-485.10,0.92,2.27,1.10,-211.95,-485.10,0.00,-0.01,-0.24 
1747830241.92,1,-120.95,-430.76,3.61,6.74,0.36,-120.95,-430.76,0.00,2.42,-4.74 
1747830242.12,1,-120.47,-431.70,2.80,6.57,0.86,-120.47,-431.70,0.00,2.41,-4.73 
1747830242.12,2,-211.93,-485.12,0.58,2.05,1.26,-211.93,-485.12,0.00,0.01,-0.20 
1747830242.22,1,-120.30,-432.24,4.48,6.66,0.85,-120.30,-432.24,0.00,2.36,-4.78 
1747830242.22,2,-211.94,-485.15,0.53,1.73,1.30,-211.94,-485.15,0.00,-0.00,-0.21 
1747830242.32,1,-120.14,-432.72,4.00,6.67,0.29,-120.14,-432.72,0.00,2.30,-4.78 
1747830242.32,2,-211.91,-485.21,0.69,2.23,1.11,-211.91,-485.21,0.00,0.02,-0.24 
1747830242.42,1,-120.01,-433.21,4.50,6.58,0.32,-120.01,-433.21,0.00,2.23,-4.79 
1747830242.42,2,-211.93,-485.26,1.04,1.83,0.94,-211.93,-485.26,0.00,0.01,-0.26 
1747830242.52,1,-119.80,-433.62,3.00,5.19,0.93,-119.80,-433.62,0.00,2.22,-4.74 
1747830242.52,2,-211.94,-485.27,0.49,1.53,1.31,-211.94,-485.27,0.00,-0.01,-0.24 
1747830242.72,1,-119.25,-434.57,2.84,6.84,0.50,-119.25,-434.57,0.00,2.30,-4.74 
1747830242.72,2,-211.95,-485.29,0.62,1.70,1.21,-211.95,-485.29,0.00,-0.01,-0.23 
1747830242.82,1,-118.98,-435.10,2.97,6.59,0.34,-118.98,-435.10,0.00,2.33,-4.78 
1747830242.82,2,-211.97,-485.31,0.37,1.79,1.20,-211.97,-485.31,0.00,-0.03,-0.22 
1747830242.92,1,-118.56,-435.68,2.83,6.46,1.02,-118.56,-435.68,0.00,2.46,-4.86 
1747830242.92,2,-211.94,-485.39,0.45,1.87,1.00,-211.94,-485.39,0.00,-0.00,-0.26 
1747830243.02,1,-118.25,-436.22,1.98,3.87,0.07,-118.25,-436.22,0.00,2.51,-4.89 
1747830243.02,2,-211.95,-485.42,0.48,1.95,1.24,-211.95,-485.42,0.00,-0.01,-0.27 
1747830243.11,1,-117.91,-436.69,2.56,3.43,0.57,-117.91,-436.69,0.00,2.57,-4.88 
1747830243.11,2,-211.95,-485.42,0.62,1.66,1.12,-211.95,-485.42,0.00,-0.01,-0.25 
1747830243.21,1,-117.56,-437.30,2.49,6.20,0.50,-117.56,-437.30,0.00,2.64,-4.97 
1747830243.21,2,-211.97,-485.43,0.43,1.85,1.30,-211.97,-485.43,0.00,-0.02,-0.24 
1747830243.31,1,-117.28,-437.78,3.03,2.62,1.12,-117.28,-437.78,0.00,2.65,-4.96 
1747830243.31,2,-211.97,-485.45,0.59,1.68,1.12,-211.97,-485.45,0.00,-0.02,-0.23 
1747830243.72,1,-116.11,-439.80,2.27,5.36,0.55,-116.11,-439.80,0.00,2.72,-4.98 
1747830243.72,2,-212.03,-485.50,0.63,1.97,1.31,-212.03,-485.50,0.00,-0.05,-0.21 
1747830243.92,1,-115.63,-440.78,1.88,3.46,0.02,-115.63,-440.78,0.00,2.68,-4.97 
1747830244.22,1,-114.91,-442.41,2.20,3.73,0.28,-114.91,-442.41,0.00,2.62,-5.07 
1747830244.42,1,-114.34,-443.39,2.19,5.19,0.49,-114.34,-443.39,0.00,2.65,-5.05 
1747830244.52,1,-114.14,-443.91,3.00,4.61,0.23,-114.14,-443.91,0.00,2.61,-5.05 
1747830244.52,2,-212.06,-485.65,0.60,1.86,0.97,-212.06,-485.65,0.00,-0.05,-0.20 
1747830244.61,1,-113.84,-444.43,3.77,3.74,1.40,-113.84,-444.43,0.00,2.63,-5.07 
1747830244.61,2,-212.10,-485.66,0.46,1.96,1.24,-212.10,-485.66,0.00,-0.07,-0.20 
1747830244.71,1,-113.68,-444.85,3.54,3.64,1.30,-113.68,-444.85,0.00,2.56,-5.00 
1747830244.81,1,-113.57,-445.28,3.50,4.26,1.40,-113.57,-445.28,0.00,2.45,-4.95 
1747830244.81,2,-212.09,-485.71,0.50,2.35,0.84,-212.09,-485.71,0.00,-0.05,-0.21 
1747830245.01,1,-112.95,-446.28,3.13,5.12,0.88,-112.95,-446.28,0.00,2.55,-4.96 
1747830245.01,2,-212.11,-485.76,0.56,1.86,1.04,-212.11,-485.76,0.00,-0.06,-0.22 
1747830245.11,1,-112.60,-446.76,3.13,4.86,0.90,-112.60,-446.76,0.00,2.61,-4.95 
1747830245.11,2,-212.15,-485.75,0.43,2.08,1.20,-212.15,-485.75,0.00,-0.09,-0.20 
1747830245.21,1,-112.33,-447.28,1.93,4.82,0.30,-112.33,-447.28,0.00,2.62,-4.97 
1747830245.21,2,-212.12,-485.78,0.42,1.13,0.71,-212.12,-485.78,0.00,-0.06,-0.20 
1747830245.31,1,-112.07,-447.80,2.11,4.70,0.30,-112.07,-447.80,0.00,2.62,-4.98 
1747830245.31,2,-212.15,-485.79,0.46,1.87,1.18,-212.15,-485.79,0.00,-0.07,-0.19 
1747830245.41,1,-111.81,-448.23,2.03,3.88,0.55,-111.81,-448.23,0.00,2.62,-4.93 
1747830245.41,2,-212.14,-485.84,0.54,1.99,1.16,-212.14,-485.84,0.00,-0.06,-0.22 
1747830245.61,1,-111.28,-449.21,3.05,4.16,1.11,-111.28,-449.21,0.00,2.63,-4.93 
1747830245.61,2,-212.16,-485.88,0.44,1.94,1.03,-212.16,-485.88,0.00,-0.06,-0.22 
1747830245.71,1,-111.01,-449.68,3.28,3.75,1.20,-111.01,-449.68,0.00,2.63,-4.91 
1747830245.71,2,-212.12,-485.91,0.42,1.46,0.73,-212.12,-485.91,0.00,-0.03,-0.22 
1747830245.91,1,-110.51,-450.64,3.23,4.27,1.19,-110.51,-450.64,0.00,2.61,-4.89 
1747830245.91,2,-212.09,-485.96,0.36,1.29,0.56,-212.09,-485.96,0.00,-0.01,-0.22 
1747830246.01,1,-110.28,-451.08,1.73,3.77,0.55,-110.28,-451.08,0.00,2.59,-4.86 
1747830246.01,2,-212.12,-485.99,0.42,1.41,0.88,-212.12,-485.99,0.00,-0.03,-0.23 
1747830246.11,1,-110.08,-451.62,2.01,4.00,0.26,-110.08,-451.62,0.00,2.55,-4.90 
1747830246.11,2,-212.15,-485.99,0.38,1.87,1.01,-212.15,-485.99,0.00,-0.04,-0.21 
1747830246.21,1,-109.90,-452.19,2.39,4.19,0.29,-109.90,-452.19,0.00,2.50,-4.96 
1747830246.21,2,-212.13,-486.01,0.29,1.47,0.78,-212.13,-486.01,0.00,-0.03,-0.21 
1747830246.41,1,-109.45,-453.13,2.99,2.66,1.12,-109.45,-453.13,0.00,2.46,-4.92 
1747830246.41,2,-212.11,-486.06,0.25,1.40,0.63,-212.11,-486.06,0.00,-0.01,-0.22 
1747830246.61,1,-108.88,-454.16,2.65,4.72,0.87,-108.88,-454.16,0.00,2.51,-4.95 
1747830246.61,2,-212.10,-486.11,0.26,1.20,0.66,-212.10,-486.11,0.00,-0.00,-0.22 
1747830246.71,1,-108.64,-454.73,1.81,4.43,0.30,-108.64,-454.73,0.00,2.51,-5.00 
1747830246.71,2,-212.07,-486.16,0.23,1.76,0.62,-212.07,-486.16,0.00,0.01,-0.24 
1747830246.81,1,-108.43,-455.30,2.84,4.64,0.22,-108.43,-455.30,0.00,2.48,-5.05 
1747830246.81,2,-212.04,-486.23,0.22,1.89,0.48,-212.04,-486.23,0.00,0.04,-0.27 
1747830247.01,1,-108.00,-456.37,3.17,4.39,0.25,-108.00,-456.37,0.00,2.43,-5.10 
1747830247.01,2,-212.08,-486.31,0.32,1.86,0.41,-212.08,-486.31,0.00,0.01,-0.29 
1747830247.11,1,-107.68,-456.85,3.41,4.02,0.96,-107.68,-456.85,0.00,2.49,-5.07 
1747830247.11,2,-212.14,-486.30,0.37,1.97,1.08,-212.14,-486.30,0.00,-0.03,-0.26 
1747830247.31,1,-107.11,-457.86,3.22,4.06,1.12,-107.11,-457.86,0.00,2.53,-5.07 
1747830247.31,2,-212.11,-486.38,0.30,1.39,0.58,-212.11,-486.38,0.00,-0.01,-0.28 
1747830247.41,1,-106.82,-458.43,3.68,3.98,0.96,-106.82,-458.43,0.00,2.56,-5.12 
1747830247.41,2,-212.11,-486.38,0.31,1.28,0.66,-212.11,-486.38,0.00,-0.01,-0.26 
1747830247.51,1,-106.54,-458.95,1.87,4.03,0.54,-106.54,-458.95,0.00,2.58,-5.12 
1747830247.51,2,-212.07,-486.35,0.41,1.31,0.60,-212.07,-486.35,0.00,0.02,-0.22 
1747830247.61,1,-106.27,-459.50,3.43,3.73,0.92,-106.27,-459.50,0.00,2.59,-5.15 
1747830247.61,2,-212.05,-486.43,0.18,1.72,0.35,-212.05,-486.43,0.00,0.03,-0.26 
1747830247.71,1,-106.04,-459.97,1.73,4.11,0.48,-106.04,-459.97,0.00,2.57,-5.12 
1747830247.71,2,-212.08,-486.42,0.22,1.77,0.85,-212.08,-486.42,0.00,0.01,-0.24 
1747830247.81,1,-105.77,-460.45,3.67,3.40,1.20,-105.77,-460.45,0.00,2.57,-5.09 
1747830247.81,2,-212.06,-486.48,0.10,1.57,0.52,-212.06,-486.48,0.00,0.02,-0.27 
1747830247.91,1,-105.50,-460.95,3.12,3.41,0.97,-105.50,-460.95,0.00,2.59,-5.08 
1747830247.91,2,-212.07,-486.46,0.14,1.58,0.62,-212.07,-486.46,0.00,0.01,-0.23 
1747830248.11,1,-104.98,-461.99,1.85,4.17,0.53,-104.98,-461.99,0.00,2.59,-5.10 
1747830248.11,2,-212.09,-486.48,0.18,1.61,0.64,-212.09,-486.48,0.00,-0.00,-0.21 
1747830248.21,1,-104.80,-462.42,3.13,2.71,1.08,-104.80,-462.42,0.00,2.53,-5.04 
1747830248.21,2,-212.11,-486.49,0.25,1.65,0.66,-212.11,-486.49,0.00,-0.02,-0.20 
1747830248.31,1,-104.56,-462.96,3.63,3.40,0.94,-104.56,-462.96,0.00,2.52,-5.07 
1747830248.41,1,-104.28,-463.48,2.93,3.54,0.96,-104.28,-463.48,0.00,2.54,-5.08 
1747830248.41,2,-212.14,-486.52,0.36,1.56,0.44,-212.14,-486.52,0.00,-0.04,-0.20 
1747830248.61,1,-103.85,-464.49,2.10,4.63,0.34,-103.85,-464.49,0.00,2.49,-5.08 
1747830248.61,2,-212.17,-486.56,0.35,1.54,0.63,-212.17,-486.56,0.00,-0.05,-0.20 
1747830248.71,1,-103.67,-465.01,2.22,3.96,0.30,-103.67,-465.01,0.00,2.44,-5.08 
1747830249.01,1,-102.90,-466.58,3.03,3.65,0.94,-102.90,-466.58,0.00,2.47,-5.12 
1747830249.11,1,-102.72,-467.10,2.20,4.08,0.22,-102.72,-467.10,0.00,2.42,-5.12 
1747830249.21,1,-102.50,-467.66,1.91,4.01,0.38,-102.50,-467.66,0.00,2.41,-5.16 
1747830249.21,2,-212.28,-486.70,0.61,1.52,1.46,-212.28,-486.70,0.00,-0.10,-0.22 
1747830249.51,1,-101.83,-469.21,1.96,3.79,0.22,-101.83,-469.21,0.00,2.37,-5.16 
1747830249.51,2,-212.30,-486.78,0.19,1.20,0.45,-212.30,-486.78,0.00,-0.09,-0.23 
1747830249.61,1,-101.61,-469.75,1.75,3.92,0.40,-101.61,-469.75,0.00,2.36,-5.17 
1747830249.61,2,-212.28,-486.83,0.13,1.17,0.43,-212.28,-486.83,0.00,-0.07,-0.25 
1747830249.71,1,-101.41,-470.28,1.88,3.75,0.31,-101.41,-470.28,0.00,2.33,-5.18 
1747830249.71,2,-212.31,-486.86,0.21,1.15,1.30,-212.31,-486.86,0.00,-0.09,-0.25 
1747830249.81,1,-101.21,-470.83,1.84,3.93,0.32,-101.21,-470.83,0.00,2.31,-5.21 
1747830249.81,2,-212.32,-486.87,0.16,1.00,0.37,-212.32,-486.87,0.00,-0.09,-0.24 
1747830249.91,1,-101.01,-471.37,1.88,3.71,0.31,-101.01,-471.37,0.00,2.28,-5.22 
1747830249.91,2,-212.35,-486.86,0.18,1.12,0.49,-212.35,-486.86,0.00,-0.10,-0.22 
1747830250.21,1,-100.38,-472.88,1.75,4.83,0.32,-100.38,-472.88,0.00,2.25,-5.18 
1747830250.21,2,-212.41,-486.93,0.26,1.11,1.38,-212.41,-486.93,0.00,-0.12,-0.22 
1747830250.41,1,-99.91,-473.96,1.51,3.87,0.25,-99.91,-473.96,0.00,2.26,-5.21 
1747830250.41,2,-212.44,-486.96,0.28,1.59,0.49,-212.44,-486.96,0.00,-0.13,-0.21 
1747830250.61,1,-99.52,-475.07,2.08,3.42,0.23,-99.52,-475.07,0.00,2.22,-5.26 
1747830250.61,2,-212.49,-486.98,0.42,1.86,0.45,-212.49,-486.98,0.00,-0.14,-0.19 
1747830250.71,1,-99.24,-475.61,2.00,3.55,0.50,-99.24,-475.61,0.00,2.26,-5.27 
1747830250.71,2,-212.48,-487.00,0.29,1.17,0.22,-212.48,-487.00,0.00,-0.13,-0.19 
1747830250.91,1,-98.79,-476.54,2.45,3.64,1.15,-98.79,-476.54,0.00,2.26,-5.18 
1747830250.91,2,-212.55,-486.99,0.30,1.35,0.79,-212.55,-486.99,0.00,-0.16,-0.16 
1747830251.31,1,-98.01,-478.66,1.45,2.64,0.04,-98.01,-478.66,0.00,2.18,-5.21 
1747830251.41,1,-98.04,-479.17,1.73,2.83,0.24,-98.04,-479.17,0.00,2.01,-5.21 
1747830251.81,1,-97.14,-481.39,1.80,3.73,0.22,-97.14,-481.39,0.00,2.08,-5.30 
1747830252.21,1,-96.74,-483.20,2.22,3.86,1.48,-96.74,-483.20,0.00,1.79,-5.10 
1747830252.31,1,-96.33,-483.88,1.93,4.59,0.38,-96.33,-483.88,0.00,1.95,-5.21 
1747830252.31,2,-212.71,-487.19,0.36,1.25,0.37,-212.71,-487.19,0.00,-0.13,-0.17 
1747830252.41,1,-96.41,-483.98,2.10,5.37,0.70,-96.41,-483.98,0.00,1.75,-4.91 
1747830252.41,2,-212.72,-487.21,0.26,1.19,0.24,-212.72,-487.21,0.00,-0.12,-0.17 
1747830252.51,1,-96.05,-484.59,2.46,4.59,0.26,-96.05,-484.59,0.00,1.89,-5.00 
1747830252.51,2,-212.71,-487.25,0.10,1.07,0.16,-212.71,-487.25,0.00,-0.11,-0.19 
1747830252.71,1,-95.60,-485.63,1.13,2.32,0.03,-95.60,-485.63,0.00,1.94,-5.03 
1747830252.81,1,-95.25,-486.30,1.27,2.61,0.26,-95.25,-486.30,0.00,2.06,-5.15 
1747830252.91,1,-95.00,-486.94,1.53,2.78,0.64,-95.00,-486.94,0.00,2.09,-5.25 
1747830253.01,1,-94.75,-487.56,1.83,2.98,0.68,-94.75,-487.56,0.00,2.12,-5.32 
1747830253.11,1,-94.50,-488.05,1.93,4.68,0.27,-94.50,-488.05,0.00,2.15,-5.29 
1747830253.11,2,-212.79,-487.37,0.28,1.47,0.16,-212.79,-487.37,0.00,-0.12,-0.21 
1747830253.31,1,-94.01,-489.02,2.49,2.86,0.48,-94.01,-489.02,0.00,2.20,-5.23 
1747830253.31,2,-212.82,-487.40,0.15,1.34,0.44,-212.82,-487.40,0.00,-0.12,-0.20 
1747830253.41,1,-93.74,-489.50,2.31,4.82,0.43,-93.74,-489.50,0.00,2.24,-5.20 
1747830253.41,2,-212.83,-487.40,0.21,1.02,0.44,-212.83,-487.40,0.00,-0.12,-0.19 
1747830253.51,1,-93.81,-489.74,2.52,5.59,0.64,-93.81,-489.74,0.00,2.01,-4.98 
1747830253.51,2,-212.86,-487.38,0.22,1.22,0.41,-212.86,-487.38,0.00,-0.13,-0.16 
1747830253.61,1,-93.52,-490.35,2.07,4.55,0.23,-93.52,-490.35,0.00,2.09,-5.07 
1747830253.61,2,-212.87,-487.41,0.17,1.59,0.28,-212.87,-487.41,0.00,-0.13,-0.17 
1747830253.71,1,-93.23,-490.96,1.90,4.35,0.26,-93.23,-490.96,0.00,2.15,-5.14 
1747830253.81,1,-92.95,-491.53,1.85,4.42,0.23,-92.95,-491.53,0.00,2.19,-5.18 
1747830253.91,1,-92.77,-492.00,2.95,1.72,1.23,-92.77,-492.00,0.00,2.17,-5.15 
1747830253.91,2,-212.93,-487.44,0.20,1.47,0.02,-212.93,-487.44,0.00,-0.15,-0.16 
1747830254.01,1,-92.51,-492.60,1.36,4.08,0.32,-92.51,-492.60,0.00,2.19,-5.21 
1747830254.01,2,-212.96,-487.43,0.23,1.56,0.55,-212.96,-487.43,0.00,-0.16,-0.14 
1747830254.11,1,-92.28,-493.21,1.26,3.80,0.47,-92.28,-493.21,0.00,2.21,-5.28 
1747830254.11,2,-212.96,-487.45,0.26,1.23,0.19,-212.96,-487.45,0.00,-0.14,-0.14 
1747830254.21,1,-92.05,-493.84,1.37,3.79,0.62,-92.05,-493.84,0.00,2.21,-5.35 
1747830254.21,2,-212.96,-487.48,0.16,1.11,0.20,-212.96,-487.48,0.00,-0.13,-0.16 
1747830254.31,1,-91.82,-494.40,1.48,3.41,0.21,-91.82,-494.40,0.00,2.22,-5.37 
1747830254.41,1,-91.84,-494.66,1.61,3.83,0.52,-91.84,-494.66,0.00,2.04,-5.17 
1747830254.61,1,-91.40,-495.78,1.26,4.17,0.34,-91.40,-495.78,0.00,2.07,-5.23 
1747830254.71,1,-91.18,-496.31,1.65,3.94,0.25,-91.18,-496.31,0.00,2.08,-5.23 
1747830254.81,1,-90.96,-496.86,1.56,4.10,0.22,-90.96,-496.86,0.00,2.08,-5.26 
1747830254.81,2,-213.09,-487.55,0.44,1.14,1.34,-213.09,-487.55,0.00,-0.16,-0.15 
1747830254.91,1,-90.72,-497.54,1.50,3.55,0.64,-90.72,-497.54,0.00,2.11,-5.36 
1747830254.91,2,-213.11,-487.56,1.29,0.23,1.34,-213.11,-487.56,0.00,-0.16,-0.15 
1747830255.01,1,-90.50,-498.13,1.48,3.86,0.20,-90.50,-498.13,0.00,2.12,-5.40 
1747830255.01,2,-213.12,-487.58,1.29,0.23,1.34,-213.12,-487.58,0.00,-0.16,-0.15 
1747830255.11,1,-90.28,-498.69,1.36,3.38,0.24,-90.28,-498.69,0.00,2.12,-5.42 
1747830255.21,1,-90.08,-499.27,1.45,3.48,0.35,-90.08,-499.27,0.00,2.11,-5.44 
1747830255.31,1,-89.89,-499.83,1.42,3.16,0.38,-89.89,-499.83,0.00,2.10,-5.45 
1747830255.51,1,-89.51,-500.93,1.33,2.83,0.34,-89.51,-500.93,0.00,2.07,-5.46 
1747830255.51,2,-213.22,-487.56,0.53,1.09,1.14,-213.22,-487.56,0.00,-0.17,-0.10 
1747830255.61,1,-89.31,-501.49,1.32,3.25,0.35,-89.31,-501.49,0.00,2.06,-5.47 
1747830255.61,2,-213.20,-487.63,0.58,1.27,0.68,-213.20,-487.63,0.00,-0.15,-0.14 
1747830255.91,1,-88.71,-503.16,1.42,3.28,0.35,-88.71,-503.16,0.00,2.05,-5.49 
1747830255.91,2,-213.25,-487.67,0.67,1.53,0.68,-213.25,-487.67,0.00,-0.15,-0.14 
1747830256.01,1,-88.52,-503.84,1.61,2.80,0.60,-88.52,-503.84,0.00,2.04,-5.58 
1747830256.31,1,-87.97,-505.45,1.51,3.72,0.33,-87.97,-505.45,0.00,2.00,-5.53 
1747830256.31,2,-213.30,-487.76,1.45,0.21,1.40,-213.30,-487.76,0.00,-0.15,-0.16 
1747830256.51,1,-87.64,-506.50,1.34,3.64,0.37,-87.64,-506.50,0.00,1.95,-5.50 
1747830256.61,1,-87.53,-507.02,1.32,3.38,0.18,-87.53,-507.02,0.00,1.89,-5.47 
1747830256.71,1,-87.44,-507.42,1.71,3.55,0.00,-87.44,-507.42,0.00,1.82,-5.37 
1747830257.01,1,-86.92,-509.06,1.18,2.92,0.41,-86.92,-509.06,0.00,1.80,-5.39 
1747830257.11,1,-87.00,-509.15,1.41,3.05,1.23,-87.00,-509.15,0.00,1.61,-5.07 
1747830257.21,1,-86.85,-509.66,0.58,2.22,0.09,-86.85,-509.66,0.00,1.60,-5.07 
1747830257.31,1,-86.71,-510.14,0.60,2.32,0.09,-86.71,-510.14,0.00,1.59,-5.05 
1747830257.31,2,-213.54,-487.51,0.22,1.37,0.26,-213.54,-487.51,0.00,-0.21,0.07 
1747830257.81,1,-85.91,-512.66,0.51,2.25,0.09,-85.91,-512.66,0.00,1.60,-5.05 
1747830257.81,2,-213.63,-487.43,0.39,1.19,0.40,-213.63,-487.43,0.00,-0.20,0.09 
1747830257.91,1,-85.89,-513.05,0.61,2.34,1.26,-85.89,-513.05,0.00,1.50,-4.97 
1747830258.01,1,-85.70,-513.61,0.70,2.59,0.04,-85.70,-513.61,0.00,1.53,-5.02 
1747830258.01,2,-213.66,-487.45,0.34,1.36,0.36,-213.66,-487.45,0.00,-0.19,0.07 
1747830258.11,1,-85.52,-514.13,0.84,2.77,0.14,-85.52,-514.13,0.00,1.54,-5.03 
1747830258.11,2,-213.71,-487.37,0.27,2.15,0.52,-213.71,-487.37,0.00,-0.22,0.12 
1747830258.21,1,-85.25,-514.93,0.93,3.09,0.63,-85.25,-514.93,0.00,1.64,-5.26 
1747830258.21,2,-213.71,-487.43,0.29,1.52,0.10,-213.71,-487.43,0.00,-0.20,0.07 
1747830258.31,1,-85.02,-515.55,1.03,3.78,0.47,-85.02,-515.55,0.00,1.69,-5.33 
1747830258.31,2,-213.72,-487.45,1.56,0.33,1.50,-213.72,-487.45,0.00,-0.20,0.05 
1747830258.41,1,-84.80,-516.17,1.01,3.78,0.45,-84.80,-516.17,0.00,1.73,-5.40 
1747830258.41,2,-213.74,-487.45,1.29,0.23,1.50,-213.74,-487.45,0.00,-0.20,0.05 
1747830258.51,1,-84.64,-516.71,0.62,2.24,0.02,-84.64,-516.71,0.00,1.72,-5.40 
1747830258.51,2,-213.76,-487.44,1.29,0.23,1.50,-213.76,-487.44,0.00,-0.20,0.05 
1747830258.71,1,-84.25,-517.80,0.76,2.37,0.16,-84.25,-517.80,0.00,1.76,-5.41 
1747830258.71,2,-213.85,-487.34,0.16,2.21,0.49,-213.85,-487.34,0.00,-0.23,0.12 
1747830258.81,1,-84.06,-518.43,0.83,2.66,0.55,-84.06,-518.43,0.00,1.77,-5.48 
1747830258.81,2,-213.91,-487.28,0.21,2.01,0.56,-213.91,-487.28,0.00,-0.26,0.15 
1747830258.91,1,-83.85,-519.03,1.07,3.58,0.26,-83.85,-519.03,0.00,1.79,-5.52 
1747830258.91,2,-213.95,-487.25,0.28,1.77,0.64,-213.95,-487.25,0.00,-0.27,0.16 
1747830259.01,1,-83.63,-519.72,1.03,3.06,0.56,-83.63,-519.72,0.00,1.83,-5.62 
1747830259.01,2,-213.98,-487.20,0.45,1.55,0.62,-213.98,-487.20,0.00,-0.27,0.19 
1747830259.11,1,-83.44,-520.25,1.07,3.38,0.34,-83.44,-520.25,0.00,1.83,-5.60 
1747830259.11,2,-214.00,-487.18,0.29,1.36,0.62,-214.00,-487.18,0.00,-0.27,0.19 
1747830259.21,1,-83.31,-520.72,0.82,3.37,0.13,-83.31,-520.72,0.00,1.79,-5.53 
1747830259.21,2,-213.99,-487.18,0.34,1.42,0.23,-213.99,-487.18,0.00,-0.24,0.17 
1747830259.41,1,-82.94,-521.84,0.95,3.01,0.44,-82.94,-521.84,0.00,1.79,-5.54 
1747830259.41,2,-214.03,-487.15,0.25,1.43,0.23,-214.03,-487.15,0.00,-0.24,0.17 
1747830259.51,1,-82.76,-522.22,1.18,3.13,0.92,-82.76,-522.22,0.00,1.80,-5.42 
1747830259.51,2,-214.06,-487.13,0.25,1.43,0.23,-214.06,-487.13,0.00,-0.24,0.17 
1747830259.61,1,-82.60,-522.82,1.15,3.20,0.57,-82.60,-522.82,0.00,1.78,-5.46 
1747830259.71,1,-82.39,-523.45,1.01,2.78,0.61,-82.39,-523.45,0.00,1.81,-5.52 
1747830259.81,1,-82.21,-523.99,1.16,3.26,0.31,-82.21,-523.99,0.00,1.81,-5.51 
1747830259.91,1,-81.97,-524.61,0.24,3.23,0.56,-81.97,-524.61,0.00,1.85,-5.56 
1747830260.01,1,-81.85,-525.08,0.33,3.24,0.06,-81.85,-525.08,0.00,1.80,-5.50 
1747830260.21,1,-81.50,-526.18,0.45,3.25,0.38,-81.50,-526.18,0.00,1.79,-5.50 
1747830260.51,1,-80.91,-527.95,0.86,2.68,0.65,-80.91,-527.95,0.00,1.83,-5.58 
1747830260.61,1,-80.71,-528.57,0.70,2.27,0.64,-80.71,-528.57,0.00,1.84,-5.62 
1747830260.71,1,-80.53,-529.03,0.76,2.61,0.36,-80.53,-529.03,0.00,1.84,-5.55 
1747830260.81,1,-80.36,-529.66,1.20,2.30,0.66,-80.36,-529.66,0.00,1.83,-5.60 
1747830261.01,1,-80.03,-530.71,1.09,3.94,0.38,-80.03,-530.71,0.00,1.80,-5.56 
1747830261.11,1,-79.90,-531.18,1.15,3.99,0.36,-79.90,-531.18,0.00,1.77,-5.49 
1747830261.11,4,-129.19,-583.41,0.23,0.95,1.30,-129.19,-583.41,0.00,-0.21,0.03 
1747830261.21,1,-79.68,-531.77,0.66,2.19,0.48,-79.68,-531.77,0.00,1.79,-5.52 
1747830261.21,4,-129.20,-583.41,0.15,0.80,1.17,-129.20,-583.41,0.00,-0.20,0.03 
1747830261.31,1,-79.49,-532.24,0.78,2.38,0.36,-79.49,-532.24,0.00,1.80,-5.47 
1747830261.41,1,-79.38,-532.76,0.88,2.61,0.57,-79.38,-532.76,0.00,1.75,-5.45 
1747830261.61,1,-79.06,-533.92,1.03,3.91,0.40,-79.06,-533.92,0.00,1.73,-5.49 
1747830261.71,1,-78.91,-534.38,0.98,4.06,0.31,-78.91,-534.38,0.00,1.72,-5.42 
1747830261.81,1,-78.75,-534.98,1.09,2.17,0.55,-78.75,-534.98,0.00,1.71,-5.46 
1747830261.81,4,-129.31,-583.39,0.24,1.19,1.27,-129.31,-583.39,0.00,-0.20,0.03 
1747830261.91,1,-78.58,-535.53,0.64,1.70,0.55,-78.58,-535.53,0.00,1.71,-5.46 
1747830261.91,4,-129.34,-583.37,0.34,0.99,1.20,-129.34,-583.37,0.00,-0.20,0.04 
1747830262.01,4,-129.35,-583.37,0.26,0.87,1.13,-129.35,-583.37,0.00,-0.20,0.03 
1747830262.31,1,-77.78,-537.88,0.75,2.08,0.65,-77.78,-537.88,0.00,1.77,-5.56 
1747830262.31,4,-129.42,-583.35,0.33,0.75,0.90,-129.42,-583.35,0.00,-0.20,0.05 
1747830262.41,1,-77.64,-538.30,0.77,2.55,0.41,-77.64,-538.30,0.00,1.75,-5.47 
1747830262.51,1,-77.58,-538.58,0.87,2.83,0.07,-77.58,-538.58,0.00,1.67,-5.28 
1747830262.61,1,-77.46,-539.07,1.16,3.36,0.38,-77.46,-539.07,0.00,1.64,-5.26 
1747830262.81,1,-77.22,-539.91,3.28,1.90,1.32,-77.22,-539.91,0.00,1.57,-5.11 
1747830262.91,1,-77.09,-540.42,1.09,2.93,0.47,-77.09,-540.42,0.00,1.56,-5.11 
1747830263.01,1,-76.96,-540.89,1.35,3.50,0.33,-76.96,-540.89,0.00,1.54,-5.08 
1747830263.11,1,-76.80,-541.39,0.64,2.79,0.37,-76.80,-541.39,0.00,1.55,-5.08 
1747830263.31,1,-76.50,-542.35,0.77,2.97,0.18,-76.50,-542.35,0.00,1.54,-5.04 
1747830263.51,1,-76.17,-543.50,1.22,3.04,0.64,-76.17,-543.50,0.00,1.55,-5.14 
1747830263.61,1,-75.99,-544.15,1.32,2.90,0.65,-75.99,-544.15,0.00,1.57,-5.23 
1747830263.81,1,-76.07,-544.82,1.43,3.23,1.08,-76.07,-544.82,0.00,1.29,-4.97 
1747830263.81,4,-129.71,-583.31,0.41,1.14,0.93,-129.71,-583.31,0.00,-0.21,0.04 
1747830263.91,1,-75.88,-545.35,1.39,3.53,0.28,-75.88,-545.35,0.00,1.34,-5.00 
1747830263.91,4,-129.75,-583.28,0.42,1.26,0.90,-129.75,-583.28,0.00,-0.22,0.06 
1747830264.01,1,-75.70,-545.93,1.21,3.88,0.32,-75.70,-545.93,0.00,1.37,-5.05 
1747830264.01,4,-129.82,-583.26,0.51,1.43,0.93,-129.82,-583.26,0.00,-0.26,0.07 
1747830264.11,1,-75.48,-546.59,0.94,3.40,0.65,-75.48,-546.59,0.00,1.43,-5.16 
1747830264.11,4,-129.83,-583.25,0.29,0.87,1.08,-129.83,-583.25,0.00,-0.25,0.07 
1747830264.31,1,-75.12,-547.61,1.70,3.37,0.39,-75.12,-547.61,0.00,1.48,-5.15 
1747830264.31,4,-129.83,-583.26,0.28,1.27,1.08,-129.83,-583.26,0.00,-0.21,0.05 
1747830264.41,1,-74.92,-548.15,1.02,3.36,0.59,-74.92,-548.15,0.00,1.52,-5.17 
1747830264.51,1,-74.72,-548.65,1.44,2.99,0.40,-74.72,-548.65,0.00,1.55,-5.16 
1747830264.61,1,-74.57,-549.05,0.60,2.89,0.06,-74.57,-549.05,0.00,1.55,-5.07 
1747830264.71,1,-74.33,-549.66,0.75,3.22,0.67,-74.33,-549.66,0.00,1.61,-5.15 
1747830264.81,1,-74.08,-550.28,0.74,3.35,0.70,-74.08,-550.28,0.00,1.67,-5.23 
1747830264.91,1,-73.92,-550.81,0.68,1.87,0.70,-73.92,-550.81,0.00,1.67,-5.23 
1747830265.01,1,-73.76,-551.25,0.49,3.12,0.12,-73.76,-551.25,0.00,1.66,-5.17 
1747830265.11,1,-73.57,-551.76,0.63,3.08,0.42,-73.57,-551.76,0.00,1.68,-5.17 
1747830265.21,1,-73.38,-552.32,0.78,3.15,0.60,-73.38,-552.32,0.00,1.69,-5.19 
1747830265.41,1,-73.02,-553.35,1.13,2.94,0.37,-73.02,-553.35,0.00,1.71,-5.19 
1747830265.71,1,-72.56,-554.79,0.80,3.29,0.08,-72.56,-554.79,0.00,1.67,-5.12 
1747830265.91,1,-72.17,-555.87,0.98,3.33,0.45,-72.17,-555.87,0.00,1.71,-5.15 
1747830266.11,1,-71.80,-556.94,0.65,2.94,0.59,-71.80,-556.94,0.00,1.73,-5.18 
1747830266.21,1,-71.58,-557.42,0.80,3.00,0.41,-71.58,-557.42,0.00,1.76,-5.15 
1747830266.31,1,-71.38,-557.93,0.98,2.85,0.46,-71.38,-557.93,0.00,1.78,-5.15 
1747830266.41,1,-71.18,-558.44,1.14,2.92,0.40,-71.18,-558.44,0.00,1.80,-5.14 
1747830266.81,1,-70.42,-560.46,1.17,3.07,0.45,-70.42,-560.46,0.00,1.82,-5.12 
1747830267.01,1,-69.99,-561.43,1.31,3.24,0.40,-69.99,-561.43,0.00,1.87,-5.09 
1747830267.11,1,-69.77,-561.89,1.26,3.36,0.41,-69.77,-561.89,0.00,1.89,-5.05 
1747830267.21,1,-69.58,-562.39,0.91,3.10,0.41,-69.58,-562.39,0.00,1.89,-5.05 
1747830267.31,1,-69.48,-562.74,0.74,2.72,0.22,-69.48,-562.74,0.00,1.83,-4.93 
1747830267.31,4,-130.27,-583.37,0.50,1.29,0.72,-130.27,-583.37,0.00,-0.20,0.00 
1747830267.41,1,-69.38,-563.13,1.19,2.33,0.11,-69.38,-563.13,0.00,1.76,-4.86 
1747830267.41,4,-130.30,-583.36,0.36,1.06,0.70,-130.30,-583.36,0.00,-0.20,0.01 
1747830267.51,1,-69.16,-563.66,0.80,3.29,0.48,-69.16,-563.66,0.00,1.80,-4.89 
1747830267.51,4,-130.34,-583.33,0.42,1.13,1.20,-130.34,-583.33,0.00,-0.23,0.03 
1747830267.61,1,-69.03,-564.08,0.96,2.25,0.18,-69.03,-564.08,0.00,1.77,-4.84 
1747830267.61,4,-130.38,-583.32,0.38,1.31,0.82,-130.38,-583.32,0.00,-0.24,0.04 
1747830267.71,1,-68.87,-564.48,0.67,2.35,0.32,-68.87,-564.48,0.00,1.75,-4.78 
1747830267.71,4,-130.42,-583.29,0.44,1.35,0.79,-130.42,-583.29,0.00,-0.25,0.06 
1747830267.81,1,-68.62,-565.02,0.74,2.63,0.47,-68.62,-565.02,0.00,1.80,-4.82 
1747830267.81,4,-130.43,-583.30,0.53,1.10,1.16,-130.43,-583.30,0.00,-0.23,0.05 
1747830267.91,1,-68.44,-565.50,0.63,2.82,0.47,-68.44,-565.50,0.00,1.80,-4.82 
1747830267.91,4,-130.44,-583.32,0.55,1.45,0.59,-130.44,-583.32,0.00,-0.22,0.03 
1747830268.01,1,-68.21,-566.09,0.86,3.75,0.69,-68.21,-566.09,0.00,1.84,-4.90 
1747830268.01,4,-130.44,-583.33,0.33,1.18,0.85,-130.44,-583.33,0.00,-0.21,0.02 
1747830268.11,1,-67.95,-566.59,1.29,3.55,0.45,-67.95,-566.59,0.00,1.89,-4.91 
1747830268.11,4,-130.45,-583.33,0.44,1.03,0.71,-130.45,-583.33,0.00,-0.20,0.02 
1747830268.41,1,-67.31,-568.10,1.28,3.57,0.44,-67.31,-568.10,0.00,1.94,-4.93 
1747830268.51,1,-67.09,-568.61,1.15,3.25,0.42,-67.09,-568.61,0.00,1.96,-4.94 
1747830268.71,1,-66.64,-569.64,0.44,3.21,0.64,-66.64,-569.64,0.00,2.00,-4.97 
1747830268.71,4,-130.58,-583.34,0.55,1.05,0.40,-130.58,-583.34,0.00,-0.21,0.01 
1747830268.81,1,-66.42,-570.19,0.82,3.28,0.67,-66.42,-570.19,0.00,2.01,-5.01 
1747830268.81,4,-130.60,-583.36,0.52,1.47,0.50,-130.60,-583.36,0.00,-0.21,-0.01 
1747830269.01,1,-65.90,-571.32,0.56,3.01,0.79,-65.90,-571.32,0.00,2.09,-5.10 
1747830269.31,1,-65.26,-572.79,0.77,3.22,0.55,-65.26,-572.79,0.00,2.10,-5.05 
1747830269.31,4,-130.70,-583.34,0.39,1.44,0.68,-130.70,-583.34,0.00,-0.21,0.01 
1747830269.51,1,-64.93,-573.59,2.71,1.25,1.52,-64.93,-573.59,0.00,2.04,-4.91 
1747830269.51,4,-130.74,-583.37,0.61,1.21,0.56,-130.74,-583.37,0.00,-0.21,-0.01 
1747830269.61,1,-64.65,-574.08,1.02,3.00,0.54,-64.65,-574.08,0.00,2.09,-4.91 
1747830269.61,4,-130.79,-583.41,0.92,1.28,0.85,-130.79,-583.41,0.00,-0.23,-0.04 
1747830269.71,1,-64.38,-574.53,1.53,3.10,0.45,-64.38,-574.53,0.00,2.14,-4.88 
1747830269.71,4,-130.76,-583.49,0.38,1.80,0.68,-130.76,-583.49,0.00,-0.19,-0.09 
1747830270.01,1,-63.66,-576.02,0.59,3.22,0.71,-63.66,-576.02,0.00,2.19,-4.91 
1747830270.01,4,-130.77,-583.65,0.60,2.05,0.35,-130.77,-583.65,0.00,-0.16,-0.18 
1747830270.11,1,-63.36,-576.63,0.44,2.79,0.72,-63.36,-576.63,0.00,2.25,-4.98 
1747830270.11,4,-130.80,-583.65,0.72,1.37,0.60,-130.80,-583.65,0.00,-0.17,-0.17 
1747830270.21,1,-63.12,-577.10,0.52,2.92,0.54,-63.12,-577.10,0.00,2.26,-4.97 
1747830270.21,4,-130.82,-583.62,0.50,1.41,0.61,-130.82,-583.62,0.00,-0.17,-0.14 
1747830270.31,1,-63.03,-577.42,0.68,2.96,0.18,-63.03,-577.42,0.00,2.16,-4.84 
1747830270.31,4,-130.86,-583.56,0.67,1.79,0.55,-130.86,-583.56,0.00,-0.19,-0.08 
1747830270.41,1,-62.81,-577.93,0.80,3.47,0.50,-62.81,-577.93,0.00,2.16,-4.86 
1747830270.41,4,-130.89,-583.53,0.48,1.37,0.52,-130.89,-583.53,0.00,-0.20,-0.06 
1747830270.51,1,-62.61,-578.42,0.54,2.92,0.68,-62.61,-578.42,0.00,2.15,-4.86 
1747830270.51,4,-130.93,-583.51,0.43,1.44,0.50,-130.93,-583.51,0.00,-0.21,-0.04 
1747830270.81,1,-61.96,-579.83,0.88,3.12,0.47,-61.96,-579.83,0.00,2.15,-4.83 
1747830270.81,4,-131.00,-583.56,0.73,1.47,0.29,-131.00,-583.56,0.00,-0.22,-0.06 
1747830270.91,1,-61.75,-580.28,0.67,3.11,0.59,-61.75,-580.28,0.00,2.15,-4.80 
1747830270.91,4,-131.03,-583.52,0.51,1.24,0.38,-131.03,-583.52,0.00,-0.22,-0.03 
1747830271.01,1,-61.53,-580.75,0.84,3.11,0.59,-61.53,-580.75,0.00,2.15,-4.79 
1747830271.01,4,-131.04,-583.52,0.47,0.96,0.46,-131.04,-583.52,0.00,-0.21,-0.03 
1747830271.31,1,-60.90,-582.13,1.03,3.49,0.47,-60.90,-582.13,0.00,2.14,-4.76 
1747830271.31,4,-131.12,-583.53,0.57,1.10,0.15,-131.12,-583.53,0.00,-0.22,-0.03 
1747830271.61,1,-60.27,-583.52,1.15,3.32,0.41,-60.27,-583.52,0.00,2.13,-4.72 
1747830271.61,4,-131.19,-583.55,0.49,1.33,0.19,-131.19,-583.55,0.00,-0.23,-0.04 
1747830271.71,1,-60.05,-583.93,1.01,3.38,0.51,-60.05,-583.93,0.00,2.14,-4.68 
1747830271.71,4,-131.20,-583.55,0.48,1.11,0.13,-131.20,-583.55,0.00,-0.22,-0.04 
1747830271.81,1,-59.82,-584.40,0.79,3.37,0.53,-59.82,-584.40,0.00,2.15,-4.69 
1747830271.81,4,-131.22,-583.54,0.50,1.00,0.36,-131.22,-583.54,0.00,-0.21,-0.03 
1747830271.91,1,-59.73,-584.69,1.52,2.92,0.07,-59.73,-584.69,0.00,2.06,-4.56 
1747830271.91,4,-131.24,-583.51,0.42,1.11,0.46,-131.24,-583.51,0.00,-0.21,-0.00 
1747830272.01,1,-59.52,-585.15,0.59,1.43,0.07,-59.52,-585.15,0.00,2.06,-4.56 
1747830272.01,4,-131.27,-583.54,0.48,1.20,0.26,-131.27,-583.54,0.00,-0.22,-0.03 
1747830272.11,1,-59.21,-585.74,0.45,3.45,0.71,-59.21,-585.74,0.00,2.14,-4.65 
1747830272.11,4,-131.30,-583.55,0.65,1.14,0.16,-131.30,-583.55,0.00,-0.23,-0.03 
1747830272.31,1,-58.76,-586.66,0.84,3.45,0.49,-58.76,-586.66,0.00,2.15,-4.65 
1747830272.31,4,-131.35,-583.56,0.54,0.97,0.28,-131.35,-583.56,0.00,-0.23,-0.03 
1747830272.41,1,-58.60,-587.11,0.45,0.54,0.94,-58.60,-587.11,0.00,2.12,-4.64 
1747830272.41,4,-131.36,-583.59,0.44,1.22,0.19,-131.36,-583.59,0.00,-0.22,-0.05 
1747830272.51,1,-58.39,-587.53,0.47,0.63,0.44,-58.39,-587.53,0.00,2.11,-4.61 
1747830272.51,4,-131.38,-583.59,0.40,0.88,0.31,-131.38,-583.59,0.00,-0.22,-0.05 
1747830272.61,1,-58.32,-587.94,0.50,0.67,0.34,-58.32,-587.94,0.00,2.02,-4.57 
1747830272.61,4,-131.39,-583.61,0.43,1.13,0.21,-131.39,-583.61,0.00,-0.21,-0.06 
1747830272.81,1,-57.87,-588.85,0.53,0.77,0.49,-57.87,-588.85,0.00,2.05,-4.57 
1747830272.81,4,-131.43,-583.65,0.46,1.30,0.17,-131.43,-583.65,0.00,-0.21,-0.08 
1747830272.91,1,-57.72,-589.18,0.53,1.05,0.52,-57.72,-589.18,0.00,2.00,-4.48 
1747830272.91,4,-131.46,-583.66,0.55,1.00,0.23,-131.46,-583.66,0.00,-0.22,-0.08 
1747830273.11,1,-57.28,-590.11,0.55,1.29,0.53,-57.28,-590.11,0.00,2.03,-4.51 
1747830273.11,4,-131.51,-583.66,0.56,1.39,0.26,-131.51,-583.66,0.00,-0.22,-0.07 
1747830273.21,1,-57.05,-590.61,0.58,1.60,0.53,-57.05,-590.61,0.00,2.05,-4.54 
1747830273.21,4,-131.54,-583.68,0.41,1.21,0.05,-131.54,-583.68,0.00,-0.22,-0.08 
1747830273.31,1,-56.82,-591.05,0.67,1.75,0.44,-56.82,-591.05,0.00,2.07,-4.53 
1747830273.31,4,-131.55,-583.67,0.40,0.93,0.06,-131.55,-583.67,0.00,-0.21,-0.07 
1747830273.41,1,-56.69,-591.44,0.93,2.10,0.32,-56.69,-591.44,0.00,2.02,-4.48 
1747830273.41,4,-131.56,-583.69,0.45,1.01,0.06,-131.56,-583.69,0.00,-0.21,-0.08 
1747830273.51,1,-56.48,-591.92,0.64,3.57,0.44,-56.48,-591.92,0.00,2.02,-4.50 
1747830273.51,4,-131.59,-583.70,0.52,1.09,0.15,-131.59,-583.70,0.00,-0.22,-0.08 
1747830273.61,1,-56.25,-592.39,0.99,3.50,0.52,-56.25,-592.39,0.00,2.04,-4.52 
1747830273.61,4,-131.60,-583.73,0.50,1.14,0.07,-131.60,-583.73,0.00,-0.21,-0.09 
1747830273.81,1,-55.82,-593.30,1.03,3.17,0.47,-55.82,-593.30,0.00,2.06,-4.52 
1747830273.81,4,-131.62,-583.77,0.40,1.33,0.41,-131.62,-583.77,0.00,-0.19,-0.11 
1747830273.91,1,-55.61,-593.74,0.94,3.11,0.50,-55.61,-593.74,0.00,2.06,-4.52 
1747830273.91,4,-131.65,-583.76,0.55,1.43,0.43,-131.65,-583.76,0.00,-0.20,-0.10 
1747830274.01,1,-55.38,-594.23,0.74,3.68,0.51,-55.38,-594.23,0.00,2.08,-4.54 
1747830274.01,4,-131.67,-583.80,0.54,1.42,0.09,-131.67,-583.80,0.00,-0.20,-0.12 
1747830274.31,1,-54.90,-595.48,1.46,2.34,0.15,-54.90,-595.48,0.00,1.98,-4.46 
1747830274.31,4,-131.71,-583.82,0.55,0.96,0.23,-131.71,-583.82,0.00,-0.19,-0.10 
1747830274.41,1,-54.69,-595.97,1.08,3.21,0.59,-54.69,-595.97,0.00,1.98,-4.50 
1747830274.41,4,-131.74,-583.89,0.76,0.92,1.17,-131.74,-583.89,0.00,-0.19,-0.14 
1747830274.51,1,-54.59,-596.33,0.59,2.33,0.47,-54.59,-596.33,0.00,1.92,-4.43 
1747830274.51,4,-131.76,-583.88,0.37,1.14,0.38,-131.76,-583.88,0.00,-0.19,-0.13 
1747830274.71,1,-54.17,-597.24,0.66,2.61,0.52,-54.17,-597.24,0.00,1.94,-4.45 
1747830274.71,4,-131.80,-583.90,1.06,0.35,1.49,-131.80,-583.90,0.00,-0.19,-0.13 
1747830275.01,1,-53.66,-598.49,0.66,2.03,0.50,-53.66,-598.49,0.00,1.89,-4.39 
1747830275.01,4,-131.83,-583.94,0.52,1.04,0.09,-131.83,-583.94,0.00,-0.18,-0.13 
1747830275.11,1,-53.56,-598.85,0.93,2.12,0.24,-53.56,-598.85,0.00,1.83,-4.34 
1747830275.11,4,-131.86,-583.92,0.45,1.07,0.12,-131.86,-583.92,0.00,-0.19,-0.11 
1747830275.31,1,-53.22,-599.70,0.56,1.42,0.46,-53.22,-599.70,0.00,1.81,-4.32 
1747830275.31,4,-131.89,-584.02,1.55,0.57,1.39,-131.89,-584.02,0.00,-0.18,-0.16 
1747830275.71,1,-52.59,-601.36,0.64,1.53,0.15,-52.59,-601.36,0.00,1.75,-4.28 
1747830275.71,4,-131.98,-584.06,1.34,0.49,1.42,-131.98,-584.06,0.00,-0.19,-0.14 
1747830275.81,1,-52.45,-601.82,0.75,1.40,0.24,-52.45,-601.82,0.00,1.73,-4.30 
1747830275.81,4,-131.98,-584.08,1.10,0.45,1.35,-131.98,-584.08,0.00,-0.18,-0.15 
1747830275.91,1,-52.33,-602.23,0.83,1.76,0.15,-52.33,-602.23,0.00,1.69,-4.28 
1747830275.91,4,-132.02,-584.06,1.26,0.56,1.35,-132.02,-584.06,0.00,-0.19,-0.13 
1747830276.01,1,-52.18,-602.66,0.62,1.49,0.12,-52.18,-602.66,0.00,1.68,-4.29 
1747830276.01,4,-132.02,-584.08,0.96,0.44,1.27,-132.02,-584.08,0.00,-0.18,-0.13 
1747830276.11,1,-52.03,-603.07,0.69,1.67,0.11,-52.03,-603.07,0.00,1.66,-4.27 
1747830276.11,4,-132.03,-584.08,1.08,0.29,1.51,-132.03,-584.08,0.00,-0.18,-0.12 
1747830276.41,1,-51.37,-604.55,0.73,2.02,0.51,-51.37,-604.55,0.00,1.78,-4.42 
1747830276.61,1,-51.00,-605.56,0.30,1.29,0.43,-51.00,-605.56,0.00,1.79,-4.50 
1747830276.71,1,-50.84,-605.98,0.18,1.56,0.46,-50.84,-605.98,0.00,1.78,-4.48 
1747830276.71,4,-132.12,-584.14,1.19,0.38,1.41,-132.12,-584.14,0.00,-0.17,-0.11 
1747830276.81,1,-50.65,-606.42,0.38,1.29,0.41,-50.65,-606.42,0.00,1.79,-4.47 
1747830276.81,4,-132.14,-584.20,1.35,0.31,1.39,-132.14,-584.20,0.00,-0.17,-0.15 
1747830276.91,1,-50.46,-606.85,0.36,1.44,0.39,-50.46,-606.85,0.00,1.79,-4.46 
1747830276.91,4,-132.16,-584.21,0.97,0.33,1.45,-132.16,-584.21,0.00,-0.17,-0.15 
1747830277.01,1,-50.27,-607.26,0.41,1.55,0.19,-50.27,-607.26,0.00,1.80,-4.43 
1747830277.01,4,-132.18,-584.25,1.02,0.28,1.38,-132.18,-584.25,0.00,-0.18,-0.17 
1747830277.11,1,-49.97,-607.76,0.48,1.64,0.42,-49.97,-607.76,0.00,1.89,-4.48 
1747830277.11,4,-132.21,-584.27,1.04,0.24,1.28,-132.21,-584.27,0.00,-0.18,-0.17 
1747830277.31,1,-49.63,-608.65,0.80,1.89,0.16,-49.63,-608.65,0.00,1.86,-4.47 
1747830277.31,4,-132.26,-584.30,1.06,0.34,1.27,-132.26,-584.30,0.00,-0.19,-0.17 
1747830277.51,1,-49.28,-609.50,0.68,1.95,0.15,-49.28,-609.50,0.00,1.84,-4.44 
1747830277.51,4,-132.29,-584.29,1.10,0.19,1.33,-132.29,-584.29,0.00,-0.18,-0.14 
1747830277.61,1,-49.00,-610.07,0.72,2.36,0.45,-49.00,-610.07,0.00,1.91,-4.53 
1747830277.61,4,-132.29,-584.31,0.79,0.35,1.54,-132.29,-584.31,0.00,-0.17,-0.14 
1747830277.71,1,-48.80,-610.46,0.92,2.01,0.42,-48.80,-610.46,0.00,1.92,-4.49 
1747830277.71,4,-132.31,-584.31,0.73,0.28,1.45,-132.31,-584.31,0.00,-0.17,-0.13 
1747830277.81,1,-48.63,-610.89,1.78,0.79,1.56,-48.63,-610.89,0.00,1.91,-4.47 
1747830277.81,4,-132.32,-584.37,0.16,0.90,0.03,-132.32,-584.37,0.00,-0.17,-0.16 
1747830278.01,1,-48.26,-611.79,0.63,1.55,0.19,-48.26,-611.79,0.00,1.89,-4.48 
1747830278.01,4,-132.35,-584.38,0.76,0.25,1.10,-132.35,-584.38,0.00,-0.17,-0.14 
1747830278.11,1,-48.06,-612.22,0.77,1.57,0.46,-48.06,-612.22,0.00,1.91,-4.47 
1747830278.11,4,-132.38,-584.41,1.01,0.17,1.38,-132.38,-584.41,0.00,-0.18,-0.16 
1747830278.41,1,-47.48,-613.56,0.53,1.50,0.46,-47.48,-613.56,0.00,1.91,-4.47 
1747830278.41,4,-132.43,-584.51,1.35,0.20,1.41,-132.43,-584.51,0.00,-0.18,-0.20 
1747830278.51,1,-47.29,-614.01,0.53,1.50,0.46,-47.29,-614.01,0.00,1.91,-4.47 
1747830278.51,4,-132.45,-584.51,0.77,0.15,1.46,-132.45,-584.51,0.00,-0.18,-0.18 
1747830278.61,1,-47.11,-614.47,0.58,1.69,0.18,-47.11,-614.47,0.00,1.90,-4.47 
1747830278.61,4,-132.47,-584.53,0.90,0.25,1.03,-132.47,-584.53,0.00,-0.18,-0.18 
1747830278.71,1,-46.78,-615.09,0.63,1.97,0.42,-46.78,-615.09,0.00,1.99,-4.59 
1747830278.71,4,-132.47,-584.57,0.92,0.34,1.36,-132.47,-584.57,0.00,-0.16,-0.20 
1747830278.91,1,-46.41,-615.95,0.27,1.72,0.40,-46.41,-615.95,0.00,1.97,-4.55 
1747830278.91,4,-132.49,-584.60,0.78,0.39,1.14,-132.49,-584.60,0.00,-0.16,-0.19 
1747830279.01,1,-46.22,-616.40,0.18,1.41,0.44,-46.22,-616.40,0.00,1.97,-4.55 
1747830279.01,4,-132.51,-584.62,0.90,0.11,1.29,-132.51,-584.62,0.00,-0.16,-0.19 
1747830279.21,1,-45.84,-617.30,0.23,1.40,0.40,-45.84,-617.30,0.00,1.96,-4.54 
1747830279.21,4,-132.55,-584.69,0.98,0.13,1.38,-132.55,-584.69,0.00,-0.16,-0.22 
1747830279.31,1,-45.54,-617.87,0.26,1.49,0.50,-45.54,-617.87,0.00,2.03,-4.62 
1747830279.31,4,-132.56,-584.71,0.76,0.17,1.18,-132.56,-584.71,0.00,-0.16,-0.21 
1747830279.51,1,-45.19,-618.74,0.33,1.53,0.19,-45.19,-618.74,0.00,2.00,-4.58 
1747830279.51,4,-132.61,-584.73,0.71,0.30,1.18,-132.61,-584.73,0.00,-0.17,-0.20 
1747830279.61,1,-44.90,-619.29,0.38,1.63,0.60,-44.90,-619.29,0.00,2.06,-4.64 
1747830279.61,4,-132.62,-584.73,0.88,0.09,1.07,-132.62,-584.73,0.00,-0.17,-0.18 
1747830279.71,1,-44.72,-619.71,0.45,1.73,0.19,-44.72,-619.71,0.00,2.04,-4.61 
1747830279.71,4,-132.62,-584.75,0.86,0.12,1.27,-132.62,-584.75,0.00,-0.16,-0.18 
1747830279.81,1,-44.44,-620.24,0.50,1.96,0.58,-44.44,-620.24,0.00,2.09,-4.66 
1747830279.81,4,-132.63,-584.77,0.96,0.13,1.18,-132.63,-584.77,0.00,-0.15,-0.19 
1747830279.91,1,-44.29,-620.62,0.29,2.45,0.47,-44.29,-620.62,0.00,2.05,-4.60 
1747830279.91,4,-132.68,-584.76,0.97,0.18,1.19,-132.68,-584.76,0.00,-0.18,-0.16 
