4,0,-157.180,-272.309,1.007,0.143,0.390,-157.180,-272.309,0.000,1.591,-4.771
5,0,-155.941,-276.675,1.097,0.321,0.356,-155.941,-276.675,0.000,1.395,-4.561
6,0,-154.748,-280.836,1.006,0.307,0.400,-154.748,-280.836,0.000,1.299,-4.342
7,0,-153.512,-284.812,1.156,0.238,0.397,-153.512,-284.812,0.000,1.286,-4.162
8,0,-152.590,-288.550,1.350,0.340,0.480,-152.590,-288.550,0.000,1.140,-4.120
9,0,-151.160,-292.240,1.520,0.300,0.540,-151.160,-292.240,0.000,1.360,-4.120
10,0,-148.587,-297.724,1.529,0.796,0.775,-148.587,-297.724,0.000,1.889,-4.394
13,0,-143.739,-308.918,1.500,0.445,0.360,-143.739,-308.918,0.000,1.353,-3.851
14,0,-142.376,-313.257,1.047,1.343,0.916,-142.376,-313.257,0.000,1.398,-4.181
15,0,-140.990,-317.690,1.650,0.250,1.000,-140.990,-317.690,0.000,1.370,-4.340
16,0,-139.910,-322.890,2.020,0.560,0.890,-139.910,-322.890,0.000,1.160,-4.540
17,0,-139.975,-327.895,2.457,0.810,1.292,-139.975,-327.895,0.000,0.529,-5.123
18,0,-140.370,-332.480,2.160,1.790,0.200,-140.370,-332.480,0.000,0.060,-4.980
19,0,-142.000,-337.910,1.480,0.440,1.120,-142.000,-337.910,0.000,-0.860,-4.980
20,0,-145.316,-342.074,2.365,1.236,0.798,-145.316,-342.074,0.000,-2.212,-4.536
21,0,-149.112,-346.247,5.047,2.803,0.401,-149.112,-346.247,0.000,-3.068,-4.282
22,0,-153.068,-349.187,5.854,3.362,0.317,-153.068,-349.187,0.000,-3.587,-3.554
23,0,-158.257,-351.087,5.371,4.759,0.615,-158.257,-351.087,0.000,-4.449,-2.675
24,0,-164.023,-351.391,4.099,6.203,1.232,-164.023,-351.391,0.000,-5.155,-1.317
25,0,-169.799,-350.780,4.354,5.559,0.401,-169.799,-350.780,0.000,-5.510,-0.196
26,0,-174.350,-348.643,4.187,8.216,0.917,-174.350,-348.643,0.000,-4.947,1.052
27,0,-178.110,-345.470,3.300,8.450,0.650,-178.110,-345.470,0.000,-4.320,2.230
28,0,-181.396,-341.563,3.663,8.500,0.206,-181.396,-341.563,0.000,-3.739,3.121
29,0,-184.691,-336.477,3.007,7.753,0.166,-184.691,-336.477,0.000,-3.489,4.200
30,0,-186.238,-331.151,3.840,8.102,0.097,-186.238,-331.151,0.000,-2.377,4.787
31,0,-186.851,-324.727,2.889,5.395,0.275,-186.851,-324.727,0.000,-1.426,5.769
32,0,-187.260,-319.370,4.100,2.010,1.460,-187.260,-319.370,0.000,-0.930,5.800
35,0,-188.012,-304.314,2.170,1.682,0.250,-188.012,-304.314,0.000,-0.267,4.863
36,0,-188.465,-299.506,1.619,0.764,0.398,-188.465,-299.506,0.000,-0.350,4.810
37,0,-188.834,-294.503,2.360,2.407,0.273,-188.834,-294.503,0.000,-0.371,4.909
38,0,-189.130,-289.713,2.224,1.915,1.285,-189.130,-289.713,0.000,-0.314,4.830
39,0,-189.670,-284.960,1.990,1.420,0.340,-189.670,-284.960,0.000,-0.400,4.740
40,0,-189.878,-280.341,1.900,2.243,0.274,-189.878,-280.341,0.000,-0.291,4.717
41,0,-190.020,-275.800,0.740,0.530,0.170,-190.020,-275.800,0.000,-0.220,4.600
42,0,-190.320,-271.700,1.110,0.720,0.230,-190.320,-271.700,0.000,-0.330,4.970
43,0,-190.770,-266.390,1.700,2.580,0.330,-190.770,-266.390,0.000,-0.290,4.840
44,0,-191.351,-261.464,1.906,3.122,0.206,-191.351,-261.464,0.000,-0.439,4.654
45,0,-192.258,-256.990,3.165,2.786,1.048,-192.258,-256.990,0.000,-0.690,4.555
46,0,-192.787,-252.414,2.138,3.470,0.227,-192.787,-252.414,0.000,-0.640,4.570
47,0,-193.210,-248.920,1.860,3.930,0.130,-193.210,-248.920,0.000,-0.570,4.420
48,0,-193.869,-243.940,2.051,3.330,0.452,-193.869,-243.940,0.000,-0.547,4.306
49,0,-194.580,-239.190,1.740,2.890,0.200,-194.580,-239.190,0.000,-0.620,4.510
50,0,-195.336,-234.155,3.884,2.400,0.078,-195.336,-234.155,0.000,-0.753,4.828
51,0,-195.990,-229.360,1.620,3.060,0.240,-195.990,-229.360,0.000,-0.750,5.060
52,0,-196.711,-223.628,1.897,1.803,0.199,-196.711,-223.628,0.000,-0.686,5.178
53,0,-197.214,-218.383,1.667,2.634,1.048,-197.214,-218.383,0.000,-0.616,5.220
54,0,-198.024,-212.773,1.693,2.632,0.382,-198.024,-212.773,0.000,-0.724,5.446
55,0,-198.735,-206.970,1.807,3.212,0.192,-198.735,-206.970,0.000,-0.712,5.654
56,0,-199.230,-201.900,3.850,2.310,0.240,-199.230,-201.900,0.000,-0.650,5.560
57,0,-199.185,-194.809,4.648,2.756,1.143,-199.185,-194.809,0.000,-0.237,6.133
58,0,-198.450,-188.534,2.956,2.566,1.244,-198.450,-188.534,0.000,0.360,6.238
59,0,-196.560,-182.670,5.300,1.880,0.960,-196.560,-182.670,0.000,1.220,6.310
60,0,-193.520,-175.797,5.974,3.913,0.780,-193.520,-175.797,0.000,2.185,6.297
61,0,-189.104,-170.822,7.684,4.221,0.459,-189.104,-170.822,0.000,3.360,5.524
62,0,-184.360,-167.300,7.640,3.980,0.160,-184.360,-167.300,0.000,4.340,4.660
63,0,-178.034,-165.182,4.623,8.725,1.270,-178.034,-165.182,0.000,5.312,3.065
64,0,-171.144,-165.039,4.067,8.820,0.953,-171.144,-165.039,0.000,6.150,1.420
65,0,-164.985,-167.214,4.241,8.630,0.612,-164.985,-167.214,0.000,6.150,-0.549
66,0,-159.770,-170.650,4.500,9.850,0.220,-159.770,-170.650,0.000,5.530,-2.150
67,0,-157.270,-176.763,5.183,8.261,0.023,-157.270,-176.763,0.000,3.903,-4.298
68,0,-156.821,-183.420,4.364,6.115,0.305,-156.821,-183.420,0.000,1.949,-5.620
70,0,-158.090,-195.340,6.170,2.440,1.320,-158.090,-195.340,0.000,-0.130,-6.180
71,0,-159.230,-202.250,2.340,2.400,1.470,-159.230,-202.250,0.000,-0.680,-6.560
72,0,-160.705,-209.223,3.179,2.094,1.120,-160.705,-209.223,0.000,-1.082,-6.453
73,0,-161.600,-216.166,3.112,2.531,1.233,-161.600,-216.166,0.000,-0.969,-6.754
74,0,-161.917,-222.757,3.205,2.203,0.842,-161.917,-222.757,0.000,-0.522,-6.695
75,0,-163.126,-229.615,3.980,2.888,1.406,-163.126,-229.615,0.000,-0.968,-6.810
76,0,-163.960,-236.280,2.390,4.260,0.140,-163.960,-236.280,0.000,-0.930,-7.010
77,0,-164.941,-243.303,1.392,3.096,1.127,-164.941,-243.303,0.000,-0.960,-6.699
78,0,-165.750,-249.450,2.180,4.550,0.070,-165.750,-249.450,0.000,-0.910,-6.720
79,0,-166.230,-257.750,1.890,3.710,0.200,-166.230,-257.750,0.000,-0.640,-6.810
80,0,-166.395,-262.915,2.234,2.391,0.201,-166.395,-262.915,0.000,-0.360,-6.306
81,0,-167.150,-268.800,2.380,0.880,0.140,-167.150,-268.800,0.000,-0.530,-6.000
83,0,-167.770,-280.527,2.687,0.883,0.784,-167.770,-280.527,0.000,-0.342,-5.825
84,0,-168.254,-286.708,2.900,1.627,1.535,-168.254,-286.708,0.000,-0.402,-6.014
85,0,-168.408,-291.980,1.786,3.434,0.075,-168.408,-291.980,0.000,-0.242,-5.617
87,0,-168.927,-302.050,1.640,2.637,0.240,-168.927,-302.050,0.000,-0.240,-5.070
88,0,-169.378,-306.468,1.752,1.252,0.288,-169.378,-306.468,0.000,-0.364,-4.650
89,0,-169.610,-310.960,1.280,2.960,0.960,-169.610,-310.960,0.000,-0.290,-4.770
90,0,-169.520,-314.730,2.190,0.510,0.180,-169.520,-314.730,0.000,-0.060,-4.450
91,0,-168.557,-320.209,2.152,1.710,0.305,-168.557,-320.209,0.000,0.507,-4.640
92,0,-167.350,-324.260,1.320,2.430,1.440,-167.350,-324.260,0.000,0.920,-4.480
93,0,-166.572,-329.144,2.720,2.891,0.376,-166.572,-329.144,0.000,0.884,-4.416
94,0,-165.220,-333.460,3.620,1.790,0.280,-165.220,-333.460,0.000,0.940,-4.150
95,0,-164.776,-337.536,2.396,2.082,0.564,-164.776,-337.536,0.000,0.770,-4.349
96,0,-163.020,-341.630,2.860,5.280,0.360,-163.020,-341.630,0.000,1.280,-4.490
97,0,-161.330,-345.560,2.720,1.670,0.220,-161.330,-345.560,0.000,1.580,-4.490
98,0,-158.873,-350.651,1.638,3.086,0.536,-158.873,-350.651,0.000,1.825,-4.419
99,0,-156.890,-355.540,4.310,1.350,0.650,-156.890,-355.540,0.000,1.870,-4.340
100,0,-154.719,-359.108,1.961,3.320,0.437,-154.719,-359.108,0.000,2.190,-4.242
101,0,-152.540,-363.300,3.190,1.700,1.560,-152.540,-363.300,0.000,2.150,-4.150
102,0,-150.399,-367.673,2.042,4.958,0.328,-150.399,-367.673,0.000,2.179,-4.239
103,0,-148.400,-372.250,2.480,4.060,0.500,-148.400,-372.250,0.000,1.990,-4.190
104,0,-146.866,-376.176,3.166,2.344,1.310,-146.866,-376.176,0.000,1.856,-4.306
106,0,-143.510,-385.370,3.150,2.450,1.110,-143.510,-385.370,0.000,1.660,-4.520
107,0,-141.760,-389.180,1.530,4.060,0.030,-141.760,-389.180,0.000,1.790,-4.440
109,0,-136.923,-399.292,1.745,4.790,0.347,-136.923,-399.292,0.000,2.100,-4.627
110,0,-135.010,-403.360,2.170,3.960,0.450,-135.010,-403.360,0.000,2.090,-4.600
111,0,-132.600,-407.840,2.160,7.250,0.700,-132.600,-407.840,0.000,2.170,-4.250
112,0,-130.130,-413.070,2.670,5.440,0.980,-130.130,-413.070,0.000,2.180,-4.520
113,0,-128.670,-416.200,2.900,6.930,0.320,-128.670,-416.200,0.000,2.140,-4.500
114,0,-126.170,-420.720,2.300,4.120,0.580,-126.170,-420.720,0.000,2.390,-4.540
115,0,-123.180,-425.940,1.790,6.780,0.560,-123.180,-425.940,0.000,2.560,-4.650
116,0,-120.691,-431.177,3.346,6.605,0.552,-120.691,-431.177,0.000,2.394,-4.788
117,0,-118.266,-436.191,2.151,4.173,0.289,-118.266,-436.191,0.000,2.466,-4.921
118,0,-115.542,-441.256,1.660,3.718,0.512,-115.542,-441.256,0.000,2.602,-5.002
119,0,-112.620,-446.540,3.090,4.290,0.880,-112.620,-446.540,0.000,2.760,-5.060
120,0,-110.140,-451.180,1.850,4.070,0.550,-110.140,-451.180,0.000,2.580,-4.810
122,0,-105.510,-461.460,2.150,3.870,0.230,-105.510,-461.460,0.000,2.360,-5.140
124,0,-100.837,-472.019,1.460,3.648,0.310,-100.837,-472.019,0.000,2.302,-5.292
125,0,-98.280,-478.030,1.580,3.230,0.310,-98.280,-478.030,0.000,2.300,-5.380
126,0,-96.620,-482.270,1.500,3.210,0.210,-96.620,-482.270,0.000,2.200,-5.350
127,0,-94.510,-487.820,1.840,4.660,0.270,-94.510,-487.820,0.000,1.990,-4.980
128,0,-92.800,-492.330,1.730,4.780,0.320,-92.800,-492.330,0.000,2.000,-5.070
129,0,-90.690,-497.945,1.718,4.140,0.226,-90.690,-497.945,0.000,2.087,-5.379
130,0,-88.750,-503.170,1.350,3.280,0.350,-88.750,-503.170,0.000,2.100,-5.550
131,0,-87.310,-508.410,1.180,3.530,0.300,-87.310,-508.410,0.000,1.710,-5.350
132,0,-85.920,-513.140,0.870,2.810,1.260,-85.920,-513.140,0.000,1.530,-5.020
133,0,-83.930,-518.990,1.230,3.200,0.260,-83.930,-518.990,0.000,1.770,-5.440
134,0,-81.838,-525.245,0.421,3.152,0.110,-81.838,-525.245,0.000,1.858,-5.586
135,0,-80.060,-530.720,1.136,3.178,0.474,-80.060,-530.720,0.000,1.825,-5.550
136,0,-78.366,-536.165,0.662,1.825,0.465,-78.366,-536.165,0.000,1.766,-5.502
137,0,-76.862,-541.110,1.464,3.589,0.348,-76.862,-541.110,0.000,1.587,-5.177
138,0,-75.848,-545.869,1.439,3.856,0.377,-75.848,-545.869,0.000,1.252,-4.924
139,0,-73.740,-551.730,1.450,3.520,0.420,-73.740,-551.730,0.000,1.620,-5.110
140,0,-72.070,-555.930,0.850,3.130,0.450,-72.070,-555.930,0.000,1.820,-5.190
141,0,-70.290,-560.470,0.960,3.210,0.450,-70.290,-560.470,0.000,1.890,-5.100
142,0,-68.043,-566.383,0.779,3.374,0.679,-68.043,-566.383,0.000,1.918,-5.065
143,0,-65.710,-571.640,0.530,2.690,0.790,-65.710,-571.640,0.000,2.130,-5.160
144,0,-63.576,-576.140,0.643,2.791,0.650,-63.576,-576.140,0.000,2.154,-4.820
145,0,-61.430,-580.800,1.430,3.320,0.590,-61.430,-580.800,0.000,2.150,-4.710
146,0,-59.330,-585.370,0.780,3.050,0.510,-59.330,-585.370,0.000,2.120,-4.640
147,0,-57.120,-590.420,0.380,0.620,0.530,-57.120,-590.420,0.000,2.080,-4.630
148,0,-55.380,-594.280,0.460,0.960,0.510,-55.380,-594.280,0.000,2.030,-4.500
149,0,-53.620,-598.880,0.390,1.650,0.240,-53.620,-598.880,0.000,1.830,-4.350
151,0,-50.420,-606.820,0.390,1.650,0.390,-50.420,-606.820,0.000,1.830,-4.430
152,0,-48.480,-611.360,0.840,1.790,0.510,-48.480,-611.360,0.000,1.920,-4.510
153,0,-46.140,-616.510,0.240,1.690,0.440,-46.140,-616.510,0.000,2.040,-4.610
