1747830521.01,0,9.05,-730.53,2.62,4.15,0.68,9.05,-730.53,0.00,-1.31,1.28 
1747830521.11,0,8.96,-730.17,2.62,5.29,0.68,8.96,-730.17,0.00,-1.27,1.44 
1747830521.31,0,8.81,-729.85,2.10,3.91,1.22,8.81,-729.85,0.00,-1.20,1.47 
1747830521.41,0,8.80,-729.49,2.99,5.13,0.71,8.80,-729.49,0.00,-1.12,1.62 
1747830521.61,0,8.69,-729.12,2.31,3.98,1.25,8.69,-729.12,0.00,-1.04,1.65 
1747830521.91,0,8.47,-728.48,2.56,3.99,0.76,8.47,-728.48,0.00,-0.97,1.75 
1747830522.11,0,8.34,-728.03,2.31,3.99,0.61,8.34,-728.03,0.00,-0.93,1.83 
1747830522.21,0,8.27,-727.79,2.08,3.87,0.68,8.27,-727.79,0.00,-0.91,1.86 
1747830522.31,0,8.22,-727.58,1.98,3.78,0.66,8.22,-727.58,0.00,-0.89,1.88 
1747830522.41,0,8.12,-727.30,2.14,3.68,0.62,8.12,-727.30,0.00,-0.89,1.94 
1747830522.61,0,7.87,-726.79,1.84,5.11,0.76,7.87,-726.79,0.00,-0.95,2.03 
1747830522.71,0,7.73,-726.54,1.86,4.95,0.85,7.73,-726.54,0.00,-0.98,2.07 
1747830522.81,0,7.68,-726.33,2.03,4.06,0.65,7.68,-726.33,0.00,-0.94,2.07 
1747830522.91,0,7.52,-726.09,1.26,3.23,1.25,7.52,-726.09,0.00,-0.99,2.09 
1747830523.01,0,7.46,-725.91,1.81,4.19,0.74,7.46,-725.91,0.00,-0.96,2.07 
1747830523.11,0,7.24,-725.57,1.27,3.02,0.55,7.24,-725.57,0.00,-1.05,2.16 
1747830523.21,0,7.08,-725.34,1.10,2.83,1.24,7.08,-725.34,0.00,-1.09,2.18 
1747830523.31,0,7.06,-725.15,1.28,3.08,0.65,7.06,-725.15,0.00,-1.03,2.15 
1747830523.41,0,7.03,-724.97,1.46,3.36,0.61,7.03,-724.97,0.00,-0.98,2.13 
1747830523.51,0,6.99,-724.77,2.11,4.28,0.65,6.99,-724.77,0.00,-0.93,2.12 
1747830523.61,0,6.89,-724.63,2.69,3.57,1.29,6.89,-724.63,0.00,-0.94,2.07 
1747830523.81,0,6.70,-724.17,1.18,1.96,0.63,6.70,-724.17,0.00,-0.94,2.10 
1747830523.91,0,6.59,-724.03,1.35,2.16,1.25,6.59,-724.03,0.00,-0.95,2.05 
1747830524.01,0,6.52,-723.85,1.43,2.56,0.69,6.52,-723.85,0.00,-0.93,2.04 
1747830524.11,0,6.45,-723.65,1.56,2.88,0.64,6.45,-723.65,0.00,-0.92,2.03 
1747830524.31,0,6.21,-723.23,1.65,3.36,0.85,6.21,-723.23,0.00,-0.96,2.04 
1747830524.41,0,6.11,-722.98,0.84,1.89,0.73,6.11,-722.98,0.00,-0.96,2.07 
1747830524.51,0,6.01,-722.75,0.91,1.77,0.60,6.01,-722.75,0.00,-0.96,2.09 
1747830524.61,0,5.93,-722.46,1.05,1.88,0.48,5.93,-722.46,0.00,-0.95,2.15 
1747830524.71,0,5.84,-722.21,1.14,1.76,0.54,5.84,-722.21,0.00,-0.95,2.17 
1747830524.81,0,5.72,-722.03,1.40,1.62,1.22,5.72,-722.03,0.00,-0.97,2.15 
1747830525.01,0,5.51,-721.58,0.82,1.86,0.59,5.51,-721.58,0.00,-0.98,2.16 
1747830525.11,0,5.37,-721.41,1.67,1.72,1.11,5.37,-721.41,0.00,-1.01,2.13 
1747830525.21,0,5.24,-721.19,0.92,1.71,0.53,5.24,-721.19,0.00,-1.03,2.14 
1747830525.41,0,4.98,-720.75,1.25,1.79,0.50,4.98,-720.75,0.00,-1.07,2.14 
1747830525.81,0,4.34,-719.94,1.38,1.99,1.13,4.34,-719.94,0.00,-1.20,2.12 
1747830525.91,0,4.12,-719.68,1.29,2.16,0.52,4.12,-719.68,0.00,-1.27,2.14 
1747830526.01,0,3.96,-719.45,1.17,1.75,0.45,3.96,-719.45,0.00,-1.29,2.15 
1747830526.31,0,3.57,-718.71,1.21,2.16,0.46,3.57,-718.71,0.00,-1.29,2.22 
1747830526.81,0,2.66,-717.28,1.18,2.79,0.63,2.66,-717.28,0.00,-1.46,2.43 
1747830527.01,0,2.39,-716.74,1.25,1.85,0.48,2.39,-716.74,0.00,-1.45,2.46 
1747830527.21,0,1.97,-715.97,0.76,4.74,0.48,1.97,-715.97,0.00,-1.54,2.66 
1747830527.31,0,1.76,-715.59,0.91,3.88,0.51,1.76,-715.59,0.00,-1.58,2.74 
1747830528.01,0,0.73,-713.69,1.21,1.78,0.47,0.73,-713.69,0.00,-1.54,2.73 
1747830528.21,0,0.43,-713.13,0.93,1.61,0.51,0.43,-713.13,0.00,-1.53,2.74 
1747830528.31,0,0.11,-712.64,0.89,2.24,0.63,0.11,-712.64,0.00,-1.65,2.89 
1747830528.41,0,-0.03,-712.31,1.32,1.84,0.57,-0.03,-712.31,0.00,-1.63,2.92 
1747830528.71,0,-0.53,-711.49,1.02,1.78,0.63,-0.53,-711.49,0.00,-1.64,2.88 
1747830528.81,0,-0.75,-711.21,1.07,1.72,0.63,-0.75,-711.21,0.00,-1.68,2.87 
1747830528.91,0,-0.99,-710.90,1.08,2.00,0.72,-0.99,-710.90,0.00,-1.75,2.89 
1747830529.01,0,-1.25,-710.64,1.20,2.06,1.18,-1.25,-710.64,0.00,-1.81,2.87 
1747830529.31,0,-2.04,-709.58,0.90,4.87,0.75,-2.04,-709.58,0.00,-2.00,3.02 
1747830529.41,0,-2.24,-709.31,0.76,1.70,0.82,-2.24,-709.31,0.00,-2.00,3.00 
1747830529.51,0,-2.41,-709.04,0.95,2.00,0.62,-2.41,-709.04,0.00,-1.98,2.97 
1747830529.61,0,-2.74,-708.63,0.98,2.48,0.65,-2.74,-708.63,0.00,-2.08,3.06 
1747830529.71,0,-2.94,-708.37,0.91,2.19,0.64,-2.94,-708.37,0.00,-2.07,3.03 
1747830529.81,0,-3.26,-708.01,1.02,2.49,0.68,-3.26,-708.01,0.00,-2.16,3.07 
1747830529.91,0,-3.42,-707.75,1.04,2.27,0.57,-3.42,-707.75,0.00,-2.12,3.03 
1747830530.01,0,-3.61,-707.47,0.54,2.00,0.73,-3.61,-707.47,0.00,-2.10,3.02 
1747830530.11,0,-3.79,-707.19,0.72,2.06,0.70,-3.79,-707.19,0.00,-2.08,3.00 
1747830530.31,0,-4.21,-706.60,0.62,1.62,0.72,-4.21,-706.60,0.00,-2.08,2.99 
1747830530.41,0,-4.50,-706.17,0.66,1.97,0.60,-4.50,-706.17,0.00,-2.14,3.09 
1747830530.51,0,-4.78,-705.75,0.71,2.32,0.57,-4.78,-705.75,0.00,-2.19,3.17 
1747830530.71,0,-5.28,-705.06,0.75,2.71,0.62,-5.28,-705.06,0.00,-2.24,3.21 
1747830530.81,0,-5.55,-704.68,0.81,3.95,0.69,-5.55,-704.68,0.00,-2.27,3.25 
1747830530.91,0,-5.80,-704.33,0.96,3.75,0.71,-5.80,-704.33,0.00,-2.29,3.27 
1747830531.01,0,-6.07,-703.97,0.89,3.94,0.59,-6.07,-703.97,0.00,-2.31,3.30 
1747830531.11,0,-6.35,-703.61,0.98,3.61,0.64,-6.35,-703.61,0.00,-2.35,3.31 
1747830531.21,0,-6.60,-703.25,0.77,3.81,0.59,-6.60,-703.25,0.00,-2.36,3.33 
1747830531.31,0,-6.85,-702.93,0.87,3.36,0.69,-6.85,-702.93,0.00,-2.37,3.33 
1747830531.41,0,-7.10,-702.58,1.53,3.41,0.82,-7.10,-702.58,0.00,-2.38,3.34 
1747830531.51,0,-7.27,-702.34,0.85,3.05,0.74,-7.27,-702.34,0.00,-2.33,3.27 
1747830531.61,0,-7.52,-702.01,0.87,3.26,0.66,-7.52,-702.01,0.00,-2.34,3.27 
1747830531.71,0,-7.72,-701.77,1.28,2.54,1.01,-7.72,-701.77,0.00,-2.31,3.21 
1747830531.81,0,-7.97,-701.42,0.88,3.85,0.64,-7.97,-701.42,0.00,-2.33,3.23 
1747830532.01,0,-8.48,-700.76,1.14,3.35,0.65,-8.48,-700.76,0.00,-2.36,3.24 
1747830532.41,0,-9.37,-699.58,0.84,2.46,0.82,-9.37,-699.58,0.00,-2.33,3.17 
1747830532.51,0,-9.70,-699.17,0.83,4.41,0.66,-9.70,-699.17,0.00,-2.39,3.23 
1747830532.61,0,-9.96,-698.81,1.22,3.45,0.63,-9.96,-698.81,0.00,-2.41,3.26 
1747830532.71,0,-10.17,-698.49,0.57,1.78,1.08,-10.17,-698.49,0.00,-2.38,3.25 
1747830532.81,0,-10.46,-698.11,0.62,2.06,0.58,-10.46,-698.11,0.00,-2.42,3.29 
1747830532.91,0,-10.78,-697.77,0.73,2.24,0.73,-10.78,-697.77,0.00,-2.48,3.30 
1747830533.11,0,-11.29,-697.10,0.80,2.50,0.66,-11.29,-697.10,0.00,-2.49,3.31 
1747830533.21,0,-11.57,-696.72,0.93,2.70,0.80,-11.57,-696.72,0.00,-2.51,3.34 
1747830533.31,0,-11.86,-696.32,1.06,2.97,0.82,-11.86,-696.32,0.00,-2.55,3.39 
1747830533.41,0,-12.14,-695.94,1.56,3.81,0.75,-12.14,-695.94,0.00,-2.56,3.42 
1747830533.51,0,-12.42,-695.56,0.94,3.62,0.69,-12.42,-695.56,0.00,-2.58,3.45 
1747830533.61,0,-12.70,-695.22,1.55,3.37,0.71,-12.70,-695.22,0.00,-2.60,3.45 
1747830533.71,0,-12.96,-694.87,1.48,3.35,0.65,-12.96,-694.87,0.00,-2.59,3.46 
1747830533.81,0,-13.25,-694.51,1.23,3.74,0.64,-13.25,-694.51,0.00,-2.62,3.47 
1747830533.91,0,-13.50,-694.15,1.51,3.22,0.68,-13.50,-694.15,0.00,-2.61,3.47 
1747830534.21,0,-14.32,-693.05,1.60,3.89,0.80,-14.32,-693.05,0.00,-2.64,3.51 
1747830534.31,0,-14.64,-692.68,1.84,3.63,0.60,-14.64,-692.68,0.00,-2.68,3.53 
1747830534.51,0,-15.23,-691.90,1.62,4.01,0.81,-15.23,-691.90,0.00,-2.71,3.58 
1747830534.61,0,-15.53,-691.53,1.75,3.64,0.73,-15.53,-691.53,0.00,-2.73,3.59 
1747830534.71,0,-15.83,-691.12,1.61,3.62,0.78,-15.83,-691.12,0.00,-2.75,3.62 
1747830534.81,0,-16.13,-690.75,1.77,3.56,0.68,-16.13,-690.75,0.00,-2.77,3.63 
1747830534.91,0,-16.47,-690.35,1.51,4.05,0.63,-16.47,-690.35,0.00,-2.82,3.65 
1747830535.01,0,-16.77,-689.98,1.10,3.29,0.61,-16.77,-689.98,0.00,-2.83,3.66 
1747830535.21,0,-17.33,-689.21,1.72,3.55,0.73,-17.33,-689.21,0.00,-2.82,3.69 
1747830535.31,0,-17.63,-688.80,1.35,3.66,0.69,-17.63,-688.80,0.00,-2.84,3.71 
1747830535.51,0,-18.23,-688.03,1.47,3.65,0.74,-18.23,-688.03,0.00,-2.86,3.73 
1747830535.61,0,-18.54,-687.64,1.73,3.58,0.46,-18.54,-687.64,0.00,-2.88,3.75 
1747830535.71,0,-18.88,-687.21,1.74,4.18,0.53,-18.88,-687.21,0.00,-2.91,3.79 
1747830535.81,0,-19.15,-686.78,1.51,3.74,0.58,-19.15,-686.78,0.00,-2.90,3.82 
1747830535.91,0,-19.47,-686.37,1.73,3.72,0.57,-19.47,-686.37,0.00,-2.92,3.84 
1747830536.01,0,-19.77,-685.95,1.13,3.79,0.80,-19.77,-685.95,0.00,-2.93,3.87 
1747830536.21,0,-20.33,-685.22,1.34,2.93,0.90,-20.33,-685.22,0.00,-2.91,3.84 
1747830536.31,0,-20.67,-684.80,1.59,3.99,0.78,-20.67,-684.80,0.00,-2.94,3.86 
1747830536.41,0,-21.06,-684.47,2.06,4.01,0.83,-21.06,-684.47,0.00,-3.01,3.82 
1747830536.51,0,-21.36,-684.01,1.55,3.91,0.66,-21.36,-684.01,0.00,-3.01,3.88 
1747830536.71,0,-22.01,-683.20,1.34,4.01,0.79,-22.01,-683.20,0.00,-3.04,3.90 
1747830536.91,0,-22.78,-682.50,1.79,4.03,0.89,-22.78,-682.50,0.00,-3.15,3.85 
1747830537.01,0,-23.19,-682.05,1.61,4.46,0.79,-23.19,-682.05,0.00,-3.22,3.90 
1747830537.21,0,-23.89,-681.19,0.95,4.26,0.70,-23.89,-681.19,0.00,-3.26,3.95 
1747830537.31,0,-24.26,-680.78,1.53,3.71,0.73,-24.26,-680.78,0.00,-3.30,3.96 
1747830537.41,0,-24.66,-680.37,1.79,3.86,0.80,-24.66,-680.37,0.00,-3.34,3.97 
1747830537.51,0,-25.00,-679.99,3.56,3.36,1.53,-25.00,-679.99,0.00,-3.35,3.96 
1747830537.71,0,-24.54,-680.44,3.66,3.87,0.90,-24.54,-680.44,0.00,-2.56,3.09 
1747830537.81,0,-25.05,-679.88,1.32,6.66,0.73,-25.05,-679.88,0.00,-2.73,3.27 
1747830537.91,0,-25.55,-679.30,1.37,6.77,0.74,-25.55,-679.30,0.00,-2.89,3.44 
1747830538.01,0,-25.89,-678.85,1.22,2.88,0.68,-25.89,-678.85,0.00,-2.93,3.52 
1747830538.21,0,-26.65,-677.93,1.32,3.38,0.75,-26.65,-677.93,0.00,-3.05,3.67 
1747830538.31,0,-27.11,-677.39,1.54,5.61,0.75,-27.11,-677.39,0.00,-3.16,3.79 
1747830538.41,0,-27.56,-676.88,1.51,5.31,0.72,-27.56,-676.88,0.00,-3.25,3.89 
1747830538.61,0,-28.31,-675.97,1.11,4.99,0.82,-28.31,-675.97,0.00,-3.33,3.98 
1747830538.71,0,-28.64,-675.50,1.45,3.07,0.52,-28.64,-675.50,0.00,-3.32,4.03 
1747830538.91,0,-29.37,-674.54,1.19,4.72,0.62,-29.37,-674.54,0.00,-3.37,4.14 
1747830539.01,0,-29.75,-674.03,1.11,4.47,0.63,-29.75,-674.03,0.00,-3.40,4.21 
1747830539.11,0,-30.12,-673.61,0.92,2.68,0.94,-30.12,-673.61,0.00,-3.42,4.20 
1747830539.51,0,-31.44,-671.89,1.17,3.29,0.68,-31.44,-671.89,0.00,-3.39,4.23 
1747830539.71,0,-32.11,-671.03,1.13,3.22,0.69,-32.11,-671.03,0.00,-3.39,4.24 
1747830539.91,0,-32.81,-670.17,1.68,3.62,0.65,-32.81,-670.17,0.00,-3.40,4.25 
1747830540.01,0,-33.14,-669.77,1.05,3.40,0.70,-33.14,-669.77,0.00,-3.40,4.23 
1747830540.11,0,-33.50,-669.36,1.81,3.38,0.75,-33.50,-669.36,0.00,-3.41,4.22 
1747830540.21,0,-33.85,-668.97,1.42,3.64,0.68,-33.85,-668.97,0.00,-3.41,4.20 
1747830540.31,0,-34.12,-668.59,1.65,3.83,0.81,-34.12,-668.59,0.00,-3.36,4.17 
1747830540.41,0,-34.41,-668.19,1.09,3.81,0.64,-34.41,-668.19,0.00,-3.33,4.16 
1747830540.51,0,-34.73,-667.82,1.21,3.86,0.81,-34.73,-667.82,0.00,-3.32,4.12 
1747830540.81,0,-35.65,-666.66,1.16,3.93,0.83,-35.65,-666.66,0.00,-3.27,4.06 
1747830540.91,0,-35.89,-666.28,1.30,3.76,0.61,-35.89,-666.28,0.00,-3.20,4.04 
1747830541.01,0,-36.15,-665.93,1.71,3.95,0.58,-36.15,-665.93,0.00,-3.16,4.00 
1747830541.31,0,-37.03,-664.76,1.57,3.79,0.74,-37.03,-664.76,0.00,-3.11,3.99 
1747830541.41,0,-37.25,-664.40,1.46,4.00,0.52,-37.25,-664.40,0.00,-3.05,3.96 
1747830541.51,0,-37.51,-664.08,1.30,4.24,0.73,-37.51,-664.08,0.00,-3.01,3.90 
1747830541.61,0,-37.78,-663.75,1.38,3.80,0.71,-37.78,-663.75,0.00,-2.99,3.86 
1747830541.81,0,-38.31,-663.01,1.54,3.91,0.68,-38.31,-663.01,0.00,-2.95,3.84 
1747830542.11,0,-39.18,-661.90,1.35,3.72,0.65,-39.18,-661.90,0.00,-2.94,3.81 
1747830542.31,0,-39.75,-661.23,1.74,3.89,0.79,-39.75,-661.23,0.00,-2.92,3.74 
1747830542.51,0,-40.30,-660.54,1.37,3.72,0.68,-40.30,-660.54,0.00,-2.90,3.70 
1747830542.61,0,-40.54,-660.20,1.18,3.81,0.72,-40.54,-660.20,0.00,-2.86,3.68 
1747830542.81,0,-41.07,-659.48,1.68,3.71,0.85,-41.07,-659.48,0.00,-2.83,3.67 
1747830542.91,0,-41.35,-659.12,1.62,3.52,0.63,-41.35,-659.12,0.00,-2.83,3.66 
1747830543.01,0,-41.61,-658.81,1.56,3.56,0.54,-41.61,-658.81,0.00,-2.81,3.63 
1747830543.11,0,-41.90,-658.45,1.10,3.39,0.75,-41.90,-658.45,0.00,-2.82,3.63 
1747830543.61,0,-41.84,-658.74,1.16,3.51,0.94,-41.84,-658.74,0.00,-1.91,2.32 
1747830543.71,0,-42.40,-657.96,1.19,4.35,0.66,-42.40,-657.96,0.00,-2.16,2.68 
1747830544.01,0,-43.23,-656.82,1.26,3.55,0.76,-43.23,-656.82,0.00,-2.28,2.92 
1747830544.11,0,-43.76,-656.13,1.41,4.00,0.87,-43.76,-656.13,0.00,-2.51,3.21 
1747830544.21,0,-44.22,-655.59,1.45,5.62,0.70,-44.22,-655.59,0.00,-2.66,3.38 
1747830544.31,0,-44.67,-655.07,1.98,5.37,0.55,-44.67,-655.07,0.00,-2.80,3.51 
1747830544.41,0,-45.07,-654.59,1.36,4.88,0.72,-45.07,-654.59,0.00,-2.89,3.62 
1747830544.51,0,-45.43,-654.11,1.80,4.68,0.85,-45.43,-654.11,0.00,-2.95,3.71 
1747830544.61,0,-45.77,-653.70,3.16,3.46,1.47,-45.77,-653.70,0.00,-2.99,3.74 
1747830544.71,0,-46.13,-653.25,1.19,4.26,0.76,-46.13,-653.25,0.00,-3.03,3.80 
1747830544.81,0,-46.47,-652.84,1.46,3.99,0.69,-46.47,-652.84,0.00,-3.06,3.82 
1747830545.31,0,-47.86,-651.07,0.83,2.83,0.81,-47.86,-651.07,0.00,-2.97,3.73 
1747830545.41,0,-48.20,-650.70,0.96,2.99,0.79,-48.20,-650.70,0.00,-3.00,3.73 
1747830545.51,0,-48.52,-650.32,1.65,3.40,0.56,-48.52,-650.32,0.00,-3.01,3.73 
1747830545.61,0,-48.80,-649.94,1.17,3.39,0.69,-48.80,-649.94,0.00,-3.00,3.74 
1747830545.71,0,-49.11,-649.60,1.61,3.78,0.74,-49.11,-649.60,0.00,-3.00,3.71 
1747830545.81,0,-49.40,-649.24,1.57,3.33,0.89,-49.40,-649.24,0.00,-3.00,3.71 
1747830545.91,0,-49.74,-648.87,1.39,3.58,0.85,-49.74,-648.87,0.00,-3.03,3.70 
1747830546.41,0,-51.23,-647.08,1.41,3.89,0.64,-51.23,-647.08,0.00,-3.01,3.66 
1747830546.51,0,-51.47,-646.76,1.53,4.06,0.80,-51.47,-646.76,0.00,-2.97,3.63 
1747830546.61,0,-51.75,-646.42,1.30,3.75,0.72,-51.75,-646.42,0.00,-2.96,3.61 
1747830546.71,0,-52.01,-646.09,1.58,3.97,0.88,-52.01,-646.09,0.00,-2.93,3.59 
1747830546.81,0,-52.32,-645.74,1.55,3.59,0.59,-52.32,-645.74,0.00,-2.94,3.58 
1747830546.91,0,-52.49,-645.49,0.96,3.15,0.78,-52.49,-645.49,0.00,-2.84,3.50 
1747830547.11,0,-53.08,-644.76,0.87,3.74,0.77,-53.08,-644.76,0.00,-2.86,3.52 
1747830547.21,0,-53.40,-644.39,1.52,3.75,0.64,-53.40,-644.39,0.00,-2.89,3.54 
1747830547.31,0,-53.69,-644.02,1.70,3.53,0.90,-53.69,-644.02,0.00,-2.89,3.55 
1747830547.41,0,-53.99,-643.62,1.11,3.85,0.68,-53.99,-643.62,0.00,-2.90,3.58 
1747830547.51,0,-54.30,-643.27,1.58,3.56,0.61,-54.30,-643.27,0.00,-2.91,3.58 
1747830547.61,0,-54.58,-642.93,1.41,3.71,0.66,-54.58,-642.93,0.00,-2.90,3.56 
1747830547.91,0,-55.47,-641.85,1.26,3.64,0.74,-55.47,-641.85,0.00,-2.92,3.57 
1747830548.01,0,-55.63,-641.60,1.05,3.21,0.74,-55.63,-641.60,0.00,-2.82,3.50 
1747830548.11,0,-55.96,-641.20,1.28,4.16,0.74,-55.96,-641.20,0.00,-2.86,3.53 
1747830548.41,0,-56.86,-640.08,1.38,4.21,0.64,-56.86,-640.08,0.00,-2.89,3.57 
1747830548.61,0,-57.46,-639.33,1.47,3.80,0.56,-57.46,-639.33,0.00,-2.91,3.60 
1747830548.71,0,-57.65,-639.02,1.15,2.63,0.71,-57.65,-639.02,0.00,-2.83,3.56 
1747830548.81,0,-57.97,-638.59,1.24,4.09,0.76,-57.97,-638.59,0.00,-2.86,3.61 
1747830548.91,0,-58.19,-638.25,1.15,2.42,0.77,-58.19,-638.25,0.00,-2.81,3.60 
1747830549.11,0,-58.69,-637.57,1.06,2.42,0.75,-58.69,-637.57,0.00,-2.76,3.57 
1747830549.21,0,-59.04,-637.09,1.09,2.94,0.71,-59.04,-637.09,0.00,-2.82,3.66 
1747830549.51,0,-59.99,-635.86,1.20,3.32,0.56,-59.99,-635.86,0.00,-2.89,3.75 
1747830549.71,0,-60.66,-634.92,1.16,4.88,0.60,-60.66,-634.92,0.00,-2.95,3.89 
1747830549.81,0,-61.03,-634.41,1.76,4.51,0.79,-61.03,-634.41,0.00,-3.01,3.97 
1747830549.91,0,-61.40,-633.93,1.58,4.51,0.53,-61.40,-633.93,0.00,-3.06,4.03 
1747830550.11,0,-62.12,-633.01,1.32,4.79,0.68,-62.12,-633.01,0.00,-3.13,4.11 
1747830550.21,0,-62.47,-632.51,1.10,4.27,0.76,-62.47,-632.51,0.00,-3.16,4.17 
1747830550.31,0,-62.81,-632.03,1.16,4.09,0.65,-62.81,-632.03,0.00,-3.18,4.22 
1747830550.41,0,-63.19,-631.57,1.27,4.09,0.87,-63.19,-631.57,0.00,-3.22,4.25 
1747830550.61,0,-63.89,-630.65,1.53,4.30,0.57,-63.89,-630.65,0.00,-3.26,4.30 
1747830550.71,0,-64.26,-630.18,1.38,4.08,0.71,-64.26,-630.18,0.00,-3.29,4.33 
1747830550.81,0,-64.52,-629.78,1.20,2.53,0.67,-64.52,-629.78,0.00,-3.25,4.30 
1747830551.11,0,-65.56,-628.38,1.29,2.94,0.61,-65.56,-628.38,0.00,-3.29,4.37 
1747830551.31,0,-66.30,-627.38,1.12,4.66,0.69,-66.30,-627.38,0.00,-3.35,4.46 
1747830551.31,1,-133.49,-583.90,1.28,0.36,0.81,-133.49,-583.90,0.00,0.29,0.14 
1747830551.51,0,-67.09,-626.35,1.61,4.94,0.59,-67.09,-626.35,0.00,-3.43,4.56 
1747830551.51,1,-133.38,-583.72,1.39,0.40,0.89,-133.38,-583.72,0.00,0.33,0.25 
1747830551.71,0,-67.88,-625.36,1.58,4.36,0.65,-67.88,-625.36,0.00,-3.50,4.61 
1747830551.71,1,-133.41,-583.79,1.68,0.19,0.83,-133.41,-583.79,0.00,0.26,0.17 
1747830551.81,0,-68.20,-624.93,0.95,2.17,0.68,-68.20,-624.93,0.00,-3.48,4.59 
1747830551.91,0,-68.55,-624.47,1.00,1.90,0.62,-68.55,-624.47,0.00,-3.49,4.59 
1747830552.01,0,-69.02,-623.92,1.09,2.23,0.68,-69.02,-623.92,0.00,-3.57,4.66 
1747830552.11,0,-69.51,-623.36,1.11,2.77,0.86,-69.51,-623.36,0.00,-3.67,4.73 
1747830552.11,1,-133.95,-584.34,1.94,0.68,1.05,-133.95,-584.34,0.00,-0.15,-0.23 
1747830552.21,0,-69.84,-622.90,1.04,2.15,0.82,-69.84,-622.90,0.00,-3.64,4.72 
1747830552.21,1,-133.98,-584.40,1.03,0.26,0.95,-133.98,-584.40,0.00,-0.17,-0.25 
1747830552.51,0,-71.04,-621.36,1.02,2.78,0.82,-71.04,-621.36,0.00,-3.71,4.80 
1747830552.61,0,-71.49,-620.79,0.98,4.42,0.79,-71.49,-620.79,0.00,-3.76,4.87 
1747830552.81,0,-72.33,-619.76,1.33,4.23,0.77,-72.33,-619.76,0.00,-3.83,4.90 
1747830552.91,0,-72.77,-619.24,1.24,3.97,0.85,-72.77,-619.24,0.00,-3.87,4.92 
1747830553.21,0,-74.02,-617.70,1.60,4.29,0.64,-74.02,-617.70,0.00,-3.93,4.97 
1747830553.31,0,-74.50,-617.15,1.66,4.31,0.63,-74.50,-617.15,0.00,-3.99,5.01 
1747830553.41,0,-74.95,-616.63,1.49,3.87,0.75,-74.95,-616.63,0.00,-4.03,5.02 
1747830553.51,0,-75.37,-616.12,1.54,3.81,0.63,-75.37,-616.12,0.00,-4.05,5.03 
1747830553.71,0,-76.20,-615.12,1.47,3.30,0.64,-76.20,-615.12,0.00,-4.05,5.02 
1747830554.11,0,-77.89,-613.06,1.52,3.95,0.64,-77.89,-613.06,0.00,-4.10,5.05 
1747830554.31,0,-78.69,-612.11,1.37,3.61,0.71,-78.69,-612.11,0.00,-4.09,5.02 
1747830554.51,0,-79.55,-611.09,1.44,3.43,0.71,-79.55,-611.09,0.00,-4.12,5.02 
1747830554.61,0,-79.97,-610.59,1.42,3.68,0.66,-79.97,-610.59,0.00,-4.13,5.03 
1747830554.71,0,-80.24,-610.23,1.24,3.17,0.62,-80.24,-610.23,0.00,-4.02,4.92 
1747830554.81,0,-80.66,-609.74,1.48,3.41,0.74,-80.66,-609.74,0.00,-4.04,4.92 
1747830554.91,0,-81.08,-609.25,1.44,3.37,0.65,-81.08,-609.25,0.00,-4.04,4.92 
1747830555.01,0,-81.50,-608.75,1.46,3.59,0.68,-81.50,-608.75,0.00,-4.06,4.93 
1747830555.21,0,-82.33,-607.75,1.07,3.59,0.84,-82.33,-607.75,0.00,-4.07,4.94 
1747830555.41,0,-83.11,-606.74,1.25,3.26,0.75,-83.11,-606.74,0.00,-4.05,4.95 
1747830556.11,0,-85.85,-603.29,1.11,3.27,0.66,-85.85,-603.29,0.00,-4.00,4.94 
1747830556.41,0,-86.75,-602.07,1.31,3.01,0.62,-86.75,-602.07,0.00,-3.80,4.77 
1747830556.51,0,-86.96,-601.76,1.03,2.67,0.65,-86.96,-601.76,0.00,-3.68,4.65 
1747830556.61,0,-87.43,-601.24,1.13,2.98,0.80,-87.43,-601.24,0.00,-3.75,4.69 
1747830556.61,1,-133.24,-583.72,1.28,0.42,0.97,-133.24,-583.72,0.00,0.17,0.15 
1747830556.71,0,-87.80,-600.72,1.26,3.46,0.68,-87.80,-600.72,0.00,-3.75,4.73 
1747830556.71,1,-133.23,-583.74,1.11,0.65,0.66,-133.23,-583.74,0.00,0.16,0.13 
1747830557.01,0,-88.99,-599.24,0.80,3.82,0.82,-88.99,-599.24,0.00,-3.80,4.78 
1747830557.11,0,-89.41,-598.75,1.51,3.40,0.67,-89.41,-598.75,0.00,-3.84,4.79 
1747830557.21,0,-89.82,-598.22,1.13,3.54,0.76,-89.82,-598.22,0.00,-3.86,4.83 
1747830557.41,0,-90.57,-597.29,1.37,3.41,0.66,-90.57,-597.29,0.00,-3.84,4.81 
1747830557.51,0,-90.94,-597.01,2.01,3.33,1.51,-90.94,-597.01,0.00,-3.83,4.64 
1747830557.61,0,-91.35,-596.47,1.47,4.04,0.71,-91.35,-596.47,0.00,-3.85,4.70 
1747830557.91,0,-92.42,-595.07,1.12,3.58,0.73,-92.42,-595.07,0.00,-3.79,4.69 
1747830558.01,0,-92.79,-594.61,0.98,3.52,0.80,-92.79,-594.61,0.00,-3.78,4.69 
1747830558.11,0,-93.16,-594.12,1.37,3.49,0.63,-93.16,-594.12,0.00,-3.77,4.70 
1747830558.51,0,-94.42,-592.42,1.35,3.09,0.62,-94.42,-592.42,0.00,-3.61,4.58 
1747830558.61,0,-94.59,-592.06,1.18,3.02,0.78,-94.59,-592.06,0.00,-3.48,4.51 
1747830558.71,0,-94.82,-591.71,1.04,2.65,0.65,-94.82,-591.71,0.00,-3.39,4.44 
1747830558.91,0,-95.38,-590.89,1.44,2.37,0.61,-95.38,-590.89,0.00,-3.30,4.39 
1747830559.01,0,-95.62,-590.52,1.02,2.35,0.61,-95.62,-590.52,0.00,-3.24,4.34 
1747830559.11,0,-95.93,-590.16,1.47,2.12,1.05,-95.93,-590.16,0.00,-3.23,4.29 
1747830559.31,0,-96.67,-589.20,0.98,4.47,0.79,-96.67,-589.20,0.00,-3.30,4.36 
1747830559.41,0,-97.03,-588.73,1.46,3.62,0.67,-97.03,-588.73,0.00,-3.32,4.39 
1747830559.81,0,-98.31,-586.91,1.52,3.16,0.70,-98.31,-586.91,0.00,-3.29,4.43 
1747830560.01,0,-98.92,-586.00,1.36,3.20,0.63,-98.92,-586.00,0.00,-3.26,4.44 
1747830560.11,0,-99.20,-585.49,1.76,3.50,0.66,-99.20,-585.49,0.00,-3.22,4.49 
1747830560.21,0,-99.51,-585.06,1.33,3.35,0.64,-99.51,-585.06,0.00,-3.22,4.48 
1747830560.31,0,-99.83,-584.58,1.66,3.50,0.74,-99.83,-584.58,0.00,-3.21,4.50 
1747830560.51,0,-100.48,-583.70,1.39,3.46,0.67,-100.48,-583.70,0.00,-3.22,4.49 
1747830560.61,0,-100.77,-583.26,1.11,3.56,0.62,-100.77,-583.26,0.00,-3.20,4.48 
1747830560.81,0,-101.46,-582.44,1.48,3.57,0.31,-101.46,-582.44,0.00,-3.23,4.42 
1747830560.91,0,-101.74,-582.04,1.33,3.89,0.65,-101.74,-582.04,0.00,-3.20,4.40 
1747830561.01,0,-102.01,-581.62,1.33,3.67,0.60,-102.01,-581.62,0.00,-3.16,4.38 
1747830561.21,0,-102.60,-580.79,1.29,3.68,0.61,-102.60,-580.79,0.00,-3.14,4.35 
1747830561.61,0,-103.78,-579.07,1.12,3.85,0.69,-103.78,-579.07,0.00,-3.08,4.33 
1747830561.71,0,-104.03,-578.70,1.27,3.97,0.62,-104.03,-578.70,0.00,-3.05,4.29 
1747830561.81,0,-104.32,-578.29,1.27,3.80,0.58,-104.32,-578.29,0.00,-3.04,4.28 
1747830561.91,0,-103.57,-579.55,1.33,3.94,0.85,-103.57,-579.55,0.00,-2.28,3.06 
1747830562.21,0,-104.38,-578.35,1.33,3.53,0.64,-104.38,-578.35,0.00,-2.36,3.27 
1747830562.51,0,-105.41,-576.85,1.36,6.36,0.60,-105.41,-576.85,0.00,-2.59,3.63 
1747830562.61,0,-105.73,-576.31,1.45,2.68,0.78,-105.73,-576.31,0.00,-2.63,3.76 
1747830563.01,0,-106.93,-574.37,1.55,3.13,0.67,-106.93,-574.37,0.00,-2.73,4.05 
1747830563.11,0,-107.40,-573.71,1.35,5.21,0.59,-107.40,-573.71,0.00,-2.87,4.22 
1747830563.21,0,-107.77,-573.16,1.28,4.31,0.59,-107.77,-573.16,0.00,-2.93,4.31 
1747830563.31,0,-108.11,-572.66,1.44,4.11,0.66,-108.11,-572.66,0.00,-2.96,4.37 
1747830563.41,0,-108.45,-572.15,1.31,4.14,0.61,-108.45,-572.15,0.00,-3.00,4.42 
1747830563.71,0,-109.37,-570.84,1.05,3.12,0.63,-109.37,-570.84,0.00,-3.01,4.41 
1747830563.81,0,-109.70,-570.35,1.30,3.76,0.60,-109.70,-570.35,0.00,-3.03,4.44 
1747830563.91,0,-110.02,-569.89,1.40,3.54,0.64,-110.02,-569.89,0.00,-3.05,4.46 
1747830564.01,0,-110.32,-569.45,1.32,3.41,0.58,-110.32,-569.45,0.00,-3.04,4.45 
1747830564.11,0,-110.63,-568.99,1.36,3.63,0.59,-110.63,-568.99,0.00,-3.05,4.47 
1747830564.41,0,-111.53,-567.68,1.29,3.76,0.59,-111.53,-567.68,0.00,-3.03,4.45 
1747830565.01,0,-113.24,-565.06,1.08,3.73,0.67,-113.24,-565.06,0.00,-2.97,4.42 
1747830565.31,0,-114.04,-563.76,1.23,3.59,0.65,-114.04,-563.76,0.00,-2.91,4.40 
1747830565.41,0,-114.26,-563.38,1.56,3.99,0.67,-114.26,-563.38,0.00,-2.86,4.36 
1747830565.51,0,-114.48,-563.02,1.09,3.87,0.58,-114.48,-563.02,0.00,-2.81,4.30 
1747830565.91,0,-115.66,-561.40,1.77,3.59,0.76,-115.66,-561.40,0.00,-2.85,4.23 
1747830566.11,0,-116.16,-560.63,1.17,3.89,0.67,-116.16,-560.63,0.00,-2.80,4.18 
1747830566.21,0,-116.40,-560.20,1.10,3.47,0.57,-116.40,-560.20,0.00,-2.77,4.18 
1747830566.91,0,-118.32,-557.25,1.46,3.54,0.51,-118.32,-557.25,0.00,-2.76,4.19 
1747830567.21,0,-119.11,-556.01,1.13,3.41,0.69,-119.11,-556.01,0.00,-2.74,4.18 
1747830567.31,0,-119.37,-555.56,1.31,3.36,0.67,-119.37,-555.56,0.00,-2.72,4.21 
1747830567.81,0,-120.65,-553.44,1.58,3.41,0.48,-120.65,-553.44,0.00,-2.67,4.22 
1747830567.91,0,-120.92,-552.96,1.47,3.57,0.54,-120.92,-552.96,0.00,-2.67,4.26 
1747830568.11,0,-121.43,-552.07,1.48,3.50,0.51,-121.43,-552.07,0.00,-2.65,4.29 
1747830568.31,0,-121.89,-551.25,1.52,3.61,0.42,-121.89,-551.25,0.00,-2.60,4.26 
1747830568.51,0,-122.34,-550.39,1.34,3.34,0.65,-122.34,-550.39,0.00,-2.55,4.26 
1747830568.81,0,-123.08,-549.07,1.41,3.66,0.45,-123.08,-549.07,0.00,-2.53,4.30 
1747830569.11,0,-123.58,-547.94,1.57,2.76,0.41,-123.58,-547.94,0.00,-2.35,4.18 
1747830569.21,0,-123.83,-547.42,1.48,3.80,0.46,-123.83,-547.42,0.00,-2.36,4.25 
1747830569.31,0,-124.09,-546.92,1.52,3.65,0.42,-124.09,-546.92,0.00,-2.38,4.31 
1747830569.41,0,-124.33,-546.44,1.65,4.01,0.44,-124.33,-546.44,0.00,-2.38,4.34 
1747830569.51,0,-124.57,-545.96,1.50,3.59,0.35,-124.57,-545.96,0.00,-2.38,4.38 
1747830569.61,0,-124.79,-545.49,1.51,3.27,0.36,-124.79,-545.49,0.00,-2.36,4.40 
1747830569.71,0,-124.99,-545.02,1.73,3.68,0.33,-124.99,-545.02,0.00,-2.34,4.43 
1747830569.91,0,-125.39,-544.12,1.95,3.29,0.38,-125.39,-544.12,0.00,-2.29,4.44 
1747830570.01,0,-125.56,-543.63,1.71,3.41,0.51,-125.56,-543.63,0.00,-2.24,4.47 
1747830570.11,0,-125.72,-543.15,1.77,3.20,0.35,-125.72,-543.15,0.00,-2.20,4.50 
1747830570.11,1,-132.84,-582.33,1.02,1.70,0.15,-132.84,-582.33,0.00,-0.20,0.13 
1747830570.21,0,-125.90,-542.66,1.88,3.58,0.30,-125.90,-542.66,0.00,-2.17,4.52 
1747830570.21,1,-132.95,-582.31,1.72,0.45,0.10,-132.95,-582.31,0.00,-0.27,0.14 
1747830570.31,0,-126.07,-542.18,1.79,3.46,0.32,-126.07,-542.18,0.00,-2.13,4.54 
1747830570.31,1,-133.01,-582.31,0.91,0.40,0.27,-133.01,-582.31,0.00,-0.29,0.13 
1747830570.41,0,-126.25,-541.71,1.66,3.31,0.29,-126.25,-541.71,0.00,-2.11,4.55 
1747830570.41,1,-133.04,-582.30,0.60,0.28,0.67,-133.04,-582.30,0.00,-0.30,0.12 
1747830570.61,0,-126.63,-540.75,1.78,3.57,0.30,-126.63,-540.75,0.00,-2.08,4.59 
1747830570.61,1,-133.07,-582.28,0.86,0.20,0.07,-133.07,-582.28,0.00,-0.27,0.12 
1747830570.71,0,-126.80,-540.28,1.73,3.24,0.29,-126.80,-540.28,0.00,-2.05,4.60 
1747830570.71,1,-133.03,-582.28,0.89,0.25,0.38,-133.03,-582.28,0.00,-0.22,0.11 
1747830570.71,2,-214.55,-484.43,2.30,0.10,0.82,-214.55,-484.43,0.00,0.72,0.69 
1747830571.01,0,-127.31,-538.83,2.06,3.57,0.34,-127.31,-538.83,0.00,-1.98,4.65 
1747830571.01,1,-133.09,-582.25,0.57,0.12,0.38,-133.09,-582.25,0.00,-0.22,0.11 
1747830571.21,0,-127.55,-538.00,1.92,2.67,0.18,-127.55,-538.00,0.00,-1.87,4.58 
1747830571.21,1,-133.14,-582.23,0.57,0.12,0.38,-133.14,-582.23,0.00,-0.22,0.11 
1747830571.21,2,-214.70,-484.52,2.28,0.15,1.01,-214.70,-484.52,0.00,0.36,0.39 
1747830571.61,0,-128.23,-535.99,1.96,4.41,0.21,-128.23,-535.99,0.00,-1.82,4.70 
1747830571.61,1,-133.23,-582.18,0.57,0.12,0.38,-133.23,-582.18,0.00,-0.22,0.11 
1747830571.61,2,-214.80,-484.62,2.24,0.22,0.95,-214.80,-484.62,0.00,0.19,0.22 
1747830571.71,0,-128.29,-535.44,1.70,3.42,0.23,-128.29,-535.44,0.00,-1.75,4.75 
1747830571.71,1,-133.25,-582.17,0.57,0.12,0.38,-133.25,-582.17,0.00,-0.22,0.11 
1747830571.71,2,-214.78,-484.59,0.68,0.38,0.95,-214.78,-484.59,0.00,0.19,0.22 
1747830571.81,0,-128.43,-534.85,1.76,4.26,0.21,-128.43,-534.85,0.00,-1.72,4.83 
1747830571.81,1,-133.27,-582.16,0.57,0.12,0.38,-133.27,-582.16,0.00,-0.22,0.11 
1747830571.91,0,-128.52,-534.31,1.58,3.91,0.15,-128.52,-534.31,0.00,-1.66,4.87 
1747830571.91,1,-133.29,-582.15,0.57,0.12,0.38,-133.29,-582.15,0.00,-0.22,0.11 
1747830572.01,0,-128.60,-533.76,1.87,3.89,0.16,-128.60,-533.76,0.00,-1.60,4.92 
1747830572.01,1,-133.31,-582.14,0.57,0.12,0.38,-133.31,-582.14,0.00,-0.22,0.11 
1747830572.31,0,-128.99,-532.25,1.70,3.45,0.28,-128.99,-532.25,0.00,-1.53,4.94 
1747830572.31,1,-133.38,-582.11,0.57,0.12,0.38,-133.38,-582.11,0.00,-0.22,0.11 
1747830572.41,0,-129.11,-531.71,1.82,3.77,0.14,-129.11,-531.71,0.00,-1.51,4.97 
1747830572.41,1,-133.40,-582.09,0.57,0.12,0.38,-133.40,-582.09,0.00,-0.22,0.11 
1747830572.51,0,-129.24,-531.15,1.78,4.00,0.07,-129.24,-531.15,0.00,-1.49,5.02 
1747830572.51,1,-133.43,-582.08,0.57,0.12,0.38,-133.43,-582.08,0.00,-0.22,0.11 
1747830572.61,0,-129.37,-530.66,1.49,3.36,0.23,-129.37,-530.66,0.00,-1.48,5.02 
1747830572.61,1,-133.45,-582.07,0.57,0.12,0.38,-133.45,-582.07,0.00,-0.22,0.11 
1747830572.71,0,-129.51,-530.15,1.48,3.47,0.23,-129.51,-530.15,0.00,-1.47,5.02 
1747830572.71,1,-133.47,-582.06,0.57,0.12,0.38,-133.47,-582.06,0.00,-0.22,0.11 
1747830572.81,0,-129.62,-529.62,1.30,3.51,0.28,-129.62,-529.62,0.00,-1.45,5.04 
1747830572.81,1,-133.49,-582.05,0.57,0.12,0.38,-133.49,-582.05,0.00,-0.22,0.11 
1747830573.01,0,-129.88,-528.58,1.36,3.57,0.24,-129.88,-528.58,0.00,-1.43,5.06 
1747830573.01,1,-133.54,-582.03,0.57,0.12,0.38,-133.54,-582.03,0.00,-0.22,0.11 
1747830573.41,0,-129.58,-528.45,1.44,3.71,0.18,-129.58,-528.45,0.00,-0.84,3.79 
1747830573.41,1,-133.62,-581.98,0.57,0.12,0.38,-133.62,-581.98,0.00,-0.22,0.11 
1747830573.51,0,-129.88,-527.63,1.57,4.25,0.22,-129.88,-527.63,0.00,-0.99,4.10 
1747830573.51,1,-133.65,-581.97,0.57,0.12,0.38,-133.65,-581.97,0.00,-0.22,0.11 
1747830573.81,0,-130.42,-525.94,2.15,5.97,0.23,-130.42,-525.94,0.00,-1.16,4.42 
1747830573.81,1,-133.71,-581.94,0.57,0.12,0.38,-133.71,-581.94,0.00,-0.22,0.11 
1747830574.11,0,-130.93,-524.21,1.70,5.25,0.23,-130.93,-524.21,0.00,-1.27,4.70 
1747830574.11,1,-133.78,-581.91,0.57,0.12,0.38,-133.78,-581.91,0.00,-0.22,0.11 
1747830574.51,0,-131.60,-521.93,1.43,5.00,0.24,-131.60,-521.93,0.00,-1.38,4.96 
1747830574.51,1,-133.87,-581.86,0.57,0.12,0.38,-133.87,-581.86,0.00,-0.22,0.11 
1747830574.51,2,-215.36,-485.26,1.42,0.63,1.33,-215.36,-485.26,0.00,-0.15,-0.23 
1747830574.61,0,-131.86,-521.22,1.14,4.52,0.48,-131.86,-521.22,0.00,-1.46,5.11 
1747830574.61,1,-133.89,-581.85,0.57,0.12,0.38,-133.89,-581.85,0.00,-0.22,0.11 
1747830574.61,2,-215.35,-485.21,1.47,0.59,0.99,-215.35,-485.21,0.00,-0.13,-0.18 
1747830574.91,0,-132.29,-519.48,1.51,4.26,0.21,-132.29,-519.48,0.00,-1.46,5.25 
1747830574.91,1,-133.96,-581.82,0.57,0.12,0.38,-133.96,-581.82,0.00,-0.22,0.11 
1747830575.01,0,-132.46,-518.87,1.50,3.69,0.15,-132.46,-518.87,0.00,-1.47,5.31 
1747830575.01,1,-133.98,-581.81,0.57,0.12,0.38,-133.98,-581.81,0.00,-0.22,0.11 
1747830575.11,0,-132.60,-518.23,1.47,4.13,0.13,-132.60,-518.23,0.00,-1.46,5.39 
1747830575.11,1,-134.00,-581.80,0.57,0.12,0.38,-134.00,-581.80,0.00,-0.22,0.11 
1747830575.21,0,-132.55,-519.71,1.55,4.29,0.49,-132.55,-519.71,0.00,-1.32,3.90 
1747830575.21,1,-134.02,-581.79,0.57,0.12,0.38,-134.02,-581.79,0.00,-0.22,0.11 
1747830575.71,0,-133.19,-516.88,1.74,4.78,0.23,-133.19,-516.88,0.00,-1.31,4.48 
1747830575.71,1,-134.13,-581.73,0.57,0.12,0.38,-134.13,-581.73,0.00,-0.22,0.11 
1747830575.81,0,-133.29,-515.84,1.96,6.68,0.13,-133.29,-515.84,0.00,-1.29,4.89 
1747830575.81,1,-134.16,-581.72,0.57,0.12,0.38,-134.16,-581.72,0.00,-0.22,0.11 
1747830576.01,0,-133.47,-514.46,2.15,5.18,0.16,-133.47,-514.46,0.00,-1.23,5.18 
1747830576.01,1,-134.20,-581.70,0.57,0.12,0.38,-134.20,-581.70,0.00,-0.22,0.11 
1747830576.01,2,-215.04,-484.35,1.74,0.62,1.17,-215.04,-484.35,0.00,0.14,0.42 
1747830576.21,0,-133.65,-513.15,1.93,4.86,0.16,-133.65,-513.15,0.00,-1.18,5.39 
1747830576.21,1,-134.25,-581.68,0.57,0.12,0.38,-134.25,-581.68,0.00,-0.22,0.11 
1747830576.21,2,-214.95,-484.28,1.42,0.76,0.97,-214.95,-484.28,0.00,0.19,0.41 
1747830576.31,0,-133.72,-512.44,1.76,4.14,0.13,-133.72,-512.44,0.00,-1.14,5.51 
1747830576.31,1,-134.27,-581.66,0.57,0.12,0.38,-134.27,-581.66,0.00,-0.22,0.11 
1747830576.31,2,-214.90,-484.20,1.62,0.60,1.05,-214.90,-484.20,0.00,0.21,0.44 
1747830576.41,0,-133.79,-511.79,1.73,3.98,0.16,-133.79,-511.79,0.00,-1.11,5.59 
1747830576.41,1,-134.29,-581.65,0.57,0.12,0.38,-134.29,-581.65,0.00,-0.22,0.11 
1747830576.41,2,-214.90,-484.21,1.95,0.73,1.15,-214.90,-484.21,0.00,0.19,0.40 
1747830576.61,0,-133.96,-510.60,1.71,3.92,0.16,-133.96,-510.60,0.00,-1.07,5.65 
1747830576.61,1,-134.33,-581.63,0.57,0.12,0.38,-134.33,-581.63,0.00,-0.22,0.11 
1747830576.61,2,-214.94,-484.31,2.75,0.92,0.88,-214.94,-484.31,0.00,0.14,0.26 
1747830576.71,0,-134.00,-509.99,1.81,3.39,0.21,-134.00,-509.99,0.00,-1.02,5.68 
1747830576.71,1,-134.36,-581.62,0.57,0.12,0.38,-134.36,-581.62,0.00,-0.22,0.11 
1747830576.71,2,-214.98,-484.36,1.66,0.91,1.20,-214.98,-484.36,0.00,0.10,0.21 
1747830576.81,0,-134.09,-509.42,1.43,3.41,0.08,-134.09,-509.42,0.00,-1.01,5.68 
1747830576.81,1,-134.38,-581.61,0.57,0.12,0.38,-134.38,-581.61,0.00,-0.22,0.11 
1747830576.91,0,-134.18,-508.81,1.56,3.74,0.15,-134.18,-508.81,0.00,-1.00,5.71 
1747830576.91,1,-134.40,-581.60,0.57,0.12,0.38,-134.40,-581.60,0.00,-0.22,0.11 
1747830577.01,0,-134.21,-508.26,1.54,3.31,0.11,-134.21,-508.26,0.00,-0.95,5.70 
1747830577.01,1,-134.42,-581.59,0.57,0.12,0.38,-134.42,-581.59,0.00,-0.22,0.11 
1747830577.21,0,-134.32,-507.16,1.93,3.56,0.21,-134.32,-507.16,0.00,-0.89,5.67 
1747830577.21,1,-134.47,-581.57,0.57,0.12,0.38,-134.47,-581.57,0.00,-0.22,0.11 
1747830577.31,0,-134.41,-506.60,1.41,3.43,0.08,-134.41,-506.60,0.00,-0.89,5.66 
1747830577.31,1,-134.49,-581.55,0.57,0.12,0.38,-134.49,-581.55,0.00,-0.22,0.11 
1747830577.41,0,-134.47,-506.06,1.44,3.74,0.16,-134.47,-506.06,0.00,-0.87,5.64 
1747830577.41,1,-134.51,-581.54,0.57,0.12,0.38,-134.51,-581.54,0.00,-0.22,0.11 
1747830577.51,0,-134.55,-505.54,1.33,3.94,0.11,-134.55,-505.54,0.00,-0.86,5.61 
1747830577.51,1,-134.53,-581.53,0.57,0.12,0.38,-134.53,-581.53,0.00,-0.22,0.11 
1747830577.81,0,-134.74,-503.91,1.53,3.83,0.19,-134.74,-503.91,0.00,-0.82,5.57 
1747830577.81,1,-134.60,-581.50,0.57,0.12,0.38,-134.60,-581.50,0.00,-0.22,0.11 
1747830577.81,2,-215.04,-484.92,2.39,0.73,1.10,-215.04,-484.92,0.00,0.01,-0.20 
1747830578.31,0,-134.88,-504.60,1.60,4.00,0.42,-134.88,-504.60,0.00,-0.65,3.43 
1747830578.41,0,-134.94,-503.40,1.65,4.89,0.16,-134.94,-503.40,0.00,-0.65,3.99 
1747830579.01,0,-135.36,-499.77,1.85,7.20,0.12,-135.36,-499.77,0.00,-0.66,4.75 
1747830579.21,0,-135.45,-498.12,1.71,5.97,0.12,-135.45,-498.12,0.00,-0.64,5.23 
1747830579.41,0,-135.55,-496.65,1.71,5.09,0.16,-135.55,-496.65,0.00,-0.61,5.54 
1747830579.51,0,-135.60,-495.85,1.40,4.69,0.09,-135.60,-495.85,0.00,-0.61,5.72 
1747830579.61,0,-135.67,-495.16,1.43,4.28,0.09,-135.67,-495.16,0.00,-0.61,5.82 
1747830579.71,0,-135.72,-494.48,1.57,4.17,0.14,-135.72,-494.48,0.00,-0.61,5.89 
1747830579.81,0,-135.77,-493.90,1.74,3.28,0.16,-135.77,-493.90,0.00,-0.60,5.89 
1747830579.91,0,-135.82,-493.34,1.49,3.48,0.12,-135.82,-493.34,0.00,-0.59,5.86 
1747830580.01,0,-135.86,-492.75,1.54,3.34,0.08,-135.86,-492.75,0.00,-0.58,5.86 
1747830580.11,0,-135.89,-492.19,0.93,3.62,0.12,-135.89,-492.19,0.00,-0.56,5.85 
1747830580.21,0,-135.94,-491.62,1.26,3.52,0.02,-135.94,-491.62,0.00,-0.55,5.83 
1747830580.41,0,-136.04,-490.49,1.28,3.53,0.07,-136.04,-490.49,0.00,-0.54,5.81 
1747830580.51,0,-136.06,-489.95,1.15,3.80,0.07,-136.06,-489.95,0.00,-0.51,5.77 
1747830581.21,0,-136.40,-486.09,0.91,4.09,0.19,-136.40,-486.09,0.00,-0.50,5.67 
1747830581.41,0,-136.44,-485.11,1.29,3.89,0.01,-136.44,-485.11,0.00,-0.47,5.57 
1747830581.51,0,-136.42,-484.61,1.77,3.55,0.26,-136.42,-484.61,0.00,-0.42,5.53 
1747830581.61,0,-136.45,-484.15,1.13,3.67,0.10,-136.45,-484.15,0.00,-0.41,5.46 
1747830581.71,0,-136.51,-483.71,1.81,3.89,0.22,-136.51,-483.71,0.00,-0.42,5.38 
1747830581.81,0,-136.53,-483.20,1.73,3.58,0.14,-136.53,-483.20,0.00,-0.40,5.36 
1747830582.21,0,-136.76,-481.10,1.64,3.58,0.24,-136.76,-481.10,0.00,-0.46,5.32 
1747830582.31,0,-136.75,-480.82,0.97,3.04,0.05,-136.75,-480.82,0.00,-0.42,5.12 
1747830582.41,0,-136.98,-480.29,1.30,3.08,0.05,-136.98,-480.29,0.00,-0.57,5.14 
1747830582.71,0,-137.06,-478.93,0.85,2.59,0.40,-137.06,-478.93,0.00,-0.50,5.00 
1747830583.51,0,-137.37,-474.51,0.96,2.89,0.11,-137.37,-474.51,0.00,-0.45,5.22 
1747830583.61,0,-137.32,-473.81,1.08,3.13,0.08,-137.32,-473.81,0.00,-0.39,5.33 
1747830583.71,0,-137.35,-473.18,1.12,3.86,0.18,-137.35,-473.18,0.00,-0.39,5.40 
1747830583.71,2,-214.43,-484.73,0.54,1.47,0.08,-214.43,-484.73,0.00,0.17,-0.10 
1747830583.81,0,-137.36,-472.58,1.15,3.53,0.06,-137.36,-472.58,0.00,-0.36,5.44 
1747830583.81,2,-214.38,-484.61,0.67,2.02,0.27,-214.38,-484.61,0.00,0.20,-0.00 
1747830583.91,0,-137.38,-472.04,1.25,3.18,0.08,-137.38,-472.04,0.00,-0.35,5.44 
1747830583.91,2,-214.32,-484.55,1.22,0.34,1.55,-214.32,-484.55,0.00,0.23,0.04 
1747830584.01,0,-137.41,-471.52,1.23,3.33,0.09,-137.41,-471.52,0.00,-0.34,5.42 
1747830584.01,2,-214.32,-484.54,1.24,0.43,1.41,-214.32,-484.54,0.00,0.22,0.05 
1747830584.11,0,-137.45,-470.97,1.46,3.24,0.10,-137.45,-470.97,0.00,-0.35,5.42 
1747830584.11,2,-214.30,-484.44,1.13,0.75,0.47,-214.30,-484.44,0.00,0.21,0.14 
1747830584.21,0,-137.63,-470.47,1.82,3.36,1.53,-137.63,-470.47,0.00,-0.48,5.39 
1747830584.21,2,-214.29,-484.40,0.29,1.84,0.40,-214.29,-484.40,0.00,0.20,0.16 
1747830584.31,0,-137.66,-469.92,1.55,3.29,0.09,-137.66,-469.92,0.00,-0.46,5.39 
1747830584.31,2,-214.30,-484.38,0.38,1.80,0.17,-214.30,-484.38,0.00,0.17,0.17 
1747830584.41,0,-137.68,-469.32,1.41,3.98,0.17,-137.68,-469.32,0.00,-0.44,5.45 
1747830584.41,2,-214.31,-484.37,0.66,1.60,1.44,-214.31,-484.37,0.00,0.15,0.16 
1747830584.51,0,-137.70,-468.77,1.52,3.16,0.12,-137.70,-468.77,0.00,-0.42,5.46 
1747830584.61,0,-137.72,-468.25,1.58,3.40,0.15,-137.72,-468.25,0.00,-0.40,5.44 
1747830584.81,0,-137.78,-467.17,1.51,3.39,0.13,-137.78,-467.17,0.00,-0.38,5.43 
1747830584.91,0,-137.79,-466.60,1.64,3.73,0.16,-137.79,-466.60,0.00,-0.36,5.45 
1747830585.01,0,-137.75,-466.21,1.76,3.01,0.01,-137.75,-466.21,0.00,-0.30,5.33 
1747830585.21,0,-137.98,-465.31,2.42,3.01,0.76,-137.98,-465.31,0.00,-0.43,5.20 
1747830585.31,0,-137.97,-464.71,1.20,3.99,0.11,-137.97,-464.71,0.00,-0.39,5.25 
1747830585.41,0,-137.93,-464.13,1.71,3.72,0.05,-137.93,-464.13,0.00,-0.33,5.30 
1747830585.61,0,-137.92,-462.97,1.64,4.09,0.08,-137.92,-462.97,0.00,-0.28,5.37 
1747830585.71,0,-137.93,-462.50,0.79,2.28,0.41,-137.93,-462.50,0.00,-0.27,5.32 
1747830585.81,0,-137.92,-462.05,1.14,2.56,0.17,-137.92,-462.05,0.00,-0.23,5.26 
1747830586.21,0,-138.01,-459.82,1.23,2.93,0.16,-138.01,-459.82,0.00,-0.24,5.34 
1747830586.31,0,-138.01,-459.19,1.47,4.05,0.15,-138.01,-459.19,0.00,-0.22,5.41 
1747830586.41,0,-138.04,-458.60,1.45,3.48,0.14,-138.04,-458.60,0.00,-0.22,5.44 
1747830587.01,0,-138.15,-455.30,1.25,3.31,0.11,-138.15,-455.30,0.00,-0.21,5.47 
1747830587.11,0,-138.07,-454.74,1.44,3.32,0.08,-138.07,-454.74,0.00,-0.14,5.47 
1747830587.21,0,-138.09,-454.18,1.21,3.20,0.07,-138.09,-454.18,0.00,-0.15,5.48 
1747830587.51,0,-138.11,-452.48,1.26,3.64,0.10,-138.11,-452.48,0.00,-0.13,5.52 
1747830587.91,0,-138.14,-450.27,3.19,1.56,1.51,-138.14,-450.27,0.00,-0.11,5.53 
1747830587.91,2,-213.84,-485.14,0.66,3.24,0.63,-213.84,-485.14,0.00,0.21,-0.40 
1747830588.21,0,-138.05,-448.70,2.17,3.55,0.01,-138.05,-448.70,0.00,-0.02,5.46 
1747830588.21,2,-213.78,-485.30,0.56,2.03,0.35,-213.78,-485.30,0.00,0.21,-0.43 
1747830588.31,0,-137.94,-448.23,1.45,3.43,0.05,-137.94,-448.23,0.00,0.06,5.41 
1747830588.31,2,-213.79,-485.19,0.50,2.14,0.50,-213.79,-485.19,0.00,0.19,-0.32 
1747830588.41,0,-137.91,-447.70,1.38,3.63,0.14,-137.91,-447.70,0.00,0.07,5.40 
1747830588.81,0,-137.83,-445.60,1.84,3.42,0.02,-137.83,-445.60,0.00,0.11,5.36 
1747830588.81,2,-213.81,-485.14,0.70,1.96,0.27,-213.81,-485.14,0.00,0.12,-0.21 
1747830588.91,0,-137.80,-445.11,1.22,3.42,0.06,-137.80,-445.11,0.00,0.12,5.33 
1747830588.91,2,-213.70,-485.31,0.27,2.59,0.52,-213.70,-485.31,0.00,0.19,-0.31 
1747830589.01,0,-137.79,-444.60,1.69,3.47,0.05,-137.79,-444.60,0.00,0.12,5.31 
1747830589.31,0,-137.71,-443.03,3.24,1.73,1.45,-137.71,-443.03,0.00,0.15,5.30 
1747830589.31,2,-213.49,-485.55,0.46,2.77,0.44,-213.49,-485.55,0.00,0.27,-0.35 
1747830589.71,0,-137.55,-440.89,1.03,3.33,0.09,-137.55,-440.89,0.00,0.22,5.30 
1747830590.01,0,-137.70,-439.41,1.35,3.40,1.47,-137.70,-439.41,0.00,0.07,5.23 
1747830590.41,0,-137.49,-437.42,1.42,3.68,0.12,-137.49,-437.42,0.00,0.19,5.17 
1747830590.61,0,-137.35,-436.50,3.67,1.61,1.56,-137.35,-436.50,0.00,0.26,5.09 
1747830590.61,2,-213.61,-484.81,0.19,1.45,0.47,-213.61,-484.81,0.00,0.06,0.20 
1747830590.81,0,-137.20,-435.51,3.45,1.32,1.52,-137.20,-435.51,0.00,0.33,5.07 
1747830590.81,2,-213.63,-484.70,0.21,1.32,0.71,-213.63,-484.70,0.00,0.04,0.24 
1747830591.11,0,-136.98,-434.11,2.01,3.85,0.15,-136.98,-434.11,0.00,0.41,4.99 
1747830591.11,2,-213.61,-484.63,0.12,1.01,0.71,-213.61,-484.63,0.00,0.04,0.24 
1747830591.41,0,-136.83,-432.64,3.53,1.34,1.54,-136.83,-432.64,0.00,0.43,4.97 
1747830591.41,2,-213.60,-484.56,0.12,1.01,0.71,-213.60,-484.56,0.00,0.04,0.24 
1747830591.51,0,-136.73,-432.18,3.29,1.24,1.56,-136.73,-432.18,0.00,0.47,4.94 
1747830591.51,2,-213.60,-484.53,0.12,1.01,0.71,-213.60,-484.53,0.00,0.04,0.24 
1747830591.71,0,-136.64,-431.22,3.40,1.57,1.36,-136.64,-431.22,0.00,0.47,4.93 
1747830591.71,2,-213.59,-484.48,0.12,1.01,0.71,-213.59,-484.48,0.00,0.04,0.24 
1747830591.81,0,-136.55,-430.78,3.44,1.18,1.53,-136.55,-430.78,0.00,0.49,4.89 
1747830591.81,2,-213.59,-484.46,0.12,1.01,0.71,-213.59,-484.46,0.00,0.04,0.24 
1747830591.91,0,-136.50,-430.33,3.84,1.74,1.54,-136.50,-430.33,0.00,0.50,4.86 
1747830591.91,2,-213.59,-484.43,0.12,1.01,0.71,-213.59,-484.43,0.00,0.04,0.24 
1747830592.01,0,-136.48,-429.86,1.57,3.67,0.02,-136.48,-429.86,0.00,0.48,4.85 
1747830592.01,2,-213.58,-484.41,0.12,1.01,0.71,-213.58,-484.41,0.00,0.04,0.24 
1747830592.11,0,-136.44,-429.39,3.38,1.36,1.55,-136.44,-429.39,0.00,0.47,4.84 
1747830592.11,2,-213.58,-484.39,0.12,1.01,0.71,-213.58,-484.39,0.00,0.04,0.24 
1747830592.21,0,-136.39,-428.92,3.70,1.69,1.46,-136.39,-428.92,0.00,0.47,4.83 
1747830592.21,2,-213.57,-484.36,0.12,1.01,0.71,-213.57,-484.36,0.00,0.04,0.24 
1747830592.41,0,-136.31,-428.00,3.69,1.69,1.42,-136.31,-428.00,0.00,0.46,4.80 
1747830593.11,0,-135.99,-424.81,3.86,0.98,1.54,-135.99,-424.81,0.00,0.46,4.70 
1747830593.41,0,-135.94,-423.47,3.78,1.77,1.44,-135.94,-423.47,0.00,0.40,4.66 
1747830593.51,0,-135.93,-423.01,3.63,1.71,1.49,-135.93,-423.01,0.00,0.38,4.65 
1747830593.61,0,-135.92,-422.57,3.64,1.45,1.54,-135.92,-422.57,0.00,0.36,4.63 
1747830593.71,0,-135.88,-422.16,1.32,3.88,0.11,-135.88,-422.16,0.00,0.37,4.59 
1747830593.81,0,-135.88,-421.71,3.63,1.62,1.55,-135.88,-421.71,0.00,0.34,4.58 
1747830594.01,0,-135.85,-420.82,3.69,1.60,1.51,-135.85,-420.82,0.00,0.30,4.56 
1747830594.11,0,-135.85,-420.40,3.60,1.75,1.40,-135.85,-420.40,0.00,0.28,4.53 
1747830594.21,0,-135.82,-419.97,0.88,3.64,0.16,-135.82,-419.97,0.00,0.28,4.51 
1747830594.41,0,-135.74,-419.28,0.89,3.30,0.15,-135.74,-419.28,0.00,0.29,4.34 
1747830594.81,0,-135.63,-417.76,1.01,2.88,0.16,-135.63,-417.76,0.00,0.29,4.19 
1747830594.91,0,-135.61,-417.46,1.09,2.39,0.17,-135.61,-417.46,0.00,0.28,4.11 
1747830595.11,0,-135.63,-416.55,1.19,2.72,0.08,-135.63,-416.55,0.00,0.23,4.17 
1747830595.31,0,-135.66,-415.57,1.15,4.37,0.24,-135.66,-415.57,0.00,0.17,4.28 
1747830595.31,2,-213.13,-484.66,0.13,1.67,0.97,-213.13,-484.66,0.00,0.20,-0.05 
1747830595.61,0,-135.66,-414.47,2.02,1.95,0.81,-135.66,-414.47,0.00,0.14,4.15 
1747830595.81,0,-135.65,-413.50,4.31,1.66,1.41,-135.65,-413.50,0.00,0.13,4.25 
1747830596.11,0,-135.56,-412.41,0.90,2.73,0.13,-135.56,-412.41,0.00,0.16,4.12 
1747830596.41,0,-135.52,-411.23,0.32,1.79,0.43,-135.52,-411.23,0.00,0.16,4.09 
1747830596.51,0,-135.66,-412.25,0.33,1.82,0.21,-135.66,-412.25,0.00,0.05,3.11 
1747830596.61,0,-135.72,-412.80,0.35,1.85,0.22,-135.72,-412.80,0.00,0.00,2.52 
1747830596.91,0,-135.65,-411.34,0.39,2.03,0.03,-135.65,-411.34,0.00,0.06,3.00 
1747830597.01,0,-135.60,-411.94,0.40,2.08,0.27,-135.60,-411.94,0.00,0.09,2.37 
1747830597.11,0,-135.53,-412.39,0.42,2.13,0.32,-135.53,-412.39,0.00,0.13,1.88 
1747830597.21,0,-135.58,-412.35,0.45,2.19,0.27,-135.58,-412.35,0.00,0.08,1.77 
1747830597.51,0,-135.68,-411.59,0.48,2.26,0.30,-135.68,-411.59,0.00,-0.01,1.93 
1747830597.61,0,-135.69,-411.03,0.52,2.34,0.03,-135.69,-411.03,0.00,-0.01,2.20 
1747830597.71,0,-135.71,-410.32,0.61,2.37,1.45,-135.71,-410.32,0.00,-0.03,2.55 
1747830597.81,0,-135.64,-409.82,0.66,2.46,0.08,-135.64,-409.82,0.00,0.03,2.74 
1747830598.01,0,-135.61,-408.87,0.71,2.58,0.09,-135.61,-408.87,0.00,0.04,3.03 
1747830598.11,0,-135.60,-408.24,0.77,2.71,0.12,-135.60,-408.24,0.00,0.05,3.28 
1747830598.21,0,-135.56,-407.81,0.83,2.85,0.16,-135.56,-407.81,0.00,0.07,3.35 
1747830598.31,0,-135.53,-407.30,0.91,3.00,0.16,-135.53,-407.30,0.00,0.09,3.48 
1747830598.31,2,-213.42,-483.84,0.10,0.77,1.37,-213.42,-483.84,0.00,-0.12,0.31 
1747830598.41,0,-135.49,-406.80,0.99,3.18,0.15,-135.49,-406.80,0.00,0.11,3.59 
1747830598.41,2,-213.41,-483.78,0.11,0.83,1.18,-213.41,-483.78,0.00,-0.11,0.32 
1747830598.51,0,-135.55,-406.22,1.09,3.40,0.11,-135.55,-406.22,0.00,0.06,3.76 
1747830598.51,2,-213.38,-483.84,0.14,0.87,1.41,-213.38,-483.84,0.00,-0.08,0.28 
1747830598.61,0,-135.54,-405.75,1.21,3.64,0.23,-135.54,-405.75,0.00,0.07,3.82 
1747830598.61,2,-213.35,-483.92,0.16,0.91,1.34,-213.35,-483.92,0.00,-0.06,0.22 
1747830598.71,0,-135.58,-405.17,1.60,3.69,1.56,-135.58,-405.17,0.00,0.03,3.98 
1747830598.71,2,-213.35,-483.90,0.18,1.04,1.34,-213.35,-483.90,0.00,-0.06,0.22 
1747830598.81,0,-135.52,-404.67,1.77,4.02,0.16,-135.52,-404.67,0.00,0.07,4.05 
1747830598.91,0,-135.59,-403.99,2.38,4.08,1.52,-135.59,-403.99,0.00,0.01,4.25 
1747830599.01,0,-135.61,-403.37,2.64,4.61,0.22,-135.61,-403.37,0.00,0.00,4.39 
1747830599.11,0,-135.56,-403.01,2.89,5.30,0.20,-135.56,-403.01,0.00,0.04,4.33 
1747830599.21,0,-135.48,-402.68,3.16,6.12,0.24,-135.48,-402.68,0.00,0.09,4.26 
1747830599.31,0,-135.52,-402.01,3.51,6.95,0.23,-135.52,-402.01,0.00,0.06,4.43 
1747830599.41,0,-135.61,-401.37,3.78,7.92,0.04,-135.61,-401.37,0.00,-0.01,4.57 
1747830599.51,0,-135.65,-400.74,11.19,5.03,1.42,-135.65,-400.74,0.00,-0.04,4.69 
1747830599.81,0,-135.52,-399.39,5.94,11.65,0.21,-135.52,-399.39,0.00,0.05,4.65 
1747830599.91,0,-135.62,-398.74,10.60,4.54,1.37,-135.62,-398.74,0.00,-0.01,4.78 
1747830600.11,0,-135.63,-397.74,10.23,4.43,1.49,-135.63,-397.74,0.00,-0.02,4.81 
1747830600.21,0,-135.61,-397.37,4.34,12.15,0.05,-135.61,-397.37,0.00,-0.01,4.73 
1747830600.31,0,-135.58,-396.96,4.92,11.08,0.03,-135.58,-396.96,0.00,0.02,4.69 
1747830600.41,0,-135.49,-396.43,6.08,9.29,0.19,-135.49,-396.43,0.00,0.08,4.73 
1747830600.81,0,-135.47,-394.49,9.64,4.13,1.47,-135.47,-394.49,0.00,0.07,4.76 
1747830601.11,0,-135.35,-393.24,11.13,5.15,1.55,-135.35,-393.24,0.00,0.14,4.64 
1747830601.51,0,-135.33,-391.05,8.43,4.42,1.22,-135.33,-391.05,0.00,0.11,4.86 
1747830601.61,0,-135.21,-390.86,4.51,11.93,0.10,-135.21,-390.86,0.00,0.19,4.66 
1747830601.71,0,-135.24,-390.22,8.45,4.19,1.26,-135.24,-390.22,0.00,0.16,4.78 
1747830601.81,0,-135.26,-389.59,8.29,3.97,1.25,-135.26,-389.59,0.00,0.13,4.90 
1747830602.01,0,-135.22,-388.44,7.61,3.91,1.14,-135.22,-388.44,0.00,0.14,5.02 
1747830602.31,0,-135.22,-386.82,7.14,4.07,1.20,-135.22,-386.82,0.00,0.11,5.11 
1747830602.51,0,-135.08,-385.76,6.06,4.41,0.94,-135.08,-385.76,0.00,0.19,5.13 
1747830602.61,0,-135.06,-385.20,6.33,3.68,1.20,-135.06,-385.20,0.00,0.19,5.17 
1747830602.71,0,-135.06,-384.66,5.92,3.76,1.19,-135.06,-384.66,0.00,0.18,5.18 
1747830602.81,0,-135.01,-384.10,5.84,3.41,1.15,-135.01,-384.10,0.00,0.20,5.21 
