8,3,-155.840,-276.680,1.940,1.120,0.290,-151.301,-290.416,0.000,1.520,-4.600
8,3,-155.840,-276.680,1.940,1.120,0.290,-146.763,-304.151,0.000,1.520,-4.600
8,3,-155.840,-276.680,1.940,1.120,0.290,-142.224,-317.887,0.000,1.520,-4.600
8,3,-155.840,-276.680,1.940,1.120,0.290,-137.685,-331.622,0.000,1.520,-4.600
9,3,-154.500,-281.310,1.480,0.540,0.500,-150.438,-294.130,0.000,1.410,-4.450
9,3,-154.500,-281.310,1.480,0.540,0.500,-146.376,-306.951,0.000,1.410,-4.450
9,3,-154.500,-281.310,1.480,0.540,0.500,-142.313,-319.771,0.000,1.410,-4.450
9,3,-154.500,-281.310,1.480,0.540,0.500,-138.251,-332.592,0.000,1.410,-4.450
10,3,-153.300,-285.030,1.310,0.240,1.380,-149.151,-298.015,0.000,1.390,-4.350
10,3,-153.300,-285.030,1.310,0.240,1.380,-145.002,-311.000,0.000,1.390,-4.350
10,3,-153.300,-285.030,1.310,0.240,1.380,-140.853,-323.984,0.000,1.390,-4.350
10,3,-153.300,-285.030,1.310,0.240,1.380,-136.703,-336.969,0.000,1.390,-4.350
11,3,-152.360,-288.740,1.580,0.870,0.480,-148.447,-301.896,0.000,1.270,-4.270
11,3,-152.360,-288.740,1.580,0.870,0.480,-144.534,-315.052,0.000,1.270,-4.270
11,3,-152.360,-288.740,1.580,0.870,0.480,-140.621,-328.208,0.000,1.270,-4.270
11,3,-152.360,-288.740,1.580,0.870,0.480,-136.709,-341.363,0.000,1.270,-4.270
12,3,-150.820,-293.190,1.090,1.270,1.440,-146.851,-305.663,0.000,1.330,-4.180
12,3,-150.820,-293.190,1.090,1.270,1.440,-142.883,-318.136,0.000,1.330,-4.180
12,3,-150.820,-293.190,1.090,1.270,1.440,-138.914,-330.609,0.000,1.330,-4.180
12,3,-150.820,-293.190,1.090,1.270,1.440,-134.945,-343.082,0.000,1.330,-4.180
13,3,-149.100,-297.350,1.350,1.660,0.790,-144.745,-309.789,0.000,1.460,-4.170
13,3,-149.100,-297.350,1.350,1.660,0.790,-140.390,-322.228,0.000,1.460,-4.170
13,3,-149.100,-297.350,1.350,1.660,0.790,-136.034,-334.667,0.000,1.460,-4.170
13,3,-149.100,-297.350,1.350,1.660,0.790,-131.679,-347.106,0.000,1.460,-4.170
14,3,-147.400,-301.590,1.470,1.710,0.290,-142.803,-314.097,0.000,1.540,-4.190
14,3,-147.400,-301.590,1.470,1.710,0.290,-138.206,-326.604,0.000,1.540,-4.190
14,3,-147.400,-301.590,1.470,1.710,0.290,-133.609,-339.111,0.000,1.540,-4.190
14,3,-147.400,-301.590,1.470,1.710,0.290,-129.012,-351.619,0.000,1.540,-4.190
15,3,-145.360,-305.390,1.600,2.470,1.570,-140.261,-317.467,0.000,1.710,-4.050
15,3,-145.360,-305.390,1.600,2.470,1.570,-135.162,-329.544,0.000,1.710,-4.050
15,3,-145.360,-305.390,1.600,2.470,1.570,-130.062,-341.621,0.000,1.710,-4.050
15,3,-145.360,-305.390,1.600,2.470,1.570,-124.963,-353.698,0.000,1.710,-4.050
16,3,-143.660,-309.150,1.400,1.200,0.340,-138.580,-320.982,0.000,1.700,-3.960
16,3,-143.660,-309.150,1.400,1.200,0.340,-133.501,-332.815,0.000,1.700,-3.960
16,3,-143.660,-309.150,1.400,1.200,0.340,-128.421,-344.647,0.000,1.700,-3.960
16,3,-143.660,-309.150,1.400,1.200,0.340,-123.342,-356.480,0.000,1.700,-3.960
17,3,-142.420,-312.300,1.340,0.390,0.480,-137.136,-324.873,0.000,1.660,-3.950
17,3,-142.420,-312.300,1.340,0.390,0.480,-131.852,-337.446,0.000,1.660,-3.950
17,3,-142.420,-312.300,1.340,0.390,0.480,-126.569,-350.019,0.000,1.660,-3.950
17,3,-142.420,-312.300,1.340,0.390,0.480,-121.285,-362.591,0.000,1.660,-3.950
19,3,-139.510,-321.960,2.840,0.890,0.480,-135.274,-334.697,0.000,1.420,-4.270
19,3,-139.510,-321.960,2.840,0.890,0.480,-131.038,-347.435,0.000,1.420,-4.270
19,3,-139.510,-321.960,2.840,0.890,0.480,-126.802,-360.172,0.000,1.420,-4.270
19,3,-139.510,-321.960,2.840,0.890,0.480,-122.567,-372.910,0.000,1.420,-4.270
20,3,-139.540,-327.510,3.950,1.250,0.670,-137.004,-341.714,0.000,0.850,-4.760
20,3,-139.540,-327.510,3.950,1.250,0.670,-134.467,-355.918,0.000,0.850,-4.760
20,3,-139.540,-327.510,3.950,1.250,0.670,-131.931,-370.122,0.000,0.850,-4.760
20,3,-139.540,-327.510,3.950,1.250,0.670,-129.394,-384.325,0.000,0.850,-4.760
21,3,-139.870,-332.650,2.610,1.320,0.220,-138.706,-347.272,0.000,0.390,-4.900
21,3,-139.870,-332.650,2.610,1.320,0.220,-137.542,-361.893,0.000,0.390,-4.900
21,3,-139.870,-332.650,2.610,1.320,0.220,-136.379,-376.515,0.000,0.390,-4.900
21,3,-139.870,-332.650,2.610,1.320,0.220,-135.215,-391.136,0.000,0.390,-4.900
22,3,-141.390,-338.160,3.970,2.180,1.100,-142.313,-352.436,0.000,-0.320,-4.950
22,3,-141.390,-338.160,3.970,2.180,1.100,-143.236,-366.712,0.000,-0.320,-4.950
22,3,-141.390,-338.160,3.970,2.180,1.100,-144.159,-380.987,0.000,-0.320,-4.950
22,3,-141.390,-338.160,3.970,2.180,1.100,-145.082,-395.263,0.000,-0.320,-4.950
23,3,-144.050,-342.270,6.520,5.720,0.840,-147.630,-356.648,0.000,-1.200,-4.820
23,3,-144.050,-342.270,6.520,5.720,0.840,-151.209,-371.026,0.000,-1.200,-4.820
23,3,-144.050,-342.270,6.520,5.720,0.840,-154.789,-385.404,0.000,-1.200,-4.820
23,3,-144.050,-342.270,6.520,5.720,0.840,-158.368,-399.782,0.000,-1.200,-4.820
24,3,-147.510,-346.690,7.020,5.000,0.540,-153.398,-360.649,0.000,-1.970,-4.670
24,3,-147.510,-346.690,7.020,5.000,0.540,-159.287,-374.607,0.000,-1.970,-4.670
24,3,-147.510,-346.690,7.020,5.000,0.540,-165.175,-388.566,0.000,-1.970,-4.670
24,3,-147.510,-346.690,7.020,5.000,0.540,-171.063,-402.525,0.000,-1.970,-4.670
25,3,-151.570,-350.000,4.860,8.650,1.530,-159.602,-362.541,0.000,-2.690,-4.200
25,3,-151.570,-350.000,4.860,8.650,1.530,-167.635,-375.082,0.000,-2.690,-4.200
25,3,-151.570,-350.000,4.860,8.650,1.530,-175.667,-387.624,0.000,-2.690,-4.200
25,3,-151.570,-350.000,4.860,8.650,1.530,-183.699,-400.165,0.000,-2.690,-4.200
26,3,-156.020,-352.770,6.800,12.570,1.330,-165.814,-363.848,0.000,-3.280,-3.710
26,3,-156.020,-352.770,6.800,12.570,1.330,-175.608,-374.926,0.000,-3.280,-3.710
26,3,-156.020,-352.770,6.800,12.570,1.330,-185.402,-386.004,0.000,-3.280,-3.710
26,3,-156.020,-352.770,6.800,12.570,1.330,-195.196,-397.082,0.000,-3.280,-3.710
27,3,-162.380,-353.160,6.660,10.550,1.360,-175.331,-360.799,0.000,-4.340,-2.560
27,3,-162.380,-353.160,6.660,10.550,1.360,-188.281,-368.438,0.000,-4.340,-2.560
27,3,-162.380,-353.160,6.660,10.550,1.360,-201.232,-376.077,0.000,-4.340,-2.560
27,3,-162.380,-353.160,6.660,10.550,1.360,-214.182,-383.716,0.000,-4.340,-2.560
28,3,-167.650,-352.830,7.310,10.970,1.130,-182.572,-357.639,0.000,-4.840,-1.560
28,3,-167.650,-352.830,7.310,10.970,1.130,-197.493,-362.449,0.000,-4.840,-1.560
28,3,-167.650,-352.830,7.310,10.970,1.130,-212.415,-367.258,0.000,-4.840,-1.560
28,3,-167.650,-352.830,7.310,10.970,1.130,-227.337,-372.068,0.000,-4.840,-1.560
29,3,-173.470,-350.630,5.600,11.320,0.860,-188.395,-351.256,0.000,-5.010,-0.210
29,3,-173.470,-350.630,5.600,11.320,0.860,-203.320,-351.881,0.000,-5.010,-0.210
29,3,-173.470,-350.630,5.600,11.320,0.860,-218.244,-352.507,0.000,-5.010,-0.210
29,3,-173.470,-350.630,5.600,11.320,0.860,-233.169,-353.132,0.000,-5.010,-0.210
30,3,-178.360,-348.020,6.790,12.190,0.650,-193.156,-345.783,0.000,-4.960,0.750
30,3,-178.360,-348.020,6.790,12.190,0.650,-207.951,-343.545,0.000,-4.960,0.750
30,3,-178.360,-348.020,6.790,12.190,0.650,-222.747,-341.308,0.000,-4.960,0.750
30,3,-178.360,-348.020,6.790,12.190,0.650,-237.543,-339.071,0.000,-4.960,0.750
31,3,-182.200,-343.610,7.640,10.620,0.780,-195.793,-337.708,0.000,-4.560,1.980
31,3,-182.200,-343.610,7.640,10.620,0.780,-209.387,-331.805,0.000,-4.560,1.980
31,3,-182.200,-343.610,7.640,10.620,0.780,-222.980,-325.903,0.000,-4.560,1.980
31,3,-182.200,-343.610,7.640,10.620,0.780,-236.573,-320.000,0.000,-4.560,1.980
33,3,-187.990,-334.410,9.120,12.380,0.090,-199.147,-323.438,0.000,-3.620,3.560
33,3,-187.990,-334.410,9.120,12.380,0.090,-210.304,-312.466,0.000,-3.620,3.560
33,3,-187.990,-334.410,9.120,12.380,0.090,-221.461,-301.494,0.000,-3.620,3.560
33,3,-187.990,-334.410,9.120,12.380,0.090,-232.617,-290.522,0.000,-3.620,3.560
34,3,-187.900,-326.520,5.270,8.130,0.000,-194.592,-310.298,0.000,-2.170,5.260
34,3,-187.900,-326.520,5.270,8.130,0.000,-201.285,-294.076,0.000,-2.170,5.260
34,3,-187.900,-326.520,5.270,8.130,0.000,-207.977,-277.854,0.000,-2.170,5.260
34,3,-187.900,-326.520,5.270,8.130,0.000,-214.669,-261.633,0.000,-2.170,5.260
35,3,-188.320,-319.020,8.510,3.720,1.460,-192.268,-302.679,0.000,-1.370,5.670
35,3,-188.320,-319.020,8.510,3.720,1.460,-196.217,-286.338,0.000,-1.370,5.670
35,3,-188.320,-319.020,8.510,3.720,1.460,-200.165,-269.997,0.000,-1.370,5.670
35,3,-188.320,-319.020,8.510,3.720,1.460,-204.113,-253.656,0.000,-1.370,5.670
36,3,-188.190,-314.630,5.080,3.220,1.470,-190.964,-297.309,0.000,-0.900,5.620
36,3,-188.190,-314.630,5.080,3.220,1.470,-193.738,-279.988,0.000,-0.900,5.620
36,3,-188.190,-314.630,5.080,3.220,1.470,-196.511,-262.667,0.000,-0.900,5.620
36,3,-188.190,-314.630,5.080,3.220,1.470,-199.285,-245.347,0.000,-0.900,5.620
37,3,-188.280,-308.550,2.970,4.380,0.060,-190.040,-291.875,0.000,-0.590,5.590
37,3,-188.280,-308.550,2.970,4.380,0.060,-191.800,-275.200,0.000,-0.590,5.590
37,3,-188.280,-308.550,2.970,4.380,0.060,-193.560,-258.525,0.000,-0.590,5.590
37,3,-188.280,-308.550,2.970,4.380,0.060,-195.320,-241.850,0.000,-0.590,5.590
38,3,-188.450,-303.570,2.180,3.170,0.150,-189.764,-287.565,0.000,-0.440,5.360
38,3,-188.450,-303.570,2.180,3.170,0.150,-191.078,-271.560,0.000,-0.440,5.360
38,3,-188.450,-303.570,2.180,3.170,0.150,-192.392,-255.555,0.000,-0.440,5.360
38,3,-188.450,-303.570,2.180,3.170,0.150,-193.705,-239.550,0.000,-0.440,5.360
39,3,-188.570,-298.960,1.640,1.680,0.250,-189.554,-283.752,0.000,-0.330,5.100
39,3,-188.570,-298.960,1.640,1.680,0.250,-190.538,-268.544,0.000,-0.330,5.100
39,3,-188.570,-298.960,1.640,1.680,0.250,-191.522,-253.335,0.000,-0.330,5.100
39,3,-188.570,-298.960,1.640,1.680,0.250,-192.506,-238.127,0.000,-0.330,5.100
40,3,-188.880,-294.090,2.040,2.780,0.280,-189.864,-279.115,0.000,-0.330,5.020
40,3,-188.880,-294.090,2.040,2.780,0.280,-190.849,-264.141,0.000,-0.330,5.020
40,3,-188.880,-294.090,2.040,2.780,0.280,-191.833,-249.166,0.000,-0.330,5.020
40,3,-188.880,-294.090,2.040,2.780,0.280,-192.818,-234.191,0.000,-0.330,5.020
41,3,-189.210,-288.860,1.400,1.860,1.560,-190.133,-274.637,0.000,-0.320,4.930
41,3,-189.210,-288.860,1.400,1.860,1.560,-191.056,-260.414,0.000,-0.320,4.930
41,3,-189.210,-288.860,1.400,1.860,1.560,-191.980,-246.191,0.000,-0.320,4.930
41,3,-189.210,-288.860,1.400,1.860,1.560,-192.903,-231.968,0.000,-0.320,4.930
42,3,-189.510,-284.710,2.020,1.790,0.340,-190.439,-270.264,0.000,-0.310,4.820
42,3,-189.510,-284.710,2.020,1.790,0.340,-191.368,-255.819,0.000,-0.310,4.820
42,3,-189.510,-284.710,2.020,1.790,0.340,-192.297,-241.373,0.000,-0.310,4.820
42,3,-189.510,-284.710,2.020,1.790,0.340,-193.226,-226.928,0.000,-0.310,4.820
43,3,-189.910,-280.030,1.960,2.890,0.270,-190.924,-265.776,0.000,-0.340,4.780
43,3,-189.910,-280.030,1.960,2.890,0.270,-191.938,-251.522,0.000,-0.340,4.780
43,3,-189.910,-280.030,1.960,2.890,0.270,-192.952,-237.268,0.000,-0.340,4.780
43,3,-189.910,-280.030,1.960,2.890,0.270,-193.966,-223.014,0.000,-0.340,4.780
44,3,-189.940,-275.230,1.380,0.770,0.570,-190.546,-261.901,0.000,-0.210,4.620
44,3,-189.940,-275.230,1.380,0.770,0.570,-191.152,-248.573,0.000,-0.210,4.620
44,3,-189.940,-275.230,1.380,0.770,0.570,-191.758,-235.244,0.000,-0.210,4.620
44,3,-189.940,-275.230,1.380,0.770,0.570,-192.363,-221.915,0.000,-0.210,4.620
45,3,-190.260,-270.530,1.030,2.660,0.150,-190.981,-257.124,0.000,-0.250,4.650
45,3,-190.260,-270.530,1.030,2.660,0.150,-191.702,-243.718,0.000,-0.250,4.650
45,3,-190.260,-270.530,1.030,2.660,0.150,-192.422,-230.312,0.000,-0.250,4.650
45,3,-190.260,-270.530,1.030,2.660,0.150,-193.143,-216.906,0.000,-0.250,4.650
46,3,-190.660,-266.620,2.170,3.690,0.330,-191.617,-252.085,0.000,-0.310,4.710
46,3,-190.660,-266.620,2.170,3.690,0.330,-192.573,-237.550,0.000,-0.310,4.710
46,3,-190.660,-266.620,2.170,3.690,0.330,-193.530,-223.015,0.000,-0.310,4.710
46,3,-190.660,-266.620,2.170,3.690,0.330,-194.487,-208.480,0.000,-0.310,4.710
47,3,-191.180,-261.810,2.040,2.860,0.180,-192.381,-247.185,0.000,-0.390,4.750
47,3,-191.180,-261.810,2.040,2.860,0.180,-193.582,-232.560,0.000,-0.390,4.750
47,3,-191.180,-261.810,2.040,2.860,0.180,-194.782,-217.934,0.000,-0.390,4.750
47,3,-191.180,-261.810,2.040,2.860,0.180,-195.983,-203.309,0.000,-0.390,4.750
48,3,-191.960,-257.280,2.150,3.570,0.160,-193.596,-242.868,0.000,-0.530,4.670
48,3,-191.960,-257.280,2.150,3.570,0.160,-195.231,-228.457,0.000,-0.530,4.670
48,3,-191.960,-257.280,2.150,3.570,0.160,-196.867,-214.045,0.000,-0.530,4.670
48,3,-191.960,-257.280,2.150,3.570,0.160,-198.502,-199.634,0.000,-0.530,4.670
54,3,-196.030,-229.680,3.530,3.090,1.280,-198.567,-216.039,0.000,-0.850,4.570
54,3,-196.030,-229.680,3.530,3.090,1.280,-201.105,-202.397,0.000,-0.850,4.570
54,3,-196.030,-229.680,3.530,3.090,1.280,-203.642,-188.756,0.000,-0.850,4.570
54,3,-196.030,-229.680,3.530,3.090,1.280,-206.179,-175.114,0.000,-0.850,4.570
55,3,-196.740,-223.790,2.050,3.450,0.180,-199.095,-208.497,0.000,-0.790,5.130
55,3,-196.740,-223.790,2.050,3.450,0.180,-201.450,-193.205,0.000,-0.790,5.130
55,3,-196.740,-223.790,2.050,3.450,0.180,-203.805,-177.912,0.000,-0.790,5.130
55,3,-196.740,-223.790,2.050,3.450,0.180,-206.160,-162.620,0.000,-0.790,5.130
56,3,-197.370,-218.960,1.590,3.560,0.140,-199.745,-202.856,0.000,-0.770,5.220
56,3,-197.370,-218.960,1.590,3.560,0.140,-202.121,-186.753,0.000,-0.770,5.220
56,3,-197.370,-218.960,1.590,3.560,0.140,-204.496,-170.649,0.000,-0.770,5.220
56,3,-197.370,-218.960,1.590,3.560,0.140,-206.872,-154.545,0.000,-0.770,5.220
57,3,-198.040,-213.220,2.040,2.600,0.440,-200.289,-196.583,0.000,-0.730,5.400
57,3,-198.040,-213.220,2.040,2.600,0.440,-202.538,-179.945,0.000,-0.730,5.400
57,3,-198.040,-213.220,2.040,2.600,0.440,-204.787,-163.308,0.000,-0.730,5.400
57,3,-198.040,-213.220,2.040,2.600,0.440,-207.037,-146.670,0.000,-0.730,5.400
58,3,-198.710,-207.470,1.860,3.660,0.220,-200.897,-190.438,0.000,-0.710,5.530
58,3,-198.710,-207.470,1.860,3.660,0.220,-203.084,-173.405,0.000,-0.710,5.530
58,3,-198.710,-207.470,1.860,3.660,0.220,-205.270,-156.373,0.000,-0.710,5.530
58,3,-198.710,-207.470,1.860,3.660,0.220,-207.457,-139.340,0.000,-0.710,5.530
59,3,-199.220,-201.180,2.400,2.510,0.030,-201.068,-184.486,0.000,-0.620,5.600
59,3,-199.220,-201.180,2.400,2.510,0.030,-202.916,-167.793,0.000,-0.620,5.600
59,3,-199.220,-201.180,2.400,2.510,0.030,-204.765,-151.099,0.000,-0.620,5.600
59,3,-199.220,-201.180,2.400,2.510,0.030,-206.613,-134.406,0.000,-0.620,5.600
60,3,-199.570,-195.150,3.190,3.400,1.350,-201.121,-178.003,0.000,-0.520,5.750
60,3,-199.570,-195.150,3.190,3.400,1.350,-202.671,-160.857,0.000,-0.520,5.750
60,3,-199.570,-195.150,3.190,3.400,1.350,-204.222,-143.710,0.000,-0.520,5.750
60,3,-199.570,-195.150,3.190,3.400,1.350,-205.773,-126.564,0.000,-0.520,5.750
61,3,-199.290,-189.580,3.530,3.520,1.340,-200.061,-171.421,0.000,-0.250,5.890
61,3,-199.290,-189.580,3.530,3.520,1.340,-200.831,-153.262,0.000,-0.250,5.890
61,3,-199.290,-189.580,3.530,3.520,1.340,-201.602,-135.103,0.000,-0.250,5.890
61,3,-199.290,-189.580,3.530,3.520,1.340,-202.373,-116.945,0.000,-0.250,5.890
63,3,-194.800,-176.210,9.090,4.900,0.710,-190.987,-157.830,0.000,1.280,6.170
63,3,-194.800,-176.210,9.090,4.900,0.710,-187.174,-139.449,0.000,1.280,6.170
63,3,-194.800,-176.210,9.090,4.900,0.710,-183.361,-121.069,0.000,1.280,6.170
63,3,-194.800,-176.210,9.090,4.900,0.710,-179.548,-102.688,0.000,1.280,6.170
64,3,-189.810,-170.650,7.640,5.450,0.540,-181.745,-152.997,0.000,2.700,5.910
64,3,-189.810,-170.650,7.640,5.450,0.540,-173.680,-135.344,0.000,2.700,5.910
64,3,-189.810,-170.650,7.640,5.450,0.540,-165.615,-117.690,0.000,2.700,5.910
64,3,-189.810,-170.650,7.640,5.450,0.540,-157.550,-100.037,0.000,2.700,5.910
65,3,-185.290,-166.330,10.830,6.050,0.180,-175.132,-150.631,0.000,3.410,5.270
65,3,-185.290,-166.330,10.830,6.050,0.180,-164.973,-134.931,0.000,3.410,5.270
65,3,-185.290,-166.330,10.830,6.050,0.180,-154.815,-119.232,0.000,3.410,5.270
65,3,-185.290,-166.330,10.830,6.050,0.180,-144.656,-103.533,0.000,3.410,5.270
66,3,-179.820,-163.310,6.940,14.070,1.280,-167.389,-150.045,0.000,4.170,4.450
66,3,-179.820,-163.310,6.940,14.070,1.280,-154.958,-136.779,0.000,4.170,4.450
66,3,-179.820,-163.310,6.940,14.070,1.280,-142.528,-123.514,0.000,4.170,4.450
66,3,-179.820,-163.310,6.940,14.070,1.280,-130.097,-110.248,0.000,4.170,4.450
67,3,-173.040,-163.230,5.120,12.540,0.970,-156.896,-153.833,0.000,5.240,3.050
67,3,-173.040,-163.230,5.120,12.540,0.970,-140.751,-144.436,0.000,5.240,3.050
67,3,-173.040,-163.230,5.120,12.540,0.970,-124.607,-135.039,0.000,5.240,3.050
67,3,-173.040,-163.230,5.120,12.540,0.970,-108.462,-125.642,0.000,5.240,3.050
68,3,-165.700,-164.990,6.170,13.010,0.760,-148.470,-161.264,0.000,5.780,1.250
68,3,-165.700,-164.990,6.170,13.010,0.760,-131.240,-157.538,0.000,5.780,1.250
68,3,-165.700,-164.990,6.170,13.010,0.760,-114.009,-153.811,0.000,5.780,1.250
68,3,-165.700,-164.990,6.170,13.010,0.760,-96.779,-150.085,0.000,5.780,1.250
69,3,-160.050,-168.760,4.780,13.670,0.220,-143.022,-170.189,0.000,5.720,-0.480
69,3,-160.050,-168.760,4.780,13.670,0.220,-125.993,-171.618,0.000,5.720,-0.480
69,3,-160.050,-168.760,4.780,13.670,0.220,-108.965,-173.047,0.000,5.720,-0.480
69,3,-160.050,-168.760,4.780,13.670,0.220,-91.936,-174.476,0.000,5.720,-0.480
70,3,-156.550,-172.040,17.000,5.800,1.510,-139.590,-176.845,0.000,5.330,-1.510
70,3,-156.550,-172.040,17.000,5.800,1.510,-122.630,-181.650,0.000,5.330,-1.510
70,3,-156.550,-172.040,17.000,5.800,1.510,-105.670,-186.454,0.000,5.330,-1.510
70,3,-156.550,-172.040,17.000,5.800,1.510,-88.710,-191.259,0.000,5.330,-1.510
75,3,-158.340,-207.880,6.570,3.340,0.800,-160.872,-227.869,0.000,-0.850,-6.710
75,3,-158.340,-207.880,6.570,3.340,0.800,-163.404,-247.858,0.000,-0.850,-6.710
75,3,-158.340,-207.880,6.570,3.340,0.800,-165.936,-267.847,0.000,-0.850,-6.710
75,3,-158.340,-207.880,6.570,3.340,0.800,-168.469,-287.836,0.000,-0.850,-6.710
76,3,-160.940,-215.450,4.860,1.760,1.500,-165.466,-237.773,0.000,-1.470,-7.250
76,3,-160.940,-215.450,4.860,1.760,1.500,-169.992,-260.095,0.000,-1.470,-7.250
76,3,-160.940,-215.450,4.860,1.760,1.500,-174.518,-282.418,0.000,-1.470,-7.250
76,3,-160.940,-215.450,4.860,1.760,1.500,-179.045,-304.741,0.000,-1.470,-7.250
77,3,-162.300,-223.200,1.790,0.560,0.900,-166.295,-244.604,0.000,-1.340,-7.180
77,3,-162.300,-223.200,1.790,0.560,0.900,-170.289,-266.007,0.000,-1.340,-7.180
77,3,-162.300,-223.200,1.790,0.560,0.900,-174.284,-287.411,0.000,-1.340,-7.180
77,3,-162.300,-223.200,1.790,0.560,0.900,-178.278,-308.814,0.000,-1.340,-7.180
78,3,-163.610,-230.540,2.660,1.870,0.830,-167.269,-250.649,0.000,-1.270,-6.980
78,3,-163.610,-230.540,2.660,1.870,0.830,-170.928,-270.759,0.000,-1.270,-6.980
78,3,-163.610,-230.540,2.660,1.870,0.830,-174.587,-290.868,0.000,-1.270,-6.980
78,3,-163.610,-230.540,2.660,1.870,0.830,-178.245,-310.978,0.000,-1.270,-6.980
79,3,-164.340,-236.610,2.870,4.420,0.570,-167.676,-257.225,0.000,-1.120,-6.920
79,3,-164.340,-236.610,2.870,4.420,0.570,-171.013,-277.839,0.000,-1.120,-6.920
79,3,-164.340,-236.610,2.870,4.420,0.570,-174.349,-298.454,0.000,-1.120,-6.920
79,3,-164.340,-236.610,2.870,4.420,0.570,-177.686,-319.069,0.000,-1.120,-6.920
80,3,-165.120,-243.440,1.460,2.770,1.240,-168.128,-263.958,0.000,-1.010,-6.890
80,3,-165.120,-243.440,1.460,2.770,1.240,-171.136,-284.477,0.000,-1.010,-6.890
80,3,-165.120,-243.440,1.460,2.770,1.240,-174.143,-304.995,0.000,-1.010,-6.890
80,3,-165.120,-243.440,1.460,2.770,1.240,-177.151,-325.514,0.000,-1.010,-6.890
81,3,-166.100,-251.010,2.920,3.490,0.130,-168.864,-270.846,0.000,-0.960,-6.890
81,3,-166.100,-251.010,2.920,3.490,0.130,-171.628,-290.683,0.000,-0.960,-6.890
81,3,-166.100,-251.010,2.920,3.490,0.130,-174.392,-310.519,0.000,-0.960,-6.890
81,3,-166.100,-251.010,2.920,3.490,0.130,-177.155,-330.355,0.000,-0.960,-6.890
82,3,-166.190,-256.970,3.340,2.860,0.830,-168.247,-277.211,0.000,-0.690,-6.790
82,3,-166.190,-256.970,3.340,2.860,0.830,-170.304,-297.452,0.000,-0.690,-6.790
82,3,-166.190,-256.970,3.340,2.860,0.830,-172.361,-317.693,0.000,-0.690,-6.790
82,3,-166.190,-256.970,3.340,2.860,0.830,-174.418,-337.934,0.000,-0.690,-6.790
83,3,-166.660,-263.510,2.990,2.370,0.190,-168.477,-283.469,0.000,-0.610,-6.700
83,3,-166.660,-263.510,2.990,2.370,0.190,-170.294,-303.429,0.000,-0.610,-6.700
83,3,-166.660,-263.510,2.990,2.370,0.190,-172.112,-323.388,0.000,-0.610,-6.700
83,3,-166.660,-263.510,2.990,2.370,0.190,-173.929,-343.347,0.000,-0.610,-6.700
84,3,-166.890,-268.170,1.580,1.730,1.470,-168.512,-288.656,0.000,-0.510,-6.440
84,3,-166.890,-268.170,1.580,1.730,1.470,-170.135,-309.141,0.000,-0.510,-6.440
84,3,-166.890,-268.170,1.580,1.730,1.470,-171.757,-329.627,0.000,-0.510,-6.440
84,3,-166.890,-268.170,1.580,1.730,1.470,-173.379,-350.113,0.000,-0.510,-6.440
85,3,-167.250,-275.570,2.250,1.960,0.100,-168.531,-294.367,0.000,-0.430,-6.310
85,3,-167.250,-275.570,2.250,1.960,0.100,-169.812,-313.165,0.000,-0.430,-6.310
85,3,-167.250,-275.570,2.250,1.960,0.100,-171.093,-331.962,0.000,-0.430,-6.310
85,3,-167.250,-275.570,2.250,1.960,0.100,-172.374,-350.760,0.000,-0.430,-6.310
86,3,-167.790,-281.120,3.130,2.000,1.470,-169.161,-299.155,0.000,-0.460,-6.050
86,3,-167.790,-281.120,3.130,2.000,1.470,-170.533,-317.190,0.000,-0.460,-6.050
86,3,-167.790,-281.120,3.130,2.000,1.470,-171.904,-335.225,0.000,-0.460,-6.050
86,3,-167.790,-281.120,3.130,2.000,1.470,-173.275,-353.260,0.000,-0.460,-6.050
87,3,-168.160,-286.580,2.090,1.580,1.470,-169.513,-305.184,0.000,-0.440,-6.050
87,3,-168.160,-286.580,2.090,1.580,1.470,-170.866,-323.787,0.000,-0.440,-6.050
87,3,-168.160,-286.580,2.090,1.580,1.470,-172.219,-342.391,0.000,-0.440,-6.050
87,3,-168.160,-286.580,2.090,1.580,1.470,-173.572,-360.995,0.000,-0.440,-6.050
88,3,-168.460,-291.940,2.200,3.020,0.130,-169.661,-309.835,0.000,-0.390,-5.810
88,3,-168.460,-291.940,2.200,3.020,0.130,-170.862,-327.730,0.000,-0.390,-5.810
88,3,-168.460,-291.940,2.200,3.020,0.130,-172.064,-345.624,0.000,-0.390,-5.810
88,3,-168.460,-291.940,2.200,3.020,0.130,-173.265,-363.519,0.000,-0.390,-5.810
89,3,-168.990,-297.690,3.140,1.800,0.870,-170.242,-314.318,0.000,-0.420,-5.580
89,3,-168.990,-297.690,3.140,1.800,0.870,-171.493,-330.947,0.000,-0.420,-5.580
89,3,-168.990,-297.690,3.140,1.800,0.870,-172.745,-347.575,0.000,-0.420,-5.580
89,3,-168.990,-297.690,3.140,1.800,0.870,-173.996,-364.204,0.000,-0.420,-5.580
90,3,-169.260,-302.390,1.520,3.310,0.050,-170.363,-318.124,0.000,-0.370,-5.280
90,3,-169.260,-302.390,1.520,3.310,0.050,-171.465,-333.859,0.000,-0.370,-5.280
90,3,-169.260,-302.390,1.520,3.310,0.050,-172.568,-349.593,0.000,-0.370,-5.280
90,3,-169.260,-302.390,1.520,3.310,0.050,-173.670,-365.328,0.000,-0.370,-5.280
91,3,-169.530,-306.670,1.860,2.710,0.160,-170.608,-322.404,0.000,-0.350,-5.110
91,3,-169.530,-306.670,1.860,2.710,0.160,-171.685,-338.137,0.000,-0.350,-5.110
91,3,-169.530,-306.670,1.860,2.710,0.160,-172.763,-353.871,0.000,-0.350,-5.110
91,3,-169.530,-306.670,1.860,2.710,0.160,-173.841,-369.605,0.000,-0.350,-5.110
92,3,-169.760,-311.010,1.170,3.180,0.150,-170.777,-326.937,0.000,-0.320,-5.010
92,3,-169.760,-311.010,1.170,3.180,0.150,-171.795,-342.864,0.000,-0.320,-5.010
92,3,-169.760,-311.010,1.170,3.180,0.150,-172.812,-358.790,0.000,-0.320,-5.010
92,3,-169.760,-311.010,1.170,3.180,0.150,-173.829,-374.717,0.000,-0.320,-5.010
93,3,-169.820,-316.720,1.490,3.190,0.240,-170.424,-330.448,0.000,-0.210,-4.770
93,3,-169.820,-316.720,1.490,3.190,0.240,-171.029,-344.176,0.000,-0.210,-4.770
93,3,-169.820,-316.720,1.490,3.190,0.240,-171.633,-357.904,0.000,-0.210,-4.770
93,3,-169.820,-316.720,1.490,3.190,0.240,-172.238,-371.632,0.000,-0.210,-4.770
94,3,-168.860,-320.310,2.710,3.810,0.330,-168.264,-333.903,0.000,0.200,-4.560
94,3,-168.860,-320.310,2.710,3.810,0.330,-167.668,-347.497,0.000,0.200,-4.560
94,3,-168.860,-320.310,2.710,3.810,0.330,-167.071,-361.090,0.000,0.200,-4.560
94,3,-168.860,-320.310,2.710,3.810,0.330,-166.475,-374.683,0.000,0.200,-4.560
102,3,-156.830,-354.980,3.080,1.580,0.650,-150.361,-367.628,0.000,2.230,-4.360
102,3,-156.830,-354.980,3.080,1.580,0.650,-143.892,-380.277,0.000,2.230,-4.360
102,3,-156.830,-354.980,3.080,1.580,0.650,-137.422,-392.925,0.000,2.230,-4.360
102,3,-156.830,-354.980,3.080,1.580,0.650,-130.953,-405.573,0.000,2.230,-4.360
103,3,-154.640,-359.070,1.630,4.490,0.290,-147.731,-372.322,0.000,2.320,-4.450
103,3,-154.640,-359.070,1.630,4.490,0.290,-140.822,-385.574,0.000,2.320,-4.450
103,3,-154.640,-359.070,1.630,4.490,0.290,-133.913,-398.826,0.000,2.320,-4.450
103,3,-154.640,-359.070,1.630,4.490,0.290,-127.004,-412.078,0.000,2.320,-4.450
104,3,-152.550,-363.450,3.500,1.680,1.560,-145.905,-376.622,0.000,2.230,-4.420
104,3,-152.550,-363.450,3.500,1.680,1.560,-139.259,-389.793,0.000,2.230,-4.420
104,3,-152.550,-363.450,3.500,1.680,1.560,-132.614,-402.965,0.000,2.230,-4.420
104,3,-152.550,-363.450,3.500,1.680,1.560,-125.968,-416.136,0.000,2.230,-4.420
105,3,-150.480,-367.690,2.170,4.970,0.320,-143.966,-380.688,0.000,2.180,-4.350
105,3,-150.480,-367.690,2.170,4.970,0.320,-137.452,-393.686,0.000,2.180,-4.350
105,3,-150.480,-367.690,2.170,4.970,0.320,-130.938,-406.683,0.000,2.180,-4.350
105,3,-150.480,-367.690,2.170,4.970,0.320,-124.425,-419.681,0.000,2.180,-4.350
106,3,-148.890,-371.790,1.690,4.550,0.320,-142.609,-385.399,0.000,2.040,-4.420
106,3,-148.890,-371.790,1.690,4.550,0.320,-136.328,-399.008,0.000,2.040,-4.420
106,3,-148.890,-371.790,1.690,4.550,0.320,-130.047,-412.618,0.000,2.040,-4.420
106,3,-148.890,-371.790,1.690,4.550,0.320,-123.765,-426.227,0.000,2.040,-4.420
107,3,-146.790,-376.270,3.580,1.860,1.550,-140.862,-389.050,0.000,1.990,-4.290
107,3,-146.790,-376.270,3.580,1.860,1.550,-134.934,-401.830,0.000,1.990,-4.290
107,3,-146.790,-376.270,3.580,1.860,1.550,-129.005,-414.610,0.000,1.990,-4.290
107,3,-146.790,-376.270,3.580,1.860,1.550,-123.077,-427.390,0.000,1.990,-4.290
108,3,-145.430,-380.010,2.860,3.280,0.460,-139.388,-394.002,0.000,1.900,-4.400
108,3,-145.430,-380.010,2.860,3.280,0.460,-133.346,-407.994,0.000,1.900,-4.400
108,3,-145.430,-380.010,2.860,3.280,0.460,-127.304,-421.986,0.000,1.900,-4.400
108,3,-145.430,-380.010,2.860,3.280,0.460,-121.262,-435.978,0.000,1.900,-4.400
109,3,-143.390,-382.510,3.350,0.130,1.450,-137.946,-393.101,0.000,1.830,-3.560
109,3,-143.390,-382.510,3.350,0.130,1.450,-132.502,-403.692,0.000,1.830,-3.560
109,3,-143.390,-382.510,3.350,0.130,1.450,-127.057,-414.283,0.000,1.830,-3.560
109,3,-143.390,-382.510,3.350,0.130,1.450,-121.613,-424.874,0.000,1.830,-3.560
110,3,-144.770,-381.740,0.090,0.840,0.140,-141.845,-388.945,0.000,0.950,-2.340
110,3,-144.770,-381.740,0.090,0.840,0.140,-138.920,-396.150,0.000,0.950,-2.340
110,3,-144.770,-381.740,0.090,0.840,0.140,-135.995,-403.355,0.000,0.950,-2.340
110,3,-144.770,-381.740,0.090,0.840,0.140,-133.070,-410.559,0.000,0.950,-2.340
111,3,-139.740,-392.970,1.780,7.640,0.400,-133.628,-405.195,0.000,1.980,-3.960
111,3,-139.740,-392.970,1.780,7.640,0.400,-127.515,-417.419,0.000,1.980,-3.960
111,3,-139.740,-392.970,1.780,7.640,0.400,-121.403,-429.644,0.000,1.980,-3.960
111,3,-139.740,-392.970,1.780,7.640,0.400,-115.291,-441.868,0.000,1.980,-3.960
112,3,-136.840,-399.330,1.700,6.900,0.370,-130.617,-412.410,0.000,2.160,-4.540
112,3,-136.840,-399.330,1.700,6.900,0.370,-124.394,-425.489,0.000,2.160,-4.540
112,3,-136.840,-399.330,1.700,6.900,0.370,-118.171,-438.569,0.000,2.160,-4.540
112,3,-136.840,-399.330,1.700,6.900,0.370,-111.948,-451.649,0.000,2.160,-4.540
113,3,-134.850,-403.650,2.100,3.850,0.610,-128.356,-417.413,0.000,2.180,-4.620
113,3,-134.850,-403.650,2.100,3.850,0.610,-121.862,-431.176,0.000,2.180,-4.620
113,3,-134.850,-403.650,2.100,3.850,0.610,-115.367,-444.939,0.000,2.180,-4.620
113,3,-134.850,-403.650,2.100,3.850,0.610,-108.873,-458.702,0.000,2.180,-4.620
114,3,-132.720,-407.670,2.170,5.940,0.610,-125.785,-421.786,0.000,2.250,-4.580
114,3,-132.720,-407.670,2.170,5.940,0.610,-118.851,-435.901,0.000,2.250,-4.580
114,3,-132.720,-407.670,2.170,5.940,0.610,-111.916,-450.017,0.000,2.250,-4.580
114,3,-132.720,-407.670,2.170,5.940,0.610,-104.982,-464.132,0.000,2.250,-4.580
115,3,-130.270,-412.800,2.540,5.870,0.320,-123.565,-426.597,0.000,2.250,-4.630
115,3,-130.270,-412.800,2.540,5.870,0.320,-116.860,-440.395,0.000,2.250,-4.630
115,3,-130.270,-412.800,2.540,5.870,0.320,-110.155,-454.192,0.000,2.250,-4.630
115,3,-130.270,-412.800,2.540,5.870,0.320,-103.450,-467.990,0.000,2.250,-4.630
116,3,-127.860,-417.910,3.050,6.710,0.880,-121.422,-431.277,0.000,2.230,-4.630
116,3,-127.860,-417.910,3.050,6.710,0.880,-114.984,-444.644,0.000,2.230,-4.630
116,3,-127.860,-417.910,3.050,6.710,0.880,-108.546,-458.010,0.000,2.230,-4.630
116,3,-127.860,-417.910,3.050,6.710,0.880,-102.108,-471.377,0.000,2.230,-4.630
117,3,-126.300,-421.060,3.010,7.680,0.490,-119.654,-434.722,0.000,2.160,-4.440
117,3,-126.300,-421.060,3.010,7.680,0.490,-113.007,-448.384,0.000,2.160,-4.440
117,3,-126.300,-421.060,3.010,7.680,0.490,-106.361,-462.046,0.000,2.160,-4.440
117,3,-126.300,-421.060,3.010,7.680,0.490,-99.715,-475.708,0.000,2.160,-4.440
118,3,-123.980,-425.320,3.080,7.380,0.920,-116.634,-439.757,0.000,2.310,-4.540
118,3,-123.980,-425.320,3.080,7.380,0.920,-109.288,-454.194,0.000,2.310,-4.540
118,3,-123.980,-425.320,3.080,7.380,0.920,-101.943,-468.632,0.000,2.310,-4.540
118,3,-123.980,-425.320,3.080,7.380,0.920,-94.597,-483.069,0.000,2.310,-4.540
119,3,-120.690,-431.400,2.860,7.070,0.860,-113.752,-444.672,0.000,2.410,-4.610
119,3,-120.690,-431.400,2.860,7.070,0.860,-106.813,-457.944,0.000,2.410,-4.610
119,3,-120.690,-431.400,2.860,7.070,0.860,-99.875,-471.217,0.000,2.410,-4.610
119,3,-120.690,-431.400,2.860,7.070,0.860,-92.936,-484.489,0.000,2.410,-4.610
120,3,-118.480,-435.530,2.940,6.470,1.020,-110.721,-450.186,0.000,2.520,-4.760
120,3,-118.480,-435.530,2.940,6.470,1.020,-102.962,-464.842,0.000,2.520,-4.760
120,3,-118.480,-435.530,2.940,6.470,1.020,-95.203,-479.498,0.000,2.520,-4.760
120,3,-118.480,-435.530,2.940,6.470,1.020,-87.444,-494.154,0.000,2.520,-4.760
121,3,-115.530,-440.790,2.070,3.490,0.020,-107.368,-455.974,0.000,2.650,-4.930
121,3,-115.530,-440.790,2.070,3.490,0.020,-99.206,-471.159,0.000,2.650,-4.930
121,3,-115.530,-440.790,2.070,3.490,0.020,-91.044,-486.343,0.000,2.650,-4.930
121,3,-115.530,-440.790,2.070,3.490,0.020,-82.882,-501.528,0.000,2.650,-4.930
122,3,-112.980,-446.350,3.270,5.100,0.880,-105.448,-461.205,0.000,2.520,-4.970
122,3,-112.980,-446.350,3.270,5.100,0.880,-97.915,-476.061,0.000,2.520,-4.970
122,3,-112.980,-446.350,3.270,5.100,0.880,-90.383,-490.916,0.000,2.520,-4.970
122,3,-112.980,-446.350,3.270,5.100,0.880,-82.851,-505.771,0.000,2.520,-4.970
123,3,-110.320,-451.190,1.920,3.910,0.550,-102.641,-465.891,0.000,2.570,-4.920
123,3,-110.320,-451.190,1.920,3.910,0.550,-94.962,-480.592,0.000,2.570,-4.920
123,3,-110.320,-451.190,1.920,3.910,0.550,-87.283,-495.293,0.000,2.570,-4.920
123,3,-110.320,-451.190,1.920,3.910,0.550,-79.603,-509.994,0.000,2.570,-4.920
124,3,-107.930,-456.270,3.350,4.560,0.250,-100.420,-471.170,0.000,2.510,-4.980
124,3,-107.930,-456.270,3.350,4.560,0.250,-92.910,-486.070,0.000,2.510,-4.980
124,3,-107.930,-456.270,3.350,4.560,0.250,-85.400,-500.970,0.000,2.510,-4.980
124,3,-107.930,-456.270,3.350,4.560,0.250,-77.890,-515.871,0.000,2.510,-4.980
125,3,-105.040,-461.830,1.900,4.510,0.530,-97.670,-476.309,0.000,2.550,-5.010
125,3,-105.040,-461.830,1.900,4.510,0.530,-90.301,-490.788,0.000,2.550,-5.010
125,3,-105.040,-461.830,1.900,4.510,0.530,-82.931,-505.267,0.000,2.550,-5.010
125,3,-105.040,-461.830,1.900,4.510,0.530,-75.562,-519.746,0.000,2.550,-5.010
126,3,-103.090,-465.890,2.990,3.480,1.050,-95.301,-481.438,0.000,2.520,-5.030
126,3,-103.090,-465.890,2.990,3.480,1.050,-87.511,-496.985,0.000,2.520,-5.030
126,3,-103.090,-465.890,2.990,3.480,1.050,-79.722,-512.533,0.000,2.520,-5.030
126,3,-103.090,-465.890,2.990,3.480,1.050,-71.933,-528.081,0.000,2.520,-5.030
127,3,-100.820,-471.210,2.350,3.890,0.310,-93.321,-487.041,0.000,2.430,-5.130
127,3,-100.820,-471.210,2.350,3.890,0.310,-85.822,-502.872,0.000,2.430,-5.130
127,3,-100.820,-471.210,2.350,3.890,0.310,-78.323,-518.704,0.000,2.430,-5.130
127,3,-100.820,-471.210,2.350,3.890,0.310,-70.824,-534.535,0.000,2.430,-5.130
130,3,-94.650,-487.490,1.180,2.690,0.680,-88.431,-503.128,0.000,2.080,-5.230
130,3,-94.650,-487.490,1.180,2.690,0.680,-82.212,-518.765,0.000,2.080,-5.230
130,3,-94.650,-487.490,1.180,2.690,0.680,-75.992,-534.403,0.000,2.080,-5.230
130,3,-94.650,-487.490,1.180,2.690,0.680,-69.773,-550.041,0.000,2.080,-5.230
131,3,-92.670,-492.130,2.890,1.640,1.230,-86.128,-508.208,0.000,2.120,-5.210
131,3,-92.670,-492.130,2.890,1.640,1.230,-79.585,-524.286,0.000,2.120,-5.210
131,3,-92.670,-492.130,2.890,1.640,1.230,-73.043,-540.364,0.000,2.120,-5.210
131,3,-92.670,-492.130,2.890,1.640,1.230,-66.501,-556.442,0.000,2.120,-5.210
132,3,-90.690,-497.790,1.680,4.600,0.200,-84.682,-513.333,0.000,2.010,-5.200
132,3,-90.690,-497.790,1.680,4.600,0.200,-78.674,-528.876,0.000,2.010,-5.200
132,3,-90.690,-497.790,1.680,4.600,0.200,-72.666,-544.418,0.000,2.010,-5.200
132,3,-90.690,-497.790,1.680,4.600,0.200,-66.658,-559.961,0.000,2.010,-5.200
133,3,-88.590,-503.610,1.750,3.260,0.600,-82.494,-519.805,0.000,2.040,-5.420
133,3,-88.590,-503.610,1.750,3.260,0.600,-76.399,-536.000,0.000,2.040,-5.420
133,3,-88.590,-503.610,1.750,3.260,0.600,-70.303,-552.195,0.000,2.040,-5.420
133,3,-88.590,-503.610,1.750,3.260,0.600,-64.208,-568.390,0.000,2.040,-5.420
134,3,-87.160,-508.370,1.030,3.220,0.300,-81.351,-524.963,0.000,1.880,-5.370
134,3,-87.160,-508.370,1.030,3.220,0.300,-75.542,-541.557,0.000,1.880,-5.370
134,3,-87.160,-508.370,1.030,3.220,0.300,-69.732,-558.150,0.000,1.880,-5.370
134,3,-87.160,-508.370,1.030,3.220,0.300,-63.923,-574.743,0.000,1.880,-5.370
135,3,-85.580,-513.630,0.480,2.540,0.040,-80.474,-529.038,0.000,1.710,-5.160
135,3,-85.580,-513.630,0.480,2.540,0.040,-75.368,-544.446,0.000,1.710,-5.160
135,3,-85.580,-513.630,0.480,2.540,0.040,-70.262,-559.853,0.000,1.710,-5.160
135,3,-85.580,-513.630,0.480,2.540,0.040,-65.156,-575.261,0.000,1.710,-5.160
136,3,-83.530,-519.750,1.040,3.920,0.340,-78.416,-535.091,0.000,1.770,-5.310
136,3,-83.530,-519.750,1.040,3.920,0.340,-73.303,-550.431,0.000,1.770,-5.310
136,3,-83.530,-519.750,1.040,3.920,0.340,-68.189,-565.772,0.000,1.770,-5.310
136,3,-83.530,-519.750,1.040,3.920,0.340,-63.076,-581.112,0.000,1.770,-5.310
137,3,-81.930,-524.720,0.930,2.580,0.060,-76.643,-540.790,0.000,1.770,-5.380
137,3,-81.930,-524.720,0.930,2.580,0.060,-71.356,-556.860,0.000,1.770,-5.380
137,3,-81.930,-524.720,0.930,2.580,0.060,-66.069,-572.930,0.000,1.770,-5.380
137,3,-81.930,-524.720,0.930,2.580,0.060,-60.782,-589.000,0.000,1.770,-5.380
138,3,-79.950,-530.830,1.290,3.290,0.360,-74.815,-546.524,0.000,1.780,-5.440
138,3,-79.950,-530.830,1.290,3.290,0.360,-69.679,-562.219,0.000,1.780,-5.440
138,3,-79.950,-530.830,1.290,3.290,0.360,-64.544,-577.913,0.000,1.780,-5.440
138,3,-79.950,-530.830,1.290,3.290,0.360,-59.409,-593.608,0.000,1.780,-5.440
139,3,-78.550,-535.270,0.950,3.150,0.400,-73.088,-552.150,0.000,1.770,-5.470
139,3,-78.550,-535.270,0.950,3.150,0.400,-67.626,-569.031,0.000,1.770,-5.470
139,3,-78.550,-535.270,0.950,3.150,0.400,-62.163,-585.911,0.000,1.770,-5.470
139,3,-78.550,-535.270,0.950,3.150,0.400,-56.701,-602.792,0.000,1.770,-5.470
140,3,-76.800,-541.030,1.560,3.880,0.330,-71.715,-557.122,0.000,1.700,-5.380
140,3,-76.800,-541.030,1.560,3.880,0.330,-66.631,-573.213,0.000,1.700,-5.380
140,3,-76.800,-541.030,1.560,3.880,0.330,-61.546,-589.305,0.000,1.700,-5.380
140,3,-76.800,-541.030,1.560,3.880,0.330,-56.461,-605.396,0.000,1.700,-5.380
141,3,-75.510,-546.140,0.990,3.370,0.320,-70.882,-561.876,0.000,1.550,-5.270
141,3,-75.510,-546.140,0.990,3.370,0.320,-66.253,-577.612,0.000,1.550,-5.270
141,3,-75.510,-546.140,0.990,3.370,0.320,-61.625,-593.349,0.000,1.550,-5.270
141,3,-75.510,-546.140,0.990,3.370,0.320,-56.997,-609.085,0.000,1.550,-5.270
142,3,-73.570,-551.990,1.270,3.160,0.420,-68.859,-567.249,0.000,1.630,-5.280
142,3,-73.570,-551.990,1.270,3.160,0.420,-64.149,-582.508,0.000,1.630,-5.280
142,3,-73.570,-551.990,1.270,3.160,0.420,-59.438,-597.768,0.000,1.630,-5.280
142,3,-73.570,-551.990,1.270,3.160,0.420,-54.727,-613.027,0.000,1.630,-5.280
143,3,-71.940,-556.620,1.760,3.100,0.390,-66.895,-572.261,0.000,1.690,-5.240
143,3,-71.940,-556.620,1.760,3.100,0.390,-61.851,-587.903,0.000,1.690,-5.240
143,3,-71.940,-556.620,1.760,3.100,0.390,-56.806,-603.544,0.000,1.690,-5.240
143,3,-71.940,-556.620,1.760,3.100,0.390,-51.761,-619.186,0.000,1.690,-5.240
144,3,-70.310,-560.910,0.690,3.460,0.100,-64.966,-576.571,0.000,1.730,-5.070
144,3,-70.310,-560.910,0.690,3.460,0.100,-59.622,-592.232,0.000,1.730,-5.070
144,3,-70.310,-560.910,0.690,3.460,0.100,-54.278,-607.894,0.000,1.730,-5.070
144,3,-70.310,-560.910,0.690,3.460,0.100,-48.934,-623.555,0.000,1.730,-5.070
145,3,-68.640,-565.300,0.720,2.200,0.470,-63.004,-581.252,0.000,1.770,-5.010
145,3,-68.640,-565.300,0.720,2.200,0.470,-57.369,-597.204,0.000,1.770,-5.010
145,3,-68.640,-565.300,0.720,2.200,0.470,-51.733,-613.156,0.000,1.770,-5.010
145,3,-68.640,-565.300,0.720,2.200,0.470,-46.097,-629.107,0.000,1.770,-5.010
146,3,-66.000,-571.500,0.810,2.880,0.790,-60.173,-586.679,0.000,1.950,-5.080
146,3,-66.000,-571.500,0.810,2.880,0.790,-54.347,-601.858,0.000,1.950,-5.080
146,3,-66.000,-571.500,0.810,2.880,0.790,-48.520,-617.037,0.000,1.950,-5.080
146,3,-66.000,-571.500,0.810,2.880,0.790,-42.694,-632.216,0.000,1.950,-5.080
147,3,-63.810,-576.130,0.860,2.880,0.710,-57.746,-590.826,0.000,2.030,-4.920
147,3,-63.810,-576.130,0.860,2.880,0.710,-51.683,-605.522,0.000,2.030,-4.920
147,3,-63.810,-576.130,0.860,2.880,0.710,-45.619,-620.218,0.000,2.030,-4.920
147,3,-63.810,-576.130,0.860,2.880,0.710,-39.556,-634.914,0.000,2.030,-4.920
148,3,-61.570,-580.980,1.030,2.990,0.590,-55.289,-595.606,0.000,2.100,-4.890
148,3,-61.570,-580.980,1.030,2.990,0.590,-49.008,-610.232,0.000,2.100,-4.890
148,3,-61.570,-580.980,1.030,2.990,0.590,-42.727,-624.858,0.000,2.100,-4.890
148,3,-61.570,-580.980,1.030,2.990,0.590,-36.446,-639.484,0.000,2.100,-4.890
149,3,-59.530,-585.490,0.590,1.430,0.070,-53.351,-599.669,0.000,2.070,-4.750
149,3,-59.530,-585.490,0.590,1.430,0.070,-47.172,-613.847,0.000,2.070,-4.750
149,3,-59.530,-585.490,0.590,1.430,0.070,-40.993,-628.026,0.000,2.070,-4.750
149,3,-59.530,-585.490,0.590,1.430,0.070,-34.814,-642.205,0.000,2.070,-4.750
150,3,-57.180,-590.420,0.940,3.400,0.530,-51.113,-603.854,0.000,2.100,-4.650
150,3,-57.180,-590.420,0.940,3.400,0.530,-45.046,-617.288,0.000,2.100,-4.650
150,3,-57.180,-590.420,0.940,3.400,0.530,-38.979,-630.722,0.000,2.100,-4.650
150,3,-57.180,-590.420,0.940,3.400,0.530,-32.912,-644.155,0.000,2.100,-4.650
151,3,-55.360,-594.350,0.820,3.450,0.510,-49.175,-608.005,0.000,2.070,-4.570
151,3,-55.360,-594.350,0.820,3.450,0.510,-42.990,-621.660,0.000,2.070,-4.570
151,3,-55.360,-594.350,0.820,3.450,0.510,-36.805,-635.315,0.000,2.070,-4.570
151,3,-55.360,-594.350,0.820,3.450,0.510,-30.619,-648.971,0.000,2.070,-4.570
152,3,-53.660,-598.540,0.610,2.130,0.500,-47.829,-611.816,0.000,1.950,-4.440
152,3,-53.660,-598.540,0.610,2.130,0.500,-41.999,-625.091,0.000,1.950,-4.440
152,3,-53.660,-598.540,0.610,2.130,0.500,-36.168,-638.367,0.000,1.950,-4.440
152,3,-53.660,-598.540,0.610,2.130,0.500,-30.338,-651.642,0.000,1.950,-4.440
153,3,-52.190,-602.300,1.100,1.940,0.150,-46.479,-615.759,0.000,1.850,-4.360
153,3,-52.190,-602.300,1.100,1.940,0.150,-40.768,-629.219,0.000,1.850,-4.360
153,3,-52.190,-602.300,1.100,1.940,0.150,-35.057,-642.678,0.000,1.850,-4.360
153,3,-52.190,-602.300,1.100,1.940,0.150,-29.346,-656.137,0.000,1.850,-4.360
154,3,-50.280,-606.840,0.420,1.540,0.390,-44.505,-620.489,0.000,1.870,-4.420
154,3,-50.280,-606.840,0.420,1.540,0.390,-38.731,-634.138,0.000,1.870,-4.420
154,3,-50.280,-606.840,0.420,1.540,0.390,-32.956,-647.787,0.000,1.870,-4.420
154,3,-50.280,-606.840,0.420,1.540,0.390,-27.182,-661.436,0.000,1.870,-4.420
