9,0,6.840,-725.040,1.150,1.690,0.550,-0.359,-712.553,0.000,-1.470,2.550
10,0,6.660,-723.790,1.100,2.330,0.690,3.223,-714.675,0.000,-0.690,1.830
11,0,5.700,-721.890,1.220,1.530,1.220,0.569,-710.487,0.000,-0.990,2.200
12,0,3.750,-719.670,0.860,1.770,0.520,-4.840,-709.047,0.000,-1.690,2.090
13,0,2.370,-716.740,1.240,2.020,0.470,-4.851,-702.807,0.000,-1.420,2.740
14,0,0.750,-713.650,1.120,1.840,0.470,-6.074,-700.450,0.000,-1.370,2.650
15,0,-1.520,-710.310,0.980,2.240,1.050,-11.237,-696.100,0.000,-1.990,2.910
16,0,-3.740,-707.430,0.680,2.220,0.730,-15.350,-691.933,0.000,-2.330,3.110
17,0,-6.270,-703.750,0.810,3.440,0.590,-18.628,-686.260,0.000,-2.480,3.510
18,0,-8.590,-700.660,1.100,3.050,0.650,-20.497,-684.767,0.000,-2.390,3.190
19,0,-11.200,-697.430,0.970,2.620,0.680,-24.153,-681.189,0.000,-2.600,3.260
20,0,-14.210,-693.300,1.630,3.460,0.620,-27.535,-675.680,0.000,-2.730,3.610
21,0,-16.820,-689.950,1.030,3.180,0.610,-31.019,-671.517,0.000,-2.850,3.700
22,0,-19.590,-686.280,1.700,3.420,0.570,-34.941,-666.100,0.000,-3.020,3.970
23,0,-23.010,-681.970,1.340,2.910,0.780,-38.952,-662.241,0.000,-3.200,3.960
24,0,-24.150,-680.900,1.330,5.240,0.730,-32.490,-671.524,0.000,-1.610,1.810
25,0,-29.770,-674.030,1.260,3.410,0.620,-50.814,-647.954,0.000,-4.140,5.130
26,0,-33.100,-669.760,1.130,3.370,0.700,-49.335,-649.193,0.000,-3.260,4.130
27,0,-35.700,-666.300,1.370,3.550,0.580,-50.844,-646.277,0.000,-2.980,3.940
28,0,-38.700,-662.310,1.050,3.610,0.620,-52.340,-644.041,0.000,-2.740,3.670
29,0,-41.900,-658.560,1.090,3.550,0.750,-55.920,-641.316,0.000,-2.870,3.530
30,0,-42.910,-657.210,1.130,3.710,0.700,-54.245,-642.469,0.000,-2.230,2.900
31,0,-47.450,-652.040,1.480,3.670,0.690,-65.236,-632.112,0.000,-3.570,4.000
32,0,-50.110,-648.530,1.620,3.660,0.530,-64.947,-630.556,0.000,-2.980,3.610
33,0,-52.290,-645.780,1.510,3.800,0.590,-66.753,-627.792,0.000,-2.790,3.470
34,0,-55.480,-641.720,1.000,2.830,0.740,-67.048,-625.964,0.000,-2.320,3.160
35,0,-58.390,-637.870,0.980,2.030,0.780,-71.695,-619.682,0.000,-2.670,3.650
36,0,-61.620,-633.390,1.120,2.440,0.740,-76.666,-612.366,0.000,-3.020,4.220
37,0,-65.410,-628.670,1.080,3.850,0.870,-83.100,-605.997,0.000,-3.550,4.550
38,0,-69.250,-623.720,1.120,2.470,0.680,-88.297,-599.638,0.000,-3.820,4.830
39,0,-73.350,-618.560,1.100,3.470,0.720,-92.983,-593.794,0.000,-3.940,4.970
40,0,-77.570,-613.540,1.400,3.510,0.640,-97.901,-589.073,0.000,-4.080,4.910
41,0,-81.650,-608.640,1.360,3.610,0.680,-101.889,-584.363,0.000,-4.060,4.870
43,0,-89.130,-599.090,0.830,3.830,0.820,-110.412,-572.974,0.000,-4.270,5.240
44,0,-92.770,-594.480,1.090,3.690,0.800,-111.406,-571.060,0.000,-3.740,4.700
45,0,-95.060,-591.100,1.170,1.650,0.610,-109.510,-570.646,0.000,-2.840,4.020
46,0,-98.860,-585.950,1.190,3.210,0.630,-115.164,-562.965,0.000,-3.270,4.610
47,0,-101.720,-582.080,1.350,3.800,0.650,-118.103,-560.303,0.000,-3.220,4.280
48,0,-104.730,-577.530,1.300,3.390,0.630,-118.486,-557.046,0.000,-2.760,4.110
49,0,-107.700,-573.270,0.950,2.220,0.590,-121.683,-553.225,0.000,-2.860,4.100
50,0,-110.100,-569.830,1.390,3.360,0.640,-125.035,-548.392,0.000,-2.940,4.220
51,0,-113.150,-565.570,1.570,3.920,0.670,-127.166,-545.967,0.000,-2.810,3.930
52,0,-115.480,-561.560,1.180,3.750,0.700,-128.904,-540.356,0.000,-2.640,4.170
53,0,-118.540,-556.810,1.460,3.380,0.530,-132.501,-535.370,0.000,-2.800,4.300
54,0,-121.080,-552.470,1.380,3.680,0.500,-133.983,-530.998,0.000,-2.590,4.310
55,0,-123.560,-548.030,1.490,3.450,0.540,-135.975,-525.892,0.000,-2.490,4.440
56,0,-125.460,-543.520,1.450,3.320,0.510,-135.677,-520.594,0.000,-2.050,4.600
57,0,-127.030,-538.890,1.120,2.810,0.340,-135.260,-515.995,0.000,-1.650,4.590
58,0,-128.410,-533.560,1.440,3.570,0.160,-135.487,-507.793,0.000,-1.420,5.170
59,0,-129.780,-528.510,1.140,3.480,0.240,-136.659,-502.987,0.000,-1.380,5.120
60,0,-130.770,-524.480,1.880,5.110,0.220,-137.349,-500.208,0.000,-1.320,4.870
61,0,-132.730,-517.780,1.610,3.670,0.130,-140.491,-490.202,0.000,-1.590,5.650
63,0,-133.950,-509.320,1.550,3.430,0.080,-139.447,-472.344,0.000,-1.060,7.130
64,0,-134.760,-503.270,0.930,3.720,0.230,-138.929,-473.732,0.000,-0.820,5.810
65,0,-135.150,-498.500,1.090,3.230,0.090,-137.438,-473.029,0.000,-0.450,5.010
66,0,-135.720,-493.760,1.670,3.520,0.160,-138.675,-467.114,0.000,-0.570,5.140
68,0,-136.640,-482.410,1.390,3.430,0.140,-138.433,-457.206,0.000,-0.360,5.060
69,0,-136.900,-477.030,0.990,3.680,0.070,-138.100,-449.941,0.000,-0.240,5.420
70,0,-137.390,-471.490,1.200,3.380,0.090,-139.333,-444.283,0.000,-0.390,5.460
71,0,-137.650,-466.290,1.570,2.830,0.010,-138.747,-440.667,0.000,-0.220,5.140
72,0,-137.840,-461.010,1.220,2.500,0.120,-138.139,-434.063,0.000,-0.060,5.410
73,0,-138.070,-456.220,1.240,3.270,0.130,-139.107,-426.625,0.000,-0.200,5.710
74,0,-138.100,-449.730,1.330,3.260,0.130,-138.349,-422.528,0.000,-0.050,5.460
75,0,-137.760,-444.020,3.830,1.570,1.510,-136.686,-418.140,0.000,0.220,5.300
76,0,-137.380,-440.390,1.140,3.040,0.020,-135.307,-413.231,0.000,0.400,5.240
77,0,-136.960,-434.800,3.490,1.730,0.970,-135.565,-411.684,0.000,0.280,4.640
78,0,-136.500,-429.870,1.530,3.660,0.020,-134.557,-405.852,0.000,0.390,4.820
79,0,-136.150,-425.540,3.790,1.540,1.570,-134.408,-403.243,0.000,0.350,4.480
80,0,-135.940,-420.830,3.660,1.410,1.510,-134.894,-398.022,0.000,0.210,4.580
81,0,-135.700,-416.930,1.530,2.210,1.560,-134.703,-397.048,0.000,0.200,3.990
82,0,-135.600,-412.790,0.960,2.530,0.190,-135.002,-392.264,0.000,0.120,4.120
83,0,-135.670,-411.630,0.320,1.870,0.030,-135.873,-400.138,0.000,-0.040,2.260
84,0,-135.710,-408.260,0.490,2.100,0.090,-135.561,-389.677,0.000,0.030,3.730
