1747830128.52,0,-159.95,-265.89,1.42,0.24,0.76,-159.95,-265.89,0.00,-0.22,-6.11 
1747830128.62,0,-160.45,-266.50,1.49,0.30,0.24,-160.45,-266.50,0.00,-1.16,-6.11 
1747830128.62,0,-160.56,-267.11,0.98,0.66,0.24,-160.56,-267.11,0.00,-1.16,-6.11 
1747830128.82,0,-160.22,-267.56,1.90,0.07,0.30,-160.22,-267.56,0.00,-0.34,-5.82 
1747830129.22,0,-158.87,-269.08,1.90,0.11,1.07,-158.87,-269.08,0.00,1.25,-4.95 
1747830129.32,0,-158.42,-269.39,1.87,0.15,0.32,-158.42,-269.39,0.00,1.80,-4.66 
1747830129.42,0,-158.29,-269.75,1.74,0.31,0.99,-158.29,-269.75,0.00,1.70,-4.43 
1747830129.52,0,-157.97,-270.18,1.39,0.19,0.33,-157.97,-270.18,0.00,2.01,-4.41 
1747830129.62,0,-157.70,-270.40,1.44,0.24,0.37,-157.70,-270.40,0.00,2.18,-3.92 
1747830129.72,0,-157.40,-270.80,1.44,0.32,0.30,-157.40,-270.80,0.00,2.35,-3.93 
1747830129.92,0,-157.11,-271.75,1.26,0.27,0.32,-157.11,-271.75,0.00,2.02,-4.22 
1747830130.12,0,-156.76,-272.70,1.11,0.23,0.25,-156.76,-272.70,0.00,1.94,-4.40 
1747830130.22,0,-156.74,-273.06,0.96,0.53,1.27,-156.74,-273.06,0.00,1.63,-4.26 
1747830130.52,0,-156.34,-274.24,1.50,0.36,0.35,-156.34,-274.24,0.00,1.51,-4.12 
1747830131.62,0,-155.24,-279.22,1.26,0.24,0.46,-155.24,-279.22,0.00,1.09,-4.41 
1747830131.72,0,-154.99,-279.64,1.15,0.05,0.36,-154.99,-279.64,0.00,1.39,-4.35 
1747830131.92,0,-154.63,-280.52,0.79,0.05,0.35,-154.63,-280.52,0.00,1.62,-4.37 
1747830132.02,0,-154.46,-280.94,0.82,0.06,0.40,-154.46,-280.94,0.00,1.62,-4.33 
1747830132.12,0,-154.42,-281.16,0.84,0.07,0.50,-154.42,-281.16,0.00,1.33,-3.83 
1747830132.52,0,-154.01,-282.86,0.89,0.09,0.67,-154.01,-282.86,0.00,1.17,-4.04 
1747830132.62,0,-153.94,-283.15,0.91,0.11,0.37,-153.94,-283.15,0.00,1.10,-3.85 
1747830132.72,0,-153.55,-283.45,0.96,0.13,0.67,-153.55,-283.45,0.00,1.68,-3.67 
1747830133.02,0,-153.31,-284.72,0.94,0.22,1.38,-153.31,-284.72,0.00,1.26,-3.95 
1747830133.12,0,-153.22,-285.26,1.15,0.29,0.48,-153.22,-285.26,0.00,1.18,-4.23 
1747830133.62,0,-152.74,-287.04,1.18,0.37,0.85,-152.74,-287.04,0.00,1.07,-3.88 
1747830133.82,0,-152.77,-288.09,1.55,0.25,0.60,-152.77,-288.09,0.00,0.61,-4.40 
1747830134.02,0,-152.58,-289.03,1.16,0.16,0.39,-152.58,-289.03,0.00,0.74,-4.51 
1747830134.12,0,-152.23,-289.49,1.21,0.20,0.60,-152.23,-289.49,0.00,1.30,-4.53 
1747830134.92,0,-150.65,-292.41,1.26,0.25,0.40,-150.65,-292.41,0.00,1.57,-4.18 
1747830135.02,0,-150.63,-292.85,1.09,0.51,1.44,-150.63,-292.85,0.00,1.22,-4.24 
1747830135.12,0,-150.34,-293.31,1.32,0.25,0.52,-150.34,-293.31,0.00,1.79,-4.36 
1747830135.22,0,-149.71,-294.25,1.30,0.42,0.78,-149.71,-294.25,0.00,3.22,-5.94 
1747830135.32,0,-149.55,-295.08,1.32,0.57,0.48,-149.55,-295.08,0.00,2.75,-6.61 
1747830135.52,0,-149.24,-295.83,1.29,0.87,0.78,-149.24,-295.83,0.00,2.32,-5.48 
1747830135.72,0,-149.04,-296.58,1.26,1.25,0.87,-149.04,-296.58,0.00,1.91,-4.91 
1747830136.02,0,-149.04,-297.26,1.15,1.62,0.79,-149.04,-297.26,0.00,1.03,-3.73 
1747830136.12,0,-148.63,-297.86,1.21,1.98,0.71,-148.63,-297.86,0.00,1.58,-4.14 
1747830136.22,0,-148.61,-297.97,2.04,1.97,0.67,-148.61,-297.97,0.00,1.33,-3.59 
1747830136.32,0,-148.63,-298.30,2.13,1.97,1.55,-148.63,-298.30,0.00,1.06,-3.54 
1747830136.42,0,-148.55,-298.66,1.94,1.29,1.52,-148.55,-298.66,0.00,1.02,-3.54 
1747830136.52,0,-148.28,-299.34,1.88,1.84,0.33,-148.28,-299.34,0.00,1.31,-4.14 
1747830136.62,0,-147.93,-299.92,1.90,2.26,0.58,-147.93,-299.92,0.00,1.70,-4.43 
1747830136.72,0,-147.70,-300.55,0.96,3.33,0.49,-147.70,-300.55,0.00,1.82,-4.77 
1747830136.82,0,-147.35,-301.06,1.32,3.58,0.84,-147.35,-301.06,0.00,2.12,-4.82 
1747830137.02,0,-146.99,-301.95,1.75,3.61,0.29,-146.99,-301.95,0.00,2.01,-4.71 
1747830137.12,0,-146.85,-301.98,2.21,2.24,0.55,-146.85,-301.98,0.00,1.90,-3.95 
1747830137.22,0,-146.67,-302.24,1.55,1.66,0.90,-146.67,-302.24,0.00,1.90,-3.69 
1747830137.32,0,-146.30,-302.74,1.15,3.51,0.70,-146.30,-302.74,0.00,2.23,-3.93 
1747830137.42,0,-146.00,-303.13,1.11,2.76,0.92,-146.00,-303.13,0.00,2.36,-3.94 
1747830137.62,0,-145.45,-303.91,1.08,2.66,0.92,-145.45,-303.91,0.00,2.49,-3.92 
1747830137.92,0,-145.07,-304.91,1.50,3.20,1.07,-145.07,-304.91,0.00,2.03,-3.74 
1747830138.02,0,-144.92,-305.12,1.07,1.91,1.57,-144.92,-305.12,0.00,1.94,-3.44 
1747830138.32,0,-144.27,-306.47,1.25,2.66,1.07,-144.27,-306.47,0.00,2.04,-3.89 
1747830138.42,0,-144.34,-306.66,1.85,0.84,0.36,-144.34,-306.66,0.00,1.57,-3.54 
1747830138.62,0,-144.03,-307.34,1.44,1.12,0.59,-144.03,-307.34,0.00,1.56,-3.50 
1747830138.82,0,-143.96,-308.12,1.62,0.14,0.33,-143.96,-308.12,0.00,1.14,-3.63 
1747830139.12,0,-143.88,-309.45,1.62,0.21,0.99,-143.88,-309.45,0.00,0.76,-3.98 
1747830139.22,0,-143.58,-309.86,1.68,0.26,0.63,-143.58,-309.86,0.00,1.16,-4.00 
1747830139.32,0,-143.48,-310.38,1.41,0.44,0.66,-143.48,-310.38,0.00,1.12,-4.24 
1747830139.62,0,-142.92,-311.58,1.46,0.14,0.44,-142.92,-311.58,0.00,1.46,-4.12 
1747830139.72,0,-142.74,-311.92,1.46,0.19,0.54,-142.74,-311.92,0.00,1.52,-4.01 
1747830139.92,0,-142.34,-312.85,1.49,0.25,0.73,-142.34,-312.85,0.00,1.69,-4.22 
1747830140.02,0,-142.15,-313.37,1.41,0.39,0.95,-142.15,-313.37,0.00,1.74,-4.41 
1747830140.12,0,-141.96,-313.70,1.48,0.48,0.44,-141.96,-313.70,0.00,1.76,-4.20 
1747830140.22,0,-141.81,-314.08,1.50,0.60,0.21,-141.81,-314.08,0.00,1.72,-4.13 
1747830140.72,0,-141.41,-316.81,1.69,0.66,1.14,-141.41,-316.81,0.00,1.32,-4.72 
1747830140.82,0,-141.37,-317.33,1.84,0.74,1.10,-141.37,-317.33,0.00,1.15,-4.79 
1747830140.92,0,-141.19,-317.84,1.95,1.22,1.01,-141.19,-317.84,0.00,1.30,-4.87 
1747830141.02,0,-141.03,-318.24,2.51,1.02,1.00,-141.03,-318.24,0.00,1.37,-4.66 
1747830141.12,0,-140.80,-318.49,2.50,0.69,0.73,-140.80,-318.49,0.00,1.59,-4.15 
1747830141.52,0,-140.21,-320.26,1.54,0.47,0.47,-140.21,-320.26,0.00,1.53,-4.29 
1747830141.62,0,-140.07,-320.57,2.01,0.48,0.71,-140.07,-320.57,0.00,1.51,-4.08 
1747830142.02,0,-140.04,-322.62,2.42,0.69,0.48,-140.04,-322.62,0.00,0.73,-4.66 
1747830142.12,0,-140.33,-323.41,2.86,1.13,0.88,-140.33,-323.41,0.00,0.06,-5.24 
1747830142.22,0,-140.44,-323.94,2.45,1.24,0.93,-140.44,-323.94,0.00,-0.18,-5.24 
1747830142.32,0,-140.44,-324.55,2.10,1.32,0.58,-140.44,-324.55,0.00,-0.13,-5.44 
1747830142.62,0,-140.39,-326.12,2.40,1.15,0.58,-140.39,-326.12,0.00,0.01,-5.34 
1747830142.82,0,-140.45,-327.37,2.80,1.23,1.30,-140.45,-327.37,0.00,-0.09,-5.65 
1747830143.02,0,-140.32,-328.16,2.95,1.29,0.67,-140.32,-328.16,0.00,0.16,-5.08 
1747830143.32,0,-140.34,-329.39,2.78,1.26,0.87,-140.34,-329.39,0.00,0.07,-4.64 
1747830143.42,0,-140.33,-329.82,2.59,1.09,0.61,-140.33,-329.82,0.00,0.06,-4.59 
1747830143.52,0,-140.29,-330.32,2.55,1.26,0.51,-140.29,-330.32,0.00,0.13,-4.67 
1747830143.62,0,-140.45,-331.16,3.02,1.31,1.38,-140.45,-331.16,0.00,-0.22,-5.42 
1747830143.72,0,-140.43,-331.75,4.05,1.73,1.20,-140.43,-331.75,0.00,-0.12,-5.53 
1747830143.82,0,-140.36,-332.06,3.34,1.45,0.56,-140.36,-332.06,0.00,0.03,-5.04 
1747830143.92,0,-140.21,-332.39,2.47,1.27,0.21,-140.21,-332.39,0.00,0.31,-4.70 
1747830144.22,0,-140.84,-333.52,1.40,0.69,0.01,-140.84,-333.52,0.00,-0.79,-4.26 
1747830144.52,0,-141.53,-335.59,1.72,0.73,1.25,-141.53,-335.59,0.00,-1.42,-5.36 
1747830144.72,0,-142.09,-336.41,1.85,0.87,0.42,-142.09,-336.41,0.00,-1.88,-4.95 
1747830145.12,0,-142.95,-338.62,2.05,0.99,1.10,-142.95,-338.62,0.00,-2.02,-5.23 
1747830145.22,0,-143.27,-338.90,2.31,1.10,0.55,-143.27,-338.90,0.00,-2.23,-4.81 
1747830145.32,0,-143.64,-339.34,2.60,1.24,0.92,-143.64,-339.34,0.00,-2.52,-4.71 
1747830145.42,0,-143.91,-339.72,2.98,1.35,0.91,-143.91,-339.72,0.00,-2.55,-4.52 
1747830145.62,0,-144.52,-340.39,3.33,1.95,0.30,-144.52,-340.39,0.00,-2.75,-4.07 
1747830145.72,0,-144.75,-340.86,3.53,1.96,0.99,-144.75,-340.86,0.00,-2.66,-4.19 
1747830145.82,0,-145.18,-341.15,3.77,2.21,0.32,-145.18,-341.15,0.00,-2.98,-3.94 
1747830145.92,0,-145.55,-341.55,3.95,1.56,0.31,-145.55,-341.55,0.00,-3.11,-3.96 
1747830146.12,0,-146.26,-342.40,4.45,1.69,0.87,-146.26,-342.40,0.00,-3.26,-4.05 
1747830146.32,0,-147.05,-343.50,4.14,1.72,0.86,-147.05,-343.50,0.00,-3.49,-4.52 
1747830146.62,0,-148.28,-344.78,3.94,1.77,0.59,-148.28,-344.78,0.00,-3.74,-4.41 
1747830146.72,0,-148.62,-344.93,3.99,2.35,0.18,-148.62,-344.93,0.00,-3.69,-3.92 
1747830147.12,0,-149.99,-346.41,4.61,1.53,0.50,-149.99,-346.41,0.00,-3.56,-3.81 
1747830147.52,0,-151.79,-347.48,3.91,3.01,0.36,-151.79,-347.48,0.00,-4.05,-3.21 
1747830147.62,0,-151.63,-347.52,8.26,1.65,0.45,-151.63,-347.52,0.00,-3.02,-2.69 
1747830147.72,0,-151.84,-347.73,7.29,1.70,0.43,-151.84,-347.73,0.00,-2.83,-2.57 
1747830147.92,0,-152.92,-348.45,5.59,1.60,0.33,-152.92,-348.45,0.00,-3.87,-2.97 
1747830148.52,0,-156.63,-349.84,5.13,1.78,0.19,-156.63,-349.84,0.00,-5.00,-2.65 
1747830148.72,0,-157.79,-350.15,4.50,1.85,0.12,-157.79,-350.15,0.00,-5.31,-2.20 
1747830148.92,0,-158.89,-350.35,4.65,1.82,0.07,-158.89,-350.35,0.00,-5.40,-1.71 
1747830149.02,0,-159.22,-350.27,4.40,2.65,1.33,-159.22,-350.27,0.00,-4.95,-1.17 
1747830149.12,0,-159.68,-350.47,2.47,4.71,1.37,-159.68,-350.47,0.00,-4.89,-1.34 
1747830149.22,0,-159.75,-350.53,8.75,1.77,0.06,-159.75,-350.53,0.00,-4.01,-1.19 
1747830149.42,0,-160.29,-350.69,8.04,1.82,0.04,-160.29,-350.69,0.00,-3.55,-1.05 
1747830149.82,0,-162.20,-350.90,1.72,7.80,1.46,-162.20,-350.90,0.00,-4.12,-0.81 
1747830149.92,0,-163.36,-350.92,5.99,2.80,0.20,-163.36,-350.92,0.00,-5.40,-0.70 
1747830150.02,0,-164.25,-350.70,2.66,5.83,1.36,-164.25,-350.70,0.00,-6.12,-0.10 
1747830150.22,0,-165.50,-350.60,4.55,2.93,0.20,-165.50,-350.60,0.00,-6.16,0.14 
1747830150.32,0,-165.47,-350.74,1.83,9.24,1.37,-165.47,-350.74,0.00,-4.88,-0.17 
1747830150.62,0,-166.74,-350.62,2.16,8.17,1.26,-166.74,-350.62,0.00,-4.60,0.09 
1747830150.92,0,-168.21,-350.19,2.69,7.73,1.13,-168.21,-350.19,0.00,-4.73,0.68 
1747830151.22,0,-168.42,-349.56,3.06,12.07,1.53,-168.42,-349.56,0.00,-2.91,1.31 
1747830151.42,0,-170.90,-348.92,2.55,7.27,1.05,-170.90,-348.92,0.00,-6.17,1.96 
1747830151.52,0,-171.57,-348.93,2.22,7.83,1.00,-171.57,-348.93,0.00,-6.26,1.57 
1747830151.62,0,-172.07,-348.80,2.30,8.15,0.95,-172.07,-348.80,0.00,-6.01,1.53 
1747830151.72,0,-172.60,-348.64,2.53,7.66,0.89,-172.60,-348.64,0.00,-5.88,1.53 
1747830152.12,0,-175.29,-347.37,1.89,5.35,0.86,-175.29,-347.37,0.00,-6.28,2.31 
1747830152.32,0,-175.77,-347.14,2.06,6.07,0.77,-175.77,-347.14,0.00,-4.92,1.92 
1747830152.42,0,-176.43,-346.62,3.04,5.22,1.18,-176.43,-346.62,0.00,-5.26,2.54 
1747830152.82,0,-177.79,-345.69,2.01,8.36,0.73,-177.79,-345.69,0.00,-4.29,2.44 
1747830153.02,0,-178.79,-344.41,2.85,5.73,0.65,-178.79,-344.41,0.00,-4.55,3.83 
1747830153.12,0,-179.22,-343.73,2.82,5.25,0.59,-179.22,-343.73,0.00,-4.49,4.41 
1747830153.22,0,-179.61,-343.24,2.59,4.74,0.59,-179.61,-343.24,0.00,-4.37,4.51 
1747830153.32,0,-180.09,-342.78,1.66,4.67,0.56,-180.09,-342.78,0.00,-4.47,4.52 
1747830153.42,0,-179.26,-343.23,1.76,5.61,1.01,-179.26,-343.23,0.00,-1.88,2.70 
1747830153.52,0,-179.60,-343.03,2.08,5.96,0.95,-179.60,-343.03,0.00,-2.18,2.55 
1747830153.72,0,-180.25,-342.38,2.74,7.77,0.89,-180.25,-342.38,0.00,-2.53,2.79 
1747830153.82,0,-179.71,-342.52,2.83,9.43,0.96,-179.71,-342.52,0.00,-1.13,2.06 
1747830153.92,0,-180.55,-341.64,5.21,7.89,0.09,-180.55,-341.64,0.00,-2.46,3.27 
1747830154.02,0,-181.00,-341.10,2.44,8.96,0.77,-181.00,-341.10,0.00,-2.83,3.66 
1747830154.12,0,-181.42,-340.59,2.83,8.37,0.36,-181.42,-340.59,0.00,-3.08,3.93 
1747830154.22,0,-181.80,-340.06,2.67,7.78,0.37,-181.80,-340.06,0.00,-3.21,4.19 
1747830154.32,0,-182.39,-339.12,2.47,6.89,0.30,-182.39,-339.12,0.00,-3.69,5.13 
1747830154.52,0,-183.32,-337.60,1.72,6.10,0.29,-183.32,-337.60,0.00,-4.00,5.93 
1747830154.82,0,-184.36,-335.54,1.94,4.15,0.22,-184.36,-335.54,0.00,-3.78,6.32 
1747830155.02,0,-184.60,-334.57,2.25,4.41,0.19,-184.60,-334.57,0.00,-2.93,5.82 
1747830155.12,0,-184.67,-334.59,2.31,5.41,0.11,-184.67,-334.59,0.00,-2.52,4.73 
1747830155.22,0,-184.61,-334.37,2.49,6.17,0.21,-184.61,-334.37,0.00,-1.91,4.23 
1747830155.42,0,-184.82,-333.73,2.62,7.68,0.17,-184.82,-333.73,0.00,-1.61,3.87 
1747830155.52,0,-185.12,-332.90,2.57,5.93,0.53,-185.12,-332.90,0.00,-1.87,4.68 
1747830155.62,0,-185.18,-332.70,2.33,8.73,0.16,-185.18,-332.70,0.00,-1.64,4.19 
1747830155.72,0,-185.25,-332.45,2.23,8.36,0.45,-185.25,-332.45,0.00,-1.45,3.87 
1747830155.82,0,-185.39,-332.07,1.93,7.60,0.20,-185.39,-332.07,0.00,-1.45,3.84 
1747830155.92,0,-185.41,-331.81,2.30,7.88,0.08,-185.41,-331.81,0.00,-1.22,3.63 
1747830155.92,1,-182.78,-344.50,0.11,2.85,0.41,-182.78,-344.50,0.00,-6.15,5.66 
1747830156.02,0,-185.50,-331.27,2.31,8.00,0.11,-185.50,-331.27,0.00,-1.16,3.94 
1747830156.02,1,-183.40,-343.93,0.15,2.90,0.41,-183.40,-343.93,0.00,-6.15,5.66 
1747830156.12,0,-185.81,-330.34,2.09,6.58,0.13,-185.81,-330.34,0.00,-1.50,4.91 
1747830156.12,1,-184.01,-343.37,0.19,2.96,0.41,-184.01,-343.37,0.00,-6.15,5.66 
1747830156.22,0,-185.84,-329.85,2.74,7.55,0.42,-185.84,-329.85,0.00,-1.29,4.90 
1747830156.22,1,-184.63,-342.80,0.25,3.03,0.41,-184.63,-342.80,0.00,-6.15,5.66 
1747830156.52,0,-186.09,-328.29,7.90,2.84,1.56,-186.09,-328.29,0.00,-1.11,5.03 
1747830156.52,1,-186.47,-341.10,0.31,3.11,0.41,-186.47,-341.10,0.00,-6.15,5.66 
1747830156.92,0,-186.24,-324.72,1.94,4.54,0.00,-186.24,-324.72,0.00,-0.75,6.93 
1747830156.92,1,-188.93,-338.83,0.38,3.20,0.41,-188.93,-338.83,0.00,-6.15,5.66 
1747830157.02,0,-186.49,-324.09,2.51,4.63,0.34,-186.49,-324.09,0.00,-1.05,6.82 
1747830157.02,1,-189.54,-338.27,0.59,3.48,0.41,-189.54,-338.27,0.00,-6.15,5.66 
1747830157.12,0,-186.42,-323.56,3.83,1.99,1.12,-186.42,-323.56,0.00,-0.69,6.51 
1747830157.12,1,-190.16,-337.70,0.59,3.48,0.41,-190.16,-337.70,0.00,-6.15,5.66 
1747830157.22,0,-186.57,-322.81,1.58,4.11,0.15,-186.57,-322.81,0.00,-0.88,6.73 
1747830157.22,1,-190.77,-337.14,0.59,3.48,0.41,-190.77,-337.14,0.00,-6.15,5.66 
1747830157.42,0,-186.53,-321.73,3.55,1.81,1.26,-186.53,-321.73,0.00,-0.46,6.22 
1747830157.42,1,-192.00,-336.00,0.59,3.48,0.41,-192.00,-336.00,0.00,-6.15,5.66 
1747830157.52,0,-186.70,-321.87,3.19,3.24,0.09,-186.70,-321.87,0.00,-0.69,4.75 
1747830157.52,1,-192.61,-335.44,0.59,3.48,0.41,-192.61,-335.44,0.00,-6.15,5.66 
1747830157.72,0,-186.73,-320.56,1.35,5.16,0.03,-186.73,-320.56,0.00,-0.50,5.37 
1747830157.72,1,-193.84,-334.30,0.59,3.48,0.41,-193.84,-334.30,0.00,-6.15,5.66 
1747830157.82,0,-186.85,-319.84,4.33,1.73,1.50,-186.85,-319.84,0.00,-0.64,5.69 
1747830157.82,1,-194.46,-333.74,0.59,3.48,0.41,-194.46,-333.74,0.00,-6.15,5.66 
1747830157.92,0,-186.85,-319.13,4.33,1.74,1.45,-186.85,-319.13,0.00,-0.51,5.95 
1747830157.92,1,-195.07,-333.17,0.59,3.48,0.41,-195.07,-333.17,0.00,-6.15,5.66 
1747830158.02,0,-186.91,-318.69,4.67,1.74,1.36,-186.91,-318.69,0.00,-0.54,5.67 
1747830158.02,1,-195.69,-332.60,0.59,3.48,0.41,-195.69,-332.60,0.00,-6.15,5.66 
1747830158.62,0,-186.96,-316.13,3.39,1.71,1.05,-186.96,-316.13,0.00,-0.36,5.12 
1747830158.62,1,-199.38,-329.21,0.59,3.48,0.41,-199.38,-329.21,0.00,-6.15,5.66 
1747830158.82,0,-187.04,-314.85,4.69,1.60,1.46,-187.04,-314.85,0.00,-0.38,5.64 
1747830158.82,1,-200.60,-328.08,0.59,3.48,0.41,-200.60,-328.08,0.00,-6.15,5.66 
1747830158.92,0,-187.03,-314.16,4.58,1.52,1.46,-187.03,-314.16,0.00,-0.26,5.94 
1747830158.92,1,-201.22,-327.51,0.59,3.48,0.41,-201.22,-327.51,0.00,-6.15,5.66 
1747830159.02,0,-187.08,-313.47,4.02,1.82,1.56,-187.08,-313.47,0.00,-0.32,6.16 
1747830159.02,1,-201.83,-326.94,0.59,3.48,0.41,-201.83,-326.94,0.00,-6.15,5.66 
1747830159.32,0,-187.07,-311.86,4.71,1.57,1.43,-187.07,-311.86,0.00,-0.14,5.77 
1747830159.32,1,-203.68,-325.24,0.59,3.48,0.41,-203.68,-325.24,0.00,-6.15,5.66 
1747830159.42,0,-187.24,-311.46,1.97,4.82,0.00,-187.24,-311.46,0.00,-0.43,5.44 
1747830159.42,1,-204.29,-324.67,0.59,3.48,0.41,-204.29,-324.67,0.00,-6.15,5.66 
1747830159.62,0,-187.19,-310.52,4.09,2.92,1.34,-187.19,-310.52,0.00,-0.18,5.18 
1747830159.62,1,-205.52,-323.54,0.59,3.48,0.41,-205.52,-323.54,0.00,-6.15,5.66 
1747830159.72,0,-187.25,-310.34,2.79,2.95,0.57,-187.25,-310.34,0.00,-0.26,4.54 
1747830159.72,1,-206.14,-322.98,0.59,3.48,0.41,-206.14,-322.98,0.00,-6.15,5.66 
1747830160.12,0,-187.42,-307.88,1.45,4.44,0.05,-187.42,-307.88,0.00,-0.34,5.31 
1747830160.22,0,-187.53,-307.87,2.09,1.55,0.31,-187.53,-307.87,0.00,-0.47,4.41 
1747830160.42,0,-187.61,-306.95,2.15,1.63,1.57,-187.61,-306.95,0.00,-0.45,4.49 
1747830160.52,0,-187.63,-306.68,2.82,1.45,1.12,-187.63,-306.68,0.00,-0.40,4.13 
1747830160.72,0,-187.63,-305.68,2.81,0.96,1.12,-187.63,-305.68,0.00,-0.26,4.45 
1747830160.92,0,-187.83,-304.98,2.40,1.26,1.29,-187.83,-304.98,0.00,-0.50,4.12 
1747830161.12,0,-188.11,-303.39,2.36,1.76,0.45,-188.11,-303.39,0.00,-0.80,5.39 
1747830161.22,0,-188.17,-303.03,2.42,1.20,0.97,-188.17,-303.03,0.00,-0.76,5.07 
1747830161.32,0,-188.24,-302.66,1.45,1.81,1.45,-188.24,-302.66,0.00,-0.76,4.81 
1747830161.52,0,-188.38,-301.63,1.62,2.21,0.18,-188.38,-301.63,0.00,-0.74,4.94 
1747830161.62,0,-188.39,-301.15,1.65,2.21,0.17,-188.39,-301.15,0.00,-0.62,4.91 
1747830162.12,0,-188.63,-298.92,1.58,2.09,0.31,-188.63,-298.92,0.00,-0.56,4.70 
1747830162.52,0,-188.36,-296.54,2.30,1.53,1.55,-188.36,-296.54,0.00,0.15,5.43 
1747830162.62,0,-188.40,-296.01,1.71,1.33,0.01,-188.40,-296.01,0.00,0.04,5.39 
1747830162.72,0,-188.49,-295.61,1.81,2.32,0.00,-188.49,-295.61,0.00,-0.16,5.08 
1747830162.82,0,-188.64,-295.02,1.99,3.10,0.12,-188.64,-295.02,0.00,-0.48,5.27 
1747830163.02,0,-188.88,-294.25,1.94,2.46,0.28,-188.88,-294.25,0.00,-0.75,4.72 
1747830163.22,0,-189.01,-293.62,1.77,3.12,0.27,-189.01,-293.62,0.00,-0.71,4.17 
1747830163.62,0,-188.96,-291.32,1.98,3.09,0.12,-188.96,-291.32,0.00,-0.32,4.92 
1747830163.92,0,-188.69,-290.06,2.55,1.55,1.07,-188.69,-290.06,0.00,0.25,4.58 
1747830164.12,0,-188.93,-288.97,1.61,2.06,1.56,-188.93,-288.97,0.00,-0.27,4.90 
1747830164.82,0,-189.27,-285.80,1.69,2.22,0.10,-189.27,-285.80,0.00,-0.37,4.72 
1747830165.52,0,-189.40,-282.48,1.13,1.88,1.52,-189.40,-282.48,0.00,-0.24,4.75 
1747830165.62,0,-189.43,-281.87,1.54,2.20,0.02,-189.43,-281.87,0.00,-0.25,5.04 
1747830165.92,0,-190.05,-280.14,2.06,2.25,0.22,-190.05,-280.14,0.00,-1.41,5.49 
1747830166.02,0,-190.10,-279.82,1.81,3.18,0.27,-190.10,-279.82,0.00,-1.21,5.00 
1747830166.12,0,-189.88,-279.60,2.19,1.43,0.35,-189.88,-279.60,0.00,-0.45,4.38 
1747830166.32,0,-190.06,-278.64,1.65,2.90,0.22,-190.06,-278.64,0.00,-0.62,4.54 
1747830166.62,0,-189.88,-277.69,1.73,1.50,0.58,-189.88,-277.69,0.00,-0.09,3.94 
1747830166.92,0,-189.45,-276.34,1.37,0.28,0.24,-189.45,-276.34,0.00,0.58,4.18 
1747830167.02,0,-189.67,-275.94,1.24,0.25,0.17,-189.67,-275.94,0.00,0.10,4.14 
1747830167.12,0,-189.93,-275.47,1.26,0.33,0.57,-189.93,-275.47,0.00,-0.43,4.26 
1747830167.22,0,-190.02,-275.06,1.16,0.30,0.33,-190.02,-275.06,0.00,-0.54,4.22 
1747830167.42,0,-189.75,-274.08,1.27,0.35,0.16,-189.75,-274.08,0.00,0.14,4.48 
1747830167.62,0,-189.99,-272.61,1.29,0.45,0.04,-189.99,-272.61,0.00,-0.31,5.44 
1747830167.82,0,-190.31,-271.44,1.32,0.58,0.23,-190.31,-271.44,0.00,-0.73,5.58 
1747830167.92,0,-190.46,-270.78,1.34,0.78,0.15,-190.46,-270.78,0.00,-0.87,5.75 
1747830168.02,0,-190.61,-270.28,1.40,0.98,0.30,-190.61,-270.28,0.00,-0.99,5.62 
1747830168.12,0,-190.76,-269.74,1.44,1.25,0.15,-190.76,-269.74,0.00,-1.07,5.57 
1747830168.32,0,-191.01,-268.87,1.50,1.57,0.48,-191.01,-268.87,0.00,-1.14,5.16 
1747830168.42,0,-190.91,-268.50,1.61,1.87,0.20,-190.91,-268.50,0.00,-0.76,4.91 
1747830168.52,0,-190.93,-267.88,1.68,2.25,0.32,-190.93,-267.88,0.00,-0.65,5.14 
1747830168.82,0,-190.68,-266.85,1.72,2.79,0.48,-190.68,-266.85,0.00,-0.03,4.42 
1747830168.92,0,-190.37,-266.27,2.49,3.46,0.32,-190.37,-266.27,0.00,0.51,4.65 
1747830169.12,0,-190.46,-265.18,1.98,3.90,0.52,-190.46,-265.18,0.00,0.16,4.94 
1747830169.32,0,-190.59,-264.17,1.88,3.69,0.34,-190.59,-264.17,0.00,-0.12,4.97 
1747830169.62,0,-190.89,-263.11,2.97,3.18,1.06,-190.89,-263.11,0.00,-0.50,4.36 
1747830169.92,0,-191.24,-261.80,1.93,2.83,0.18,-191.24,-261.80,0.00,-0.79,4.36 
1747830170.32,0,-191.88,-260.07,2.37,3.78,0.73,-191.88,-260.07,0.00,-1.19,4.34 
1747830170.62,0,-192.34,-258.60,1.71,3.74,0.26,-192.34,-258.60,0.00,-1.36,4.60 
1747830170.72,0,-192.49,-258.12,1.72,3.57,0.30,-192.49,-258.12,0.00,-1.39,4.65 
1747830170.82,0,-192.52,-257.71,1.96,3.63,0.31,-192.52,-257.71,0.00,-1.17,4.54 
1747830170.92,0,-192.45,-257.22,2.28,3.39,0.16,-192.45,-257.22,0.00,-0.77,4.60 
1747830171.12,0,-192.30,-256.21,2.47,2.84,0.26,-192.30,-256.21,0.00,-0.20,4.77 
1747830171.22,0,-192.10,-256.00,2.35,4.36,0.12,-192.10,-256.00,0.00,0.21,4.27 
1747830171.42,0,-192.14,-254.96,1.79,2.81,0.24,-192.14,-254.96,0.00,0.08,4.58 
1747830171.52,0,-192.22,-254.66,2.16,3.91,0.28,-192.22,-254.66,0.00,-0.09,4.29 
1747830171.82,0,-192.56,-253.12,2.19,4.30,0.19,-192.56,-253.12,0.00,-0.53,4.67 
1747830171.92,0,-192.80,-252.92,3.64,2.83,1.20,-192.80,-252.92,0.00,-0.85,4.20 
1747830172.12,0,-193.06,-251.86,1.86,3.10,0.25,-193.06,-251.86,0.00,-1.02,4.59 
1747830172.52,0,-193.15,-250.38,1.84,3.82,0.20,-193.15,-250.38,0.00,-0.62,4.16 
1747830172.62,0,-193.03,-250.00,2.10,3.57,0.12,-193.03,-250.00,0.00,-0.32,4.10 
1747830173.22,0,-193.38,-247.46,1.76,3.32,0.17,-193.38,-247.46,0.00,-0.46,4.17 
1747830173.32,0,-193.59,-246.97,2.04,3.48,0.20,-193.59,-246.97,0.00,-0.78,4.31 
1747830173.52,0,-193.78,-246.01,1.81,3.34,0.17,-193.78,-246.01,0.00,-0.86,4.54 
1747830173.82,0,-193.89,-244.56,2.96,2.73,1.24,-193.89,-244.56,0.00,-0.61,4.69 
1747830174.02,0,-194.06,-243.64,1.87,2.25,0.27,-194.06,-243.64,0.00,-0.69,4.65 
1747830174.12,0,-194.23,-243.13,1.94,3.80,0.16,-194.23,-243.13,0.00,-0.88,4.75 
1747830174.22,0,-194.30,-242.75,1.74,3.53,0.14,-194.30,-242.75,0.00,-0.86,4.55 
1747830174.32,0,-194.42,-242.34,1.81,3.18,0.24,-194.42,-242.34,0.00,-0.91,4.47 
1747830174.42,0,-194.54,-241.90,3.06,2.77,1.04,-194.54,-241.90,0.00,-0.97,4.47 
1747830174.52,0,-194.63,-241.38,3.13,2.85,1.26,-194.63,-241.38,0.00,-0.97,4.60 
1747830174.72,0,-194.65,-240.19,4.78,3.04,1.18,-194.65,-240.19,0.00,-0.67,5.05 
1747830174.82,0,-194.62,-239.72,2.76,2.88,1.07,-194.62,-239.72,0.00,-0.50,4.97 
1747830175.02,0,-194.65,-238.95,1.79,3.38,0.20,-194.65,-238.95,0.00,-0.38,4.61 
1747830175.12,0,-194.60,-238.47,2.01,3.08,0.16,-194.60,-238.47,0.00,-0.22,4.64 
1747830175.32,0,-194.68,-237.58,1.80,2.94,0.19,-194.68,-237.58,0.00,-0.28,4.59 
1747830175.42,0,-194.74,-237.15,1.90,2.97,0.17,-194.74,-237.15,0.00,-0.34,4.53 
1747830175.62,0,-194.67,-236.25,2.10,3.29,1.12,-194.67,-236.25,0.00,-0.11,4.52 
1747830176.12,0,-194.99,-233.54,2.34,2.90,0.10,-194.99,-233.54,0.00,-0.36,4.94 
1747830176.32,0,-195.36,-232.41,2.00,2.60,0.18,-195.36,-232.41,0.00,-0.90,5.20 
1747830176.42,0,-195.53,-231.85,1.87,3.07,0.20,-195.53,-231.85,0.00,-1.09,5.28 
1747830176.52,0,-195.77,-231.20,2.06,3.78,0.22,-195.77,-231.20,0.00,-1.38,5.55 
1747830176.72,0,-196.01,-229.98,1.78,3.31,0.17,-196.01,-229.98,0.00,-1.31,5.77 
1747830176.82,0,-196.00,-229.73,1.89,3.04,0.13,-196.00,-229.73,0.00,-1.03,5.15 
1747830177.12,0,-196.16,-228.25,1.87,2.17,0.22,-196.16,-228.25,0.00,-0.81,5.04 
1747830177.22,0,-196.29,-227.55,1.68,3.03,0.28,-196.29,-227.55,0.00,-0.90,5.38 
1747830177.52,0,-196.49,-226.01,1.70,2.17,0.18,-196.49,-226.01,0.00,-0.79,5.27 
1747830177.62,0,-196.53,-225.53,1.59,2.09,0.21,-196.53,-225.53,0.00,-0.73,5.20 
1747830178.02,0,-196.69,-223.25,1.76,2.41,0.18,-196.69,-223.25,0.00,-0.56,5.45 
1747830178.32,0,-196.81,-221.78,2.77,1.62,0.26,-196.81,-221.78,0.00,-0.48,5.18 
1747830178.42,0,-196.61,-221.32,2.09,1.50,0.04,-196.61,-221.32,0.00,-0.03,5.07 
1747830178.52,0,-196.57,-220.79,1.74,1.38,0.21,-196.57,-220.79,0.00,0.07,5.13 
1747830178.72,0,-196.81,-219.80,2.14,1.38,0.13,-196.81,-219.80,0.00,-0.41,5.07 
1747830178.82,0,-197.08,-219.18,2.10,2.39,0.12,-197.08,-219.18,0.00,-0.86,5.28 
1747830178.92,0,-197.30,-218.52,1.86,2.71,0.14,-197.30,-218.52,0.00,-1.11,5.54 
1747830179.12,0,-197.46,-217.51,1.72,1.94,1.46,-197.46,-217.51,0.00,-1.00,5.38 
1747830179.42,0,-197.69,-215.97,1.73,1.82,1.43,-197.69,-215.97,0.00,-0.91,5.27 
1747830179.52,0,-197.71,-215.40,1.58,1.90,1.51,-197.71,-215.40,0.00,-0.78,5.33 
1747830179.62,0,-197.83,-214.82,1.56,2.01,0.08,-197.83,-214.82,0.00,-0.86,5.43 
1747830179.82,0,-198.02,-213.64,1.41,2.12,0.51,-198.02,-213.64,0.00,-0.90,5.61 
1747830180.02,0,-198.15,-212.43,1.45,2.05,0.47,-198.15,-212.43,0.00,-0.81,5.76 
1747830180.12,0,-198.19,-211.73,1.86,2.62,0.29,-198.19,-211.73,0.00,-0.73,5.98 
1747830180.42,0,-198.35,-210.22,1.57,1.84,0.07,-198.35,-210.22,0.00,-0.64,5.56 
1747830180.52,0,-198.38,-209.62,1.70,2.25,0.06,-198.38,-209.62,0.00,-0.58,5.65 
1747830180.82,0,-198.61,-207.65,1.69,3.29,0.16,-198.61,-207.65,0.00,-0.67,6.06 
1747830180.92,0,-198.69,-207.01,1.62,2.77,0.22,-198.69,-207.01,0.00,-0.69,6.13 
1747830181.12,0,-198.73,-205.79,1.84,2.79,0.15,-198.73,-205.79,0.00,-0.52,6.12 
1747830181.32,0,-198.71,-204.67,1.88,2.92,0.17,-198.71,-204.67,0.00,-0.30,5.94 
1747830181.52,0,-198.76,-203.79,2.60,1.64,1.54,-198.76,-203.79,0.00,-0.29,5.42 
1747830181.62,0,-198.79,-203.43,1.64,2.60,0.01,-198.79,-203.43,0.00,-0.28,5.10 
1747830181.72,0,-198.81,-202.62,1.68,4.74,0.01,-198.81,-202.62,0.00,-0.26,5.66 
1747830181.92,0,-199.13,-201.69,3.97,2.24,0.24,-199.13,-201.69,0.00,-0.72,5.31 
1747830182.02,0,-199.09,-201.20,2.13,2.46,0.03,-199.09,-201.20,0.00,-0.52,5.24 
1747830182.22,0,-199.16,-199.84,2.30,2.85,0.39,-199.16,-199.84,0.00,-0.47,5.76 
1747830182.32,0,-199.17,-198.98,4.78,1.80,1.56,-199.17,-198.98,0.00,-0.40,6.27 
1747830182.42,0,-199.19,-198.49,1.80,3.00,0.01,-199.19,-198.49,0.00,-0.36,6.02 
1747830182.52,0,-199.18,-197.66,4.58,1.76,1.52,-199.18,-197.66,0.00,-0.27,6.44 
1747830182.72,0,-198.96,-196.73,4.80,2.14,1.06,-198.96,-196.73,0.00,0.19,5.85 
1747830182.82,0,-198.98,-195.91,2.53,4.44,0.30,-198.98,-195.91,0.00,0.11,6.25 
1747830183.22,0,-198.80,-193.26,4.85,1.76,1.37,-198.80,-193.26,0.00,0.26,6.43 
1747830183.32,0,-198.95,-192.98,2.25,3.63,0.01,-198.95,-192.98,0.00,-0.03,5.80 
1747830183.42,0,-198.88,-192.57,2.84,1.84,0.85,-198.88,-192.57,0.00,0.12,5.46 
1747830183.62,0,-198.61,-190.88,5.10,1.80,1.31,-198.61,-190.88,0.00,0.59,6.61 
1747830183.82,0,-198.43,-189.44,4.78,1.72,1.49,-198.43,-189.44,0.00,0.70,6.83 
1747830183.92,0,-198.26,-188.87,2.56,1.75,1.34,-198.26,-188.87,0.00,0.89,6.61 
1747830184.12,0,-197.90,-187.77,3.10,1.84,0.89,-197.90,-187.77,0.00,1.20,6.23 
1747830184.32,0,-197.26,-186.64,3.57,2.03,0.90,-197.26,-186.64,0.00,1.86,6.03 
1747830184.42,0,-196.73,-185.87,3.97,2.25,0.98,-196.73,-185.87,0.00,2.47,6.33 
1747830184.72,0,-196.45,-184.23,4.61,2.43,0.91,-196.45,-184.23,0.00,1.80,5.97 
1747830184.82,0,-196.28,-183.40,4.65,2.14,0.82,-196.28,-183.40,0.00,1.79,6.38 
1747830184.92,0,-196.18,-182.48,4.66,2.21,0.96,-196.18,-182.48,0.00,1.64,6.92 
1747830185.02,0,-196.05,-181.64,4.54,1.92,1.07,-196.05,-181.64,0.00,1.58,7.23 
1747830185.42,0,-195.11,-179.09,4.61,2.08,0.98,-195.11,-179.09,0.00,1.94,6.81 
1747830185.52,0,-194.67,-178.55,4.51,2.58,0.90,-194.67,-178.55,0.00,2.36,6.57 
1747830185.62,0,-194.15,-178.03,4.75,2.98,0.91,-194.15,-178.03,0.00,2.94,6.27 
1747830185.82,0,-193.30,-176.87,4.66,2.02,0.81,-193.30,-176.87,0.00,3.45,6.10 
1747830185.92,0,-192.76,-176.34,4.54,2.31,0.66,-192.76,-176.34,0.00,3.83,5.93 
1747830186.02,0,-192.27,-175.80,4.74,2.22,0.71,-192.27,-175.80,0.00,4.04,5.82 
1747830186.22,0,-191.49,-174.69,5.01,2.03,0.74,-191.49,-174.69,0.00,3.99,5.74 
1747830186.42,0,-190.88,-173.58,4.49,2.90,1.10,-190.88,-173.58,0.00,3.70,5.69 
1747830186.52,0,-190.37,-173.08,4.76,2.62,0.49,-190.37,-173.08,0.00,3.94,5.56 
1747830186.72,0,-189.37,-172.27,4.41,3.10,0.61,-189.37,-172.27,0.00,4.30,5.06 
1747830187.02,0,-187.89,-170.91,4.88,2.58,0.54,-187.89,-170.91,0.00,4.57,4.83 
1747830187.12,0,-187.43,-170.44,4.74,2.22,0.50,-187.43,-170.44,0.00,4.56,4.80 
1747830187.22,0,-186.99,-170.04,4.68,2.69,0.40,-186.99,-170.04,0.00,4.54,4.65 
1747830187.32,0,-187.33,-169.74,6.38,2.57,0.25,-187.33,-169.74,0.00,2.94,4.32 
1747830187.42,0,-186.55,-169.37,6.21,3.23,0.32,-186.55,-169.37,0.00,3.93,4.21 
1747830187.52,0,-186.50,-169.27,10.29,2.90,0.30,-186.50,-169.27,0.00,3.24,3.57 
1747830187.82,0,-185.44,-168.65,8.83,2.94,0.28,-185.44,-168.65,0.00,3.37,2.94 
1747830187.92,0,-184.05,-168.16,7.70,2.07,0.16,-184.05,-168.16,0.00,5.17,3.27 
1747830188.02,0,-183.72,-167.94,9.56,2.31,0.18,-183.72,-167.94,0.00,4.82,3.06 
1747830188.12,0,-183.33,-167.73,9.67,2.35,0.17,-183.33,-167.73,0.00,4.64,2.87 
1747830188.22,0,-182.88,-167.54,9.14,2.68,0.13,-182.88,-167.54,0.00,4.62,2.68 
1747830188.32,0,-182.45,-167.21,2.88,9.12,1.50,-182.45,-167.21,0.00,4.55,2.80 
1747830188.42,0,-181.60,-166.95,2.70,8.40,1.48,-181.60,-166.95,0.00,5.29,2.77 
1747830188.82,0,-178.28,-166.29,2.50,7.08,1.43,-178.28,-166.29,0.00,6.62,2.27 
1747830188.92,0,-177.68,-166.22,3.40,7.32,1.28,-177.68,-166.22,0.00,6.50,2.01 
1747830189.32,0,-175.17,-165.93,2.88,6.84,1.18,-175.17,-165.93,0.00,6.39,1.32 
1747830189.52,0,-173.44,-165.83,2.60,5.83,0.94,-173.44,-165.83,0.00,7.19,1.02 
1747830189.62,0,-172.98,-165.95,3.23,6.85,1.10,-172.98,-165.95,0.00,6.68,0.59 
1747830189.72,0,-172.08,-166.22,2.46,5.76,1.21,-172.08,-166.22,0.00,7.17,-0.10 
1747830189.92,0,-171.01,-166.22,2.46,7.06,0.97,-171.01,-166.22,0.00,6.48,-0.06 
1747830190.02,0,-170.45,-166.35,2.73,6.38,0.95,-170.45,-166.35,0.00,6.32,-0.30 
1747830190.12,0,-170.05,-166.33,2.14,8.34,0.96,-170.05,-166.33,0.00,5.89,-0.21 
1747830190.32,0,-168.94,-166.61,2.92,7.26,0.82,-168.94,-166.61,0.00,5.77,-0.61 
1747830190.42,0,-168.29,-166.87,2.13,6.74,0.82,-168.29,-166.87,0.00,5.90,-0.96 
1747830190.52,0,-167.72,-167.04,2.22,7.09,0.73,-167.72,-167.04,0.00,5.86,-1.09 
1747830190.82,0,-166.10,-167.72,2.26,7.21,0.70,-166.10,-167.72,0.00,5.67,-1.58 
1747830191.02,0,-164.91,-168.68,2.26,6.55,0.76,-164.91,-168.68,0.00,5.77,-2.66 
1747830191.32,0,-163.38,-169.70,2.05,6.53,0.48,-163.38,-169.70,0.00,5.46,-2.99 
1747830191.42,0,-162.86,-170.42,2.05,5.86,0.60,-162.86,-170.42,0.00,5.41,-3.73 
1747830191.52,0,-162.38,-170.67,2.04,6.70,0.26,-162.38,-170.67,0.00,5.30,-3.49 
1747830191.62,0,-162.13,-170.82,2.16,7.82,0.41,-162.13,-170.82,0.00,4.74,-3.09 
1747830191.72,0,-161.77,-171.15,2.04,6.64,0.35,-161.77,-171.15,0.00,4.51,-3.13 
1747830191.82,0,-161.46,-171.41,1.99,7.40,0.33,-161.46,-171.41,0.00,4.22,-3.03 
1747830191.92,0,-161.03,-172.21,2.14,6.63,0.44,-161.03,-172.21,0.00,4.24,-3.98 
1747830192.02,0,-160.68,-172.60,1.88,6.59,0.22,-160.68,-172.60,0.00,4.11,-3.97 
1747830192.52,0,-159.15,-174.52,2.14,6.91,0.06,-159.15,-174.52,0.00,3.67,-3.91 
1747830192.62,0,-158.97,-175.26,7.15,2.13,1.56,-158.97,-175.26,0.00,3.35,-4.51 
1747830193.02,0,-158.54,-177.72,2.59,6.55,0.00,-158.54,-177.72,0.00,1.99,-5.48 
1747830193.12,0,-158.57,-179.03,2.74,4.98,0.12,-158.57,-179.03,0.00,1.56,-6.92 
1747830193.22,0,-158.38,-179.87,4.22,2.67,1.20,-158.38,-179.87,0.00,1.63,-7.24 
1747830193.72,0,-158.18,-182.68,5.27,2.57,1.56,-158.18,-182.68,0.00,0.97,-6.36 
1747830193.92,0,-158.20,-183.82,4.89,2.55,1.51,-158.20,-183.82,0.00,0.56,-6.11 
1747830194.12,0,-158.12,-185.13,4.67,2.06,1.52,-158.12,-185.13,0.00,0.50,-6.28 
1747830194.22,0,-158.24,-185.67,4.56,3.03,1.53,-158.24,-185.67,0.00,0.16,-6.12 
1747830194.42,0,-158.24,-186.36,7.82,2.66,1.47,-158.24,-186.36,0.00,0.10,-5.14 
1747830194.52,0,-158.13,-187.23,3.39,4.53,0.63,-158.13,-187.23,0.00,0.29,-5.81 
1747830194.62,0,-158.21,-187.85,4.79,2.75,1.40,-158.21,-187.85,0.00,0.09,-5.87 
1747830194.72,0,-158.19,-187.91,9.16,2.77,1.42,-158.19,-187.91,0.00,0.10,-4.88 
1747830194.82,0,-158.30,-188.14,8.41,3.58,1.41,-158.30,-188.14,0.00,-0.13,-4.40 
1747830194.92,0,-158.37,-188.60,2.63,7.46,0.21,-158.37,-188.60,0.00,-0.23,-4.44 
1747830195.62,0,-158.51,-193.87,5.13,1.85,1.35,-158.51,-193.87,0.00,-0.22,-5.46 
1747830195.72,0,-158.68,-193.82,5.85,2.02,1.33,-158.68,-193.82,0.00,-0.52,-4.23 
1747830196.12,0,-159.22,-196.96,5.54,2.15,1.26,-159.22,-196.96,0.00,-1.09,-6.71 
1747830196.32,0,-159.18,-198.63,4.72,2.03,1.43,-159.18,-198.63,0.00,-0.61,-7.32 
1747830196.62,0,-159.35,-200.57,5.01,1.73,1.26,-159.35,-200.57,0.00,-0.59,-6.92 
1747830196.82,0,-159.27,-201.95,2.32,4.35,0.16,-159.27,-201.95,0.00,-0.24,-6.92 
1747830196.92,0,-159.42,-202.43,2.74,2.07,1.47,-159.42,-202.43,0.00,-0.48,-6.52 
1747830197.12,0,-159.76,-203.89,4.92,2.21,1.37,-159.76,-203.89,0.00,-0.92,-6.80 
1747830197.22,0,-159.86,-204.61,4.61,1.77,1.39,-159.86,-204.61,0.00,-0.93,-6.87 
1747830197.32,0,-159.96,-205.12,2.69,1.72,1.45,-159.96,-205.12,0.00,-0.94,-6.52 
1747830197.52,0,-160.41,-206.54,3.21,1.79,1.17,-160.41,-206.54,0.00,-1.39,-6.72 
1747830198.12,0,-161.39,-210.44,2.23,1.71,1.43,-161.39,-210.44,0.00,-1.49,-6.63 
1747830198.32,0,-161.04,-211.49,2.27,2.50,0.61,-161.04,-211.49,0.00,-0.17,-6.07 
1747830198.52,0,-161.05,-212.57,2.66,1.50,0.83,-161.05,-212.57,0.00,-0.13,-5.80 
1747830198.72,0,-161.39,-214.54,3.08,1.60,1.48,-161.39,-214.54,0.00,-0.72,-7.33 
1747830198.82,0,-161.32,-215.45,3.90,2.05,1.51,-161.32,-215.45,0.00,-0.44,-7.67 
1747830198.92,0,-161.34,-216.30,3.59,1.81,1.49,-161.34,-216.30,0.00,-0.39,-7.82 
1747830199.12,0,-161.70,-217.23,3.44,2.93,0.86,-161.70,-217.23,0.00,-0.89,-6.73 
1747830199.32,0,-162.25,-218.49,1.65,2.43,0.09,-162.25,-218.49,0.00,-1.51,-6.58 
1747830199.52,0,-162.39,-219.51,1.81,1.44,1.04,-162.39,-219.51,0.00,-1.23,-6.09 
1747830199.62,0,-162.34,-219.96,1.29,1.47,0.31,-162.34,-219.96,0.00,-0.93,-5.83 
1747830199.82,0,-161.87,-221.36,1.63,1.48,0.29,-161.87,-221.36,0.00,0.17,-6.22 
1747830200.02,0,-161.47,-222.83,2.58,1.69,0.90,-161.47,-222.83,0.00,0.78,-6.60 
1747830200.32,0,-162.07,-224.54,1.08,3.83,1.25,-162.07,-224.54,0.00,-0.40,-6.22 
1747830200.42,0,-162.32,-225.41,1.36,3.81,0.58,-162.32,-225.41,0.00,-0.76,-6.64 
1747830200.72,0,-163.01,-227.53,0.98,2.44,1.52,-163.01,-227.53,0.00,-1.47,-6.82 
1747830200.92,0,-163.20,-228.94,1.32,2.39,0.66,-163.20,-228.94,0.00,-1.30,-6.89 
1747830201.42,0,-163.35,-232.34,1.59,2.53,0.98,-163.35,-232.34,0.00,-0.79,-6.87 
1747830201.92,0,-163.82,-236.14,1.99,3.80,0.14,-163.82,-236.14,0.00,-0.88,-7.30 
1747830202.12,0,-163.81,-237.39,1.93,3.90,0.02,-163.81,-237.39,0.00,-0.51,-6.88 
1747830202.52,0,-164.42,-240.08,3.86,1.81,1.42,-164.42,-240.08,0.00,-1.10,-6.79 
1747830202.72,0,-164.63,-241.54,1.32,3.31,0.41,-164.63,-241.54,0.00,-1.08,-6.98 
1747830202.92,0,-165.08,-242.90,1.98,3.78,0.06,-165.08,-242.90,0.00,-1.50,-6.92 
1747830203.02,0,-165.33,-243.29,1.31,2.28,1.24,-165.33,-243.29,0.00,-1.69,-6.33 
1747830203.12,0,-165.56,-244.12,1.41,2.69,0.16,-165.56,-244.12,0.00,-1.82,-6.71 
1747830203.22,0,-165.75,-244.96,3.93,1.64,1.37,-165.75,-244.96,0.00,-1.84,-7.05 
1747830203.82,0,-165.77,-249.09,2.16,3.76,0.24,-165.77,-249.09,0.00,-1.08,-6.98 
1747830204.02,0,-165.76,-250.05,2.47,2.11,1.43,-165.76,-250.05,0.00,-0.62,-6.09 
1747830204.22,0,-165.53,-251.62,2.00,3.29,0.20,-165.53,-251.62,0.00,0.12,-6.84 
1747830204.62,0,-165.46,-254.19,1.74,1.77,0.00,-165.46,-254.19,0.00,0.15,-6.61 
1747830204.72,0,-165.12,-255.02,1.79,2.17,0.39,-165.12,-255.02,0.00,0.72,-6.90 
1747830204.92,0,-165.29,-256.32,2.21,1.90,0.11,-165.29,-256.32,0.00,0.11,-6.75 
1747830205.02,0,-165.73,-256.61,1.72,3.03,0.82,-165.73,-256.61,0.00,-0.81,-5.96 
1747830205.12,0,-166.08,-257.46,2.46,4.06,0.20,-166.08,-257.46,0.00,-1.35,-6.49 
1747830205.22,0,-166.33,-257.83,1.83,3.65,0.92,-166.33,-257.83,0.00,-1.59,-5.93 
1747830205.32,0,-166.51,-258.69,1.73,4.16,0.15,-166.51,-258.69,0.00,-1.63,-6.45 
1747830205.42,0,-166.56,-259.09,2.73,1.92,0.81,-166.56,-259.09,0.00,-1.40,-5.97 
1747830205.62,0,-166.33,-260.56,2.79,2.37,0.06,-166.33,-260.56,0.00,-0.56,-6.44 
1747830205.72,0,-166.14,-261.45,2.24,4.24,0.19,-166.14,-261.45,0.00,-0.13,-6.87 
1747830205.92,0,-166.31,-262.28,1.80,2.98,0.24,-166.31,-262.28,0.00,-0.37,-5.98 
1747830206.02,0,-166.24,-262.97,1.96,2.16,0.19,-166.24,-262.97,0.00,-0.17,-6.15 
1747830206.22,0,-166.38,-263.97,2.02,1.53,0.14,-166.38,-263.97,0.00,-0.36,-5.75 
1747830206.32,0,-166.72,-264.60,2.38,1.97,1.00,-166.72,-264.60,0.00,-0.89,-5.84 
1747830206.42,0,-166.99,-265.12,2.25,1.24,0.16,-166.99,-265.12,0.00,-1.23,-5.72 
1747830206.52,0,-167.00,-265.62,2.01,1.45,0.52,-167.00,-265.62,0.00,-1.02,-5.59 
1747830206.62,0,-166.73,-266.40,2.06,1.87,0.61,-166.73,-266.40,0.00,-0.32,-6.00 
1747830206.92,0,-166.96,-268.30,2.06,0.77,0.30,-166.96,-268.30,0.00,-0.51,-6.15 
1747830207.02,0,-166.93,-268.83,1.97,0.98,0.14,-166.93,-268.83,0.00,-0.38,-5.99 
1747830207.22,0,-166.82,-270.43,1.95,1.38,0.21,-166.82,-270.43,0.00,-0.04,-6.71 
1747830207.42,0,-167.19,-271.33,1.59,2.66,0.64,-167.19,-271.33,0.00,-0.67,-5.95 
1747830207.52,0,-167.15,-272.34,1.68,4.50,0.29,-167.15,-272.34,0.00,-0.47,-6.69 
1747830207.62,0,-167.14,-273.18,1.79,3.93,0.17,-167.14,-273.18,0.00,-0.36,-7.01 
1747830207.72,0,-167.16,-273.76,1.80,4.32,0.27,-167.16,-273.76,0.00,-0.33,-6.78 
1747830207.82,0,-167.33,-274.42,2.17,3.00,0.01,-167.33,-274.42,0.00,-0.60,-6.75 
1747830207.92,0,-167.31,-274.90,2.28,0.86,0.31,-167.31,-274.90,0.00,-0.44,-6.39 
1747830208.02,0,-167.25,-275.29,2.20,1.40,0.10,-167.25,-275.29,0.00,-0.25,-5.94 
1747830208.12,0,-167.15,-275.75,2.21,0.93,0.22,-167.15,-275.75,0.00,-0.02,-5.69 
1747830208.32,0,-167.38,-276.79,2.23,1.11,0.39,-167.38,-276.79,0.00,-0.38,-5.54 
1747830208.52,0,-167.74,-277.90,2.29,0.75,0.25,-167.74,-277.90,0.00,-0.85,-5.54 
1747830208.92,0,-167.43,-280.12,2.27,0.95,0.31,-167.43,-280.12,0.00,-0.09,-5.54 
1747830209.42,0,-167.99,-282.80,2.00,0.85,0.12,-167.99,-282.80,0.00,-0.66,-5.44 
1747830209.52,0,-168.13,-283.41,2.10,1.03,1.00,-168.13,-283.41,0.00,-0.79,-5.57 
1747830209.62,0,-167.87,-284.31,2.13,1.37,0.18,-167.87,-284.31,0.00,0.02,-6.38 
1747830209.92,0,-168.21,-286.60,2.46,1.76,1.47,-168.21,-286.60,0.00,-0.62,-7.06 
1747830210.02,0,-168.25,-287.11,3.14,1.60,1.55,-168.25,-287.11,0.00,-0.56,-6.68 
1747830210.12,0,-168.29,-287.69,3.14,1.82,1.52,-168.29,-287.69,0.00,-0.54,-6.49 
1747830210.22,0,-168.22,-288.17,3.26,1.81,1.48,-168.22,-288.17,0.00,-0.27,-6.15 
1747830210.42,0,-168.34,-288.88,1.72,2.07,0.09,-168.34,-288.88,0.00,-0.40,-5.24 
1747830210.92,0,-168.54,-291.82,3.02,1.65,1.54,-168.54,-291.82,0.00,-0.39,-5.54 
1747830211.62,0,-168.62,-295.23,2.79,1.49,1.55,-168.62,-295.23,0.00,-0.23,-5.15 
1747830211.72,0,-168.76,-295.40,1.50,3.33,0.07,-168.76,-295.40,0.00,-0.49,-4.38 
1747830211.92,0,-168.84,-296.26,1.67,0.81,0.10,-168.84,-296.26,0.00,-0.45,-4.35 
1747830212.12,0,-168.92,-297.28,1.66,1.14,0.12,-168.92,-297.28,0.00,-0.42,-4.66 
1747830212.42,0,-169.07,-299.02,2.01,0.99,1.00,-169.07,-299.02,0.00,-0.47,-5.20 
1747830212.52,0,-169.03,-299.21,1.41,1.81,1.52,-169.03,-299.21,0.00,-0.30,-4.61 
1747830212.62,0,-169.21,-299.67,2.32,1.48,0.91,-169.21,-299.67,0.00,-0.60,-4.62 
1747830212.72,0,-169.13,-300.18,1.28,1.91,1.45,-169.13,-300.18,0.00,-0.32,-4.71 
1747830212.82,0,-168.97,-300.74,1.49,2.34,1.12,-168.97,-300.74,0.00,0.07,-4.88 
1747830212.92,0,-168.84,-301.40,1.03,2.65,0.81,-168.84,-301.40,0.00,0.31,-5.23 
1747830213.12,0,-168.90,-302.62,1.88,1.83,1.47,-168.90,-302.62,0.00,0.11,-5.53 
1747830213.22,0,-168.91,-303.05,1.65,1.77,0.23,-168.91,-303.05,0.00,0.07,-5.30 
1747830213.32,0,-168.93,-303.36,1.67,1.64,0.19,-168.93,-303.36,0.00,0.01,-4.90 
1747830213.62,0,-169.22,-304.83,1.69,2.06,0.24,-169.22,-304.83,0.00,-0.40,-4.90 
1747830213.92,0,-169.44,-306.07,1.45,1.11,0.16,-169.44,-306.07,0.00,-0.54,-4.56 
1747830214.02,0,-169.40,-306.44,1.81,0.93,0.32,-169.40,-306.44,0.00,-0.37,-4.41 
1747830214.12,0,-169.39,-307.04,1.72,1.46,0.17,-169.39,-307.04,0.00,-0.28,-4.73 
1747830214.22,0,-169.29,-307.58,0.96,2.87,0.95,-169.29,-307.58,0.00,-0.03,-4.85 
1747830214.62,0,-169.26,-309.87,1.59,3.24,0.16,-169.26,-309.87,0.00,0.02,-5.28 
1747830214.72,0,-169.34,-310.32,1.62,3.09,0.22,-169.34,-310.32,0.00,-0.12,-5.15 
1747830214.92,0,-169.31,-311.28,1.39,2.10,0.96,-169.31,-311.28,0.00,-0.02,-5.00 
1747830215.02,0,-169.32,-311.45,1.75,2.47,1.05,-169.32,-311.45,0.00,-0.03,-4.34 
1747830215.62,0,-169.21,-313.84,1.65,0.37,0.30,-169.21,-313.84,0.00,0.07,-4.17 
1747830215.82,0,-169.35,-314.54,1.60,0.71,0.18,-169.35,-314.54,0.00,-0.25,-3.91 
1747830215.92,0,-169.29,-314.97,1.75,0.82,0.26,-169.29,-314.97,0.00,-0.04,-3.99 
1747830216.02,0,-169.17,-315.56,1.37,1.49,0.36,-169.17,-315.56,0.00,0.26,-4.45 
1747830216.12,0,-169.18,-315.91,1.11,1.53,0.25,-169.18,-315.91,0.00,0.17,-4.24 
1747830216.22,0,-169.09,-316.26,1.93,0.84,0.28,-169.09,-316.26,0.00,0.33,-4.06 
1747830216.42,0,-169.05,-317.38,1.80,1.26,0.24,-169.05,-317.38,0.00,0.28,-4.62 
1747830216.52,0,-168.87,-317.80,2.08,1.91,0.44,-168.87,-317.80,0.00,0.56,-4.55 
1747830216.62,0,-168.80,-318.11,1.93,1.12,0.20,-168.80,-318.11,0.00,0.59,-4.28 
1747830216.72,0,-168.66,-318.54,1.93,0.90,0.44,-168.66,-318.54,0.00,0.73,-4.27 
1747830217.22,0,-167.97,-321.15,1.89,1.28,0.45,-167.97,-321.15,0.00,1.01,-4.68 
1747830217.32,0,-167.89,-321.82,1.86,1.71,0.28,-167.89,-321.82,0.00,0.98,-5.03 
1747830217.52,0,-167.58,-322.72,1.48,3.22,0.86,-167.58,-322.72,0.00,1.22,-4.81 
1747830217.62,0,-167.53,-323.14,1.50,2.89,0.31,-167.53,-323.14,0.00,1.07,-4.68 
1747830217.92,0,-167.32,-324.11,1.29,2.35,1.43,-167.32,-324.11,0.00,0.90,-4.00 
1747830218.32,0,-167.65,-326.32,1.46,2.59,0.59,-167.65,-326.32,0.00,0.03,-4.75 
1747830218.42,0,-167.65,-326.87,1.65,3.49,0.71,-167.65,-326.87,0.00,0.03,-4.89 
1747830218.52,0,-167.85,-327.33,2.05,4.56,0.62,-167.85,-327.33,0.00,-0.39,-4.82 
1747830218.62,0,-167.68,-327.86,1.39,3.66,0.75,-167.68,-327.86,0.00,0.07,-4.93 
1747830218.72,0,-167.48,-328.45,2.16,3.62,0.32,-167.48,-328.45,0.00,0.49,-5.15 
1747830218.82,0,-167.08,-328.83,3.02,3.25,0.43,-167.08,-328.83,0.00,1.22,-4.87 
1747830219.11,0,-166.08,-329.72,2.63,2.57,0.26,-166.08,-329.72,0.00,2.16,-4.03 
1747830219.21,0,-165.77,-329.67,3.01,1.08,1.30,-165.77,-329.67,0.00,2.32,-3.26 
1747830219.51,0,-165.54,-330.80,2.11,2.38,1.50,-165.54,-330.80,0.00,1.62,-3.47 
1747830219.62,0,-165.27,-331.30,1.75,3.17,0.46,-165.27,-331.30,0.00,1.81,-3.74 
1747830219.72,0,-165.23,-331.79,1.95,2.08,0.27,-165.23,-331.79,0.00,1.52,-3.97 
1747830219.92,0,-165.22,-332.86,2.42,3.15,0.34,-165.22,-332.86,0.00,0.99,-4.47 
1747830220.12,0,-165.67,-333.56,2.70,1.74,0.28,-165.67,-333.56,0.00,-0.11,-4.13 
1747830220.22,0,-165.72,-334.24,1.98,3.25,0.30,-165.72,-334.24,0.00,-0.18,-4.61 
1747830220.42,0,-165.74,-335.25,2.02,1.66,0.10,-165.74,-335.25,0.00,-0.15,-4.77 
1747830220.52,0,-165.74,-335.78,1.78,2.68,0.26,-165.74,-335.78,0.00,-0.12,-4.87 
1747830220.72,0,-165.63,-336.71,2.02,2.09,0.25,-165.63,-336.71,0.00,0.11,-4.78 
1747830220.81,0,-165.45,-337.07,1.76,2.19,0.43,-165.45,-337.07,0.00,0.41,-4.57 
1747830221.01,0,-164.82,-337.81,2.92,2.62,0.35,-164.82,-337.81,0.00,1.32,-4.29 
1747830221.11,0,-164.24,-337.93,2.94,2.59,0.34,-164.24,-337.93,0.00,2.12,-3.74 
1747830221.21,0,-163.62,-338.17,3.22,2.21,0.36,-163.62,-338.17,0.00,2.87,-3.49 
1747830221.31,0,-162.92,-338.41,2.82,3.04,0.54,-162.92,-338.41,0.00,3.66,-3.30 
1747830221.72,0,-162.44,-340.83,3.20,4.35,0.34,-162.44,-340.83,0.00,2.56,-4.51 
1747830221.82,0,-162.91,-341.61,2.75,2.85,0.75,-162.91,-341.61,0.00,1.31,-5.07 
1747830221.92,0,-162.98,-342.33,2.43,3.95,0.36,-162.98,-342.33,0.00,0.90,-5.50 
1747830222.02,0,-162.84,-342.64,1.83,2.34,1.27,-162.84,-342.64,0.00,1.01,-4.97 
1747830222.12,0,-162.35,-343.13,1.93,2.75,0.59,-162.35,-343.13,0.00,1.84,-4.97 
1747830222.22,0,-162.06,-343.16,2.37,3.12,0.49,-162.06,-343.16,0.00,2.07,-4.00 
1747830222.41,0,-161.53,-343.59,2.31,2.23,0.75,-161.53,-343.59,0.00,2.27,-3.38 
1747830222.51,0,-161.30,-344.02,1.78,2.05,0.45,-161.30,-344.02,0.00,2.28,-3.54 
1747830222.61,0,-161.20,-344.19,1.92,1.49,0.72,-161.20,-344.19,0.00,2.04,-3.21 
1747830222.71,0,-160.91,-344.69,1.51,2.24,0.43,-160.91,-344.69,0.00,2.21,-3.53 
1747830223.12,0,-160.20,-346.12,2.13,0.70,0.92,-160.20,-346.12,0.00,2.01,-3.55 
1747830223.52,0,-159.57,-347.97,2.09,0.98,0.48,-159.57,-347.97,0.00,1.79,-4.12 
1747830223.62,0,-159.40,-348.48,1.66,2.32,0.50,-159.40,-348.48,0.00,1.77,-4.29 
1747830223.82,0,-159.00,-349.25,1.72,1.52,0.28,-159.00,-349.25,0.00,1.85,-4.11 
1747830223.92,0,-158.99,-350.21,1.77,1.94,0.22,-158.99,-350.21,0.00,1.50,-5.24 
1747830224.02,0,-158.95,-350.58,1.54,2.46,0.62,-158.95,-350.58,0.00,1.28,-4.93 
1747830224.22,0,-158.77,-351.94,1.61,2.92,0.19,-158.77,-351.94,0.00,1.13,-5.59 
1747830224.42,0,-158.69,-353.13,1.91,1.39,0.55,-158.69,-353.13,0.00,0.90,-5.71 
1747830224.72,0,-157.96,-353.91,2.06,1.63,0.58,-157.96,-353.91,0.00,1.55,-4.38 
1747830224.91,0,-157.11,-354.85,2.08,2.09,0.46,-157.11,-354.85,0.00,2.44,-4.49 
1747830225.01,0,-156.71,-354.84,2.45,2.50,0.70,-156.71,-354.84,0.00,2.73,-3.66 
1747830225.11,0,-156.24,-355.01,2.63,1.30,0.65,-156.24,-355.01,0.00,3.11,-3.28 
1747830225.21,0,-155.95,-355.28,1.68,2.47,0.46,-155.95,-355.28,0.00,3.08,-3.17 
1747830225.52,0,-155.67,-356.78,2.72,2.26,0.54,-155.67,-356.78,0.00,2.14,-3.96 
1747830225.72,0,-155.39,-357.67,1.91,2.21,0.51,-155.39,-357.67,0.00,1.88,-4.13 
1747830225.82,0,-155.09,-358.12,1.87,1.64,0.51,-155.09,-358.12,0.00,2.09,-4.19 
1747830225.92,0,-154.60,-358.68,1.93,2.07,0.54,-154.60,-358.68,0.00,2.64,-4.45 
1747830226.12,0,-154.14,-359.65,1.73,4.10,0.28,-154.14,-359.65,0.00,2.51,-4.60 
1747830226.31,0,-153.71,-360.61,1.67,3.73,0.22,-153.71,-360.61,0.00,2.40,-4.67 
1747830226.52,0,-153.25,-361.66,1.73,3.84,0.48,-153.25,-361.66,0.00,2.37,-4.85 
1747830226.62,0,-153.05,-362.15,1.73,3.62,0.55,-153.05,-362.15,0.00,2.29,-4.87 
1747830226.92,0,-152.59,-363.57,1.74,3.77,0.29,-152.59,-363.57,0.00,1.97,-4.81 
1747830227.02,0,-152.61,-363.52,3.64,1.57,1.56,-152.61,-363.52,0.00,1.59,-3.89 
1747830227.32,0,-152.12,-364.56,1.74,2.69,0.47,-152.12,-364.56,0.00,1.62,-3.70 
1747830227.42,0,-152.03,-364.97,1.84,2.32,0.45,-152.03,-364.97,0.00,1.48,-3.76 
1747830227.62,0,-151.59,-365.76,1.77,3.00,0.38,-151.59,-365.76,0.00,1.74,-3.83 
1747830227.72,0,-151.05,-366.35,2.26,4.65,0.49,-151.05,-366.35,0.00,2.42,-4.23 
1747830228.01,0,-150.29,-367.46,1.66,4.64,0.32,-150.29,-367.46,0.00,2.48,-3.99 
1747830228.42,0,-149.85,-369.56,2.05,4.71,0.32,-149.85,-369.56,0.00,1.80,-4.62 
1747830228.62,0,-150.11,-370.59,2.17,3.23,0.05,-150.11,-370.59,0.00,0.71,-4.80 
1747830228.72,0,-149.83,-371.48,1.81,4.87,0.30,-149.83,-371.48,0.00,1.11,-5.62 
1747830228.82,0,-149.59,-371.88,1.96,4.80,0.27,-149.59,-371.88,0.00,1.38,-5.27 
1747830228.92,0,-149.14,-372.19,2.66,4.70,0.33,-149.14,-372.19,0.00,2.04,-4.82 
1747830229.02,0,-148.74,-372.43,2.52,4.81,0.49,-148.74,-372.43,0.00,2.44,-4.33 
1747830229.11,0,-148.44,-372.47,2.74,4.41,0.50,-148.44,-372.47,0.00,2.56,-3.55 
1747830229.21,0,-148.17,-372.86,1.66,4.65,0.42,-148.17,-372.86,0.00,2.58,-3.63 
1747830229.62,0,-147.44,-374.61,1.94,4.73,0.35,-147.44,-374.61,0.00,2.24,-3.95 
1747830229.72,0,-147.18,-375.08,1.54,4.68,0.31,-147.18,-375.08,0.00,2.31,-4.07 
1747830229.82,0,-146.99,-375.27,1.57,3.62,0.28,-146.99,-375.27,0.00,2.22,-3.63 
1747830230.02,0,-146.83,-375.99,3.01,1.76,1.55,-146.83,-375.99,0.00,1.67,-3.61 
1747830230.12,0,-146.54,-376.62,1.90,5.05,0.17,-146.54,-376.62,0.00,1.92,-4.14 
1747830230.32,0,-146.14,-377.83,1.69,5.01,0.31,-146.14,-377.83,0.00,1.95,-4.81 
1747830230.42,0,-145.99,-378.48,1.94,4.64,0.25,-145.99,-378.48,0.00,1.86,-5.12 
1747830230.52,0,-145.88,-379.18,2.10,4.88,0.37,-145.88,-379.18,0.00,1.72,-5.46 
1747830230.72,0,-146.00,-380.20,2.89,2.72,1.49,-146.00,-380.20,0.00,0.95,-5.35 
1747830230.82,0,-145.91,-380.58,1.86,3.58,0.46,-145.91,-380.58,0.00,0.93,-5.06 
1747830230.92,0,-145.71,-381.31,1.74,5.10,0.38,-145.71,-381.31,0.00,1.13,-5.47 
1747830231.12,0,-145.73,-382.29,3.45,2.21,1.50,-145.73,-382.29,0.00,0.73,-5.28 
1747830231.22,0,-145.42,-382.82,2.37,4.65,0.30,-145.42,-382.82,0.00,1.14,-5.29 
1747830231.32,0,-145.02,-383.26,2.61,4.49,0.26,-145.02,-383.26,0.00,1.67,-5.13 
1747830231.62,0,-144.18,-384.01,2.58,4.34,0.34,-144.18,-384.01,0.00,2.15,-4.03 
1747830231.71,0,-144.02,-383.85,1.92,7.15,0.35,-144.02,-383.85,0.00,2.05,-3.05 
1747830231.92,0,-143.80,-384.87,3.93,1.84,1.53,-143.80,-384.87,0.00,1.71,-3.78 
1747830232.02,0,-143.65,-385.37,3.01,2.32,1.10,-143.65,-385.37,0.00,1.66,-4.00 
1747830232.22,0,-143.28,-386.34,3.50,1.31,1.57,-143.28,-386.34,0.00,1.73,-4.29 
1747830232.52,0,-142.43,-387.40,2.63,2.93,0.75,-142.43,-387.40,0.00,2.20,-3.97 
1747830232.62,0,-142.27,-387.51,2.67,5.71,0.06,-142.27,-387.51,0.00,2.10,-3.47 
1747830232.71,0,-142.16,-387.66,1.71,6.31,0.50,-142.16,-387.66,0.00,1.92,-3.10 
1747830232.81,0,-142.01,-388.47,1.60,4.95,0.01,-142.01,-388.47,0.00,1.84,-4.11 
1747830233.02,0,-141.77,-389.14,1.74,5.50,0.50,-141.77,-389.14,0.00,1.60,-3.83 
1747830233.42,0,-140.49,-391.81,1.72,5.48,0.33,-140.49,-391.81,0.00,2.36,-5.17 
1747830233.52,0,-139.87,-392.38,2.46,4.94,0.54,-139.87,-392.38,0.00,3.01,-5.27 
1747830233.62,0,-139.70,-392.66,1.64,4.00,0.47,-139.70,-392.66,0.00,2.75,-4.74 
1747830233.72,0,-139.41,-393.27,1.76,4.79,0.36,-139.41,-393.27,0.00,2.77,-5.04 
1747830233.81,0,-139.19,-393.84,1.85,4.60,0.34,-139.19,-393.84,0.00,2.66,-5.18 
1747830233.91,0,-139.05,-394.03,1.60,7.73,0.40,-139.05,-394.03,0.00,2.38,-4.51 
1747830234.02,0,-138.93,-394.38,1.90,3.52,0.56,-138.93,-394.38,0.00,2.16,-4.30 
1747830234.22,0,-138.55,-395.50,1.87,4.82,0.30,-138.55,-395.50,0.00,2.07,-4.74 
1747830234.32,0,-138.32,-396.12,1.71,5.04,0.33,-138.32,-396.12,0.00,2.11,-4.99 
1747830234.32,2,-157.97,-369.14,0.07,0.88,1.02,-157.97,-369.14,0.00,0.56,-2.55 
1747830234.62,0,-137.80,-397.34,1.91,3.45,0.57,-137.80,-397.34,0.00,1.95,-4.61 
1747830234.62,2,-156.52,-371.64,0.07,0.92,0.59,-156.52,-371.64,0.00,2.22,-4.81 
1747830234.62,3,-211.48,-483.85,1.97,0.39,0.31,-211.48,-483.85,0.00,-0.89,0.02 
1747830234.72,0,-137.61,-398.00,1.78,4.82,0.33,-137.61,-398.00,0.00,1.94,-4.96 
1747830234.72,2,-157.48,-370.24,0.08,0.95,0.48,-157.48,-370.24,0.00,0.35,-1.82 
1747830234.72,3,-211.62,-483.77,1.62,0.37,0.02,-211.62,-483.77,0.00,-0.97,0.14 
1747830234.92,0,-137.15,-399.04,1.80,4.48,0.31,-137.15,-399.04,0.00,2.06,-5.03 
1747830234.92,2,-156.55,-371.84,0.08,0.98,0.93,-156.55,-371.84,0.00,1.84,-3.96 
1747830234.92,3,-211.81,-483.74,1.52,0.22,0.02,-211.81,-483.74,0.00,-0.97,0.14 
1747830235.02,0,-136.87,-399.53,1.78,4.48,0.36,-136.87,-399.53,0.00,2.21,-5.01 
1747830235.02,2,-155.91,-372.82,0.09,1.04,0.89,-155.91,-372.82,0.00,2.69,-5.05 
1747830235.02,3,-211.91,-483.73,1.52,0.22,0.02,-211.91,-483.73,0.00,-0.97,0.14 
1747830235.22,0,-136.45,-400.23,1.75,6.21,0.35,-136.45,-400.23,0.00,2.16,-4.49 
1747830235.22,3,-211.72,-483.97,1.59,0.26,0.23,-211.72,-483.97,0.00,-0.44,-0.23 
1747830235.52,0,-135.78,-401.48,1.81,3.26,0.53,-135.78,-401.48,0.00,2.20,-4.35 
1747830235.52,2,-156.23,-372.82,0.10,1.09,0.29,-156.23,-372.82,0.00,0.54,-1.77 
1747830235.52,3,-211.22,-483.94,2.18,0.32,0.06,-211.22,-483.94,0.00,0.38,-0.11 
1747830236.12,0,-134.19,-404.40,2.27,3.25,1.41,-134.19,-404.40,0.00,2.42,-4.60 
1747830236.12,2,-155.91,-373.89,0.11,1.28,0.29,-155.91,-373.89,0.00,0.54,-1.77 
1747830236.22,0,-134.48,-404.47,2.46,3.81,0.29,-134.48,-404.47,0.00,1.40,-3.86 
1747830236.22,2,-155.86,-374.06,0.11,1.50,0.29,-155.86,-374.06,0.00,0.54,-1.77 
1747830236.22,4,-136.30,-391.47,0.30,3.57,0.04,-136.30,-391.47,0.00,2.13,-4.65 
1747830236.32,0,-134.19,-404.72,2.05,6.77,0.37,-134.19,-404.72,0.00,1.79,-3.50 
1747830236.32,2,-155.80,-374.24,0.13,1.75,0.29,-155.80,-374.24,0.00,0.54,-1.77 
1747830236.32,3,-211.36,-484.18,0.84,0.26,0.04,-211.36,-484.18,0.00,-0.02,-0.54 
1747830236.32,4,-136.19,-391.93,0.35,3.75,0.04,-136.19,-391.93,0.00,1.86,-4.65 
1747830236.42,0,-133.81,-405.50,1.79,5.42,0.34,-133.81,-405.50,0.00,2.32,-4.67 
1747830236.42,2,-155.75,-374.42,0.14,2.03,0.29,-155.75,-374.42,0.00,0.54,-1.77 
1747830236.42,3,-211.36,-484.23,1.53,0.26,0.04,-211.36,-484.23,0.00,-0.02,-0.54 
1747830236.42,4,-136.17,-392.00,0.80,1.92,0.10,-136.17,-392.00,0.00,1.39,-3.53 
1747830236.82,0,-132.98,-407.24,3.03,2.28,1.21,-132.98,-407.24,0.00,2.19,-4.48 
1747830236.82,2,-155.53,-375.13,0.15,2.33,0.29,-155.53,-375.13,0.00,0.54,-1.77 
1747830236.82,3,-211.32,-484.26,1.35,0.55,1.54,-211.32,-484.26,0.00,0.04,-0.28 
1747830236.82,4,-134.94,-393.21,0.63,1.65,0.18,-134.94,-393.21,0.00,2.39,-3.23 
1747830236.92,0,-132.36,-407.96,2.06,5.45,0.61,-132.36,-407.96,0.00,2.91,-4.99 
1747830236.92,2,-155.48,-375.31,0.16,2.64,0.29,-155.48,-375.31,0.00,0.54,-1.77 
1747830236.92,3,-211.20,-484.35,0.42,1.60,1.32,-211.20,-484.35,0.00,0.25,-0.40 
1747830236.92,4,-134.65,-393.63,0.20,2.42,0.10,-134.65,-393.63,0.00,2.47,-3.43 
1747830237.02,0,-132.34,-408.09,2.09,7.97,0.70,-132.34,-408.09,0.00,2.34,-4.20 
1747830237.02,2,-155.43,-375.48,0.20,3.59,0.29,-155.43,-375.48,0.00,0.54,-1.77 
1747830237.02,3,-211.40,-484.36,2.19,0.56,0.21,-211.40,-484.36,0.00,-0.22,-0.33 
1747830237.02,4,-134.44,-394.63,3.95,0.22,1.55,-134.44,-394.63,0.00,2.41,-4.79 
1747830237.12,0,-132.33,-408.40,3.32,7.32,0.34,-132.33,-408.40,0.00,1.84,-3.97 
1747830237.12,2,-155.37,-375.66,0.20,3.59,0.29,-155.37,-375.66,0.00,0.54,-1.77 
1747830237.12,3,-211.29,-484.50,0.86,2.42,1.03,-211.29,-484.50,0.00,0.06,-0.56 
1747830237.12,4,-134.27,-395.58,2.38,0.07,1.41,-134.27,-395.58,0.00,2.25,-5.84 
1747830237.22,0,-132.27,-408.77,3.03,6.81,0.33,-132.27,-408.77,0.00,1.59,-3.91 
1747830237.22,2,-155.32,-375.84,0.20,3.59,0.29,-155.32,-375.84,0.00,0.54,-1.77 
1747830237.22,3,-211.40,-484.42,0.68,1.79,1.56,-211.40,-484.42,0.00,-0.18,-0.28 
1747830237.22,4,-134.07,-396.27,1.84,0.51,0.20,-134.07,-396.27,0.00,2.19,-6.06 
1747830237.32,0,-132.09,-409.23,2.56,6.90,0.53,-132.09,-409.23,0.00,1.62,-4.05 
1747830237.32,2,-155.26,-376.02,0.20,3.59,0.29,-155.26,-376.02,0.00,0.54,-1.77 
1747830237.32,3,-211.37,-484.45,2.04,0.25,0.08,-211.37,-484.45,0.00,-0.07,-0.28 
1747830237.32,4,-133.85,-396.88,0.04,1.57,0.20,-133.85,-396.88,0.00,2.19,-6.06 
1747830237.42,0,-131.98,-409.63,3.21,6.78,0.29,-131.98,-409.63,0.00,1.52,-4.03 
1747830237.42,2,-155.21,-376.19,0.20,3.59,0.29,-155.21,-376.19,0.00,0.54,-1.77 
1747830237.42,3,-211.43,-484.44,1.71,0.64,1.48,-211.43,-484.44,0.00,-0.18,-0.19 
1747830237.42,4,-133.63,-397.48,0.04,1.57,0.20,-133.63,-397.48,0.00,2.19,-6.06 
1747830237.52,0,-131.57,-410.15,2.30,3.96,0.61,-131.57,-410.15,0.00,2.02,-4.26 
1747830237.52,2,-155.16,-376.37,0.20,3.59,0.29,-155.16,-376.37,0.00,0.54,-1.77 
1747830237.52,3,-211.56,-484.43,2.00,0.52,0.17,-211.56,-484.43,0.00,-0.40,-0.14 
1747830237.52,4,-133.41,-398.09,0.04,1.57,0.20,-133.41,-398.09,0.00,2.19,-6.06 
1747830237.62,0,-131.27,-410.70,2.60,3.56,0.92,-131.27,-410.70,0.00,2.20,-4.49 
1747830237.62,2,-155.10,-376.55,0.20,3.59,0.29,-155.10,-376.55,0.00,0.54,-1.77 
1747830237.62,3,-211.68,-484.36,1.87,0.64,0.06,-211.68,-484.36,0.00,-0.56,0.01 
1747830237.62,4,-133.42,-399.89,0.06,1.60,0.04,-133.42,-399.89,0.00,1.84,-7.88 
1747830237.72,0,-130.87,-411.45,1.83,5.63,0.35,-130.87,-411.45,0.00,2.53,-5.05 
1747830237.72,2,-155.05,-376.72,0.20,3.59,0.29,-155.05,-376.72,0.00,0.54,-1.77 
1747830237.72,3,-211.64,-484.36,0.45,1.68,1.20,-211.64,-484.36,0.00,-0.37,0.01 
1747830237.72,4,-133.06,-400.45,0.14,1.55,1.48,-133.06,-400.45,0.00,2.11,-7.54 
1747830238.02,0,-130.10,-413.24,2.58,4.92,0.32,-130.10,-413.24,0.00,2.54,-5.41 
1747830238.02,2,-154.89,-377.26,0.20,3.59,0.29,-154.89,-377.26,0.00,0.54,-1.77 
1747830238.02,3,-211.90,-484.37,1.94,0.28,0.18,-211.90,-484.37,0.00,-0.58,-0.00 
1747830238.02,4,-132.53,-403.11,1.49,0.16,1.37,-132.53,-403.11,0.00,1.98,-8.02 
1747830238.12,0,-130.20,-413.36,2.95,5.65,0.98,-130.20,-413.36,0.00,1.95,-4.70 
1747830238.12,2,-154.84,-377.43,0.20,3.59,0.29,-154.84,-377.43,0.00,0.54,-1.77 
1747830238.12,3,-211.81,-484.44,1.71,0.66,1.28,-211.81,-484.44,0.00,-0.33,-0.12 
1747830238.12,4,-132.34,-403.91,0.83,0.11,1.37,-132.34,-403.91,0.00,1.98,-8.02 
1747830238.32,0,-129.91,-414.06,2.67,7.75,0.90,-129.91,-414.06,0.00,1.76,-4.27 
1747830238.32,2,-154.73,-377.79,0.20,3.59,0.29,-154.73,-377.79,0.00,0.54,-1.77 
1747830238.32,3,-211.83,-484.53,0.98,2.12,1.29,-211.83,-484.53,0.00,-0.25,-0.24 
1747830238.32,4,-131.94,-405.51,0.83,0.11,1.37,-131.94,-405.51,0.00,1.98,-8.02 
1747830238.42,0,-129.76,-414.66,3.71,6.65,0.84,-129.76,-414.66,0.00,1.72,-4.59 
1747830238.42,2,-154.67,-377.97,0.20,3.59,0.29,-154.67,-377.97,0.00,0.54,-1.77 
1747830238.42,3,-211.95,-484.47,1.63,0.63,0.26,-211.95,-484.47,0.00,-0.42,-0.08 
1747830238.42,4,-131.74,-406.31,0.83,0.11,1.37,-131.74,-406.31,0.00,1.98,-8.02 
1747830238.52,0,-129.31,-415.10,2.79,6.67,0.75,-129.31,-415.10,0.00,2.26,-4.57 
1747830238.52,2,-154.62,-378.14,0.20,3.59,0.29,-154.62,-378.14,0.00,0.54,-1.77 
1747830238.52,3,-212.01,-484.42,1.57,0.50,0.02,-212.01,-484.42,0.00,-0.46,0.02 
1747830238.52,4,-131.52,-407.56,1.32,0.09,1.55,-131.52,-407.56,0.00,2.01,-8.63 
1747830238.62,0,-129.05,-415.88,3.36,5.47,0.32,-129.05,-415.88,0.00,2.31,-5.17 
1747830238.62,2,-154.57,-378.32,0.20,3.59,0.29,-154.57,-378.32,0.00,0.54,-1.77 
1747830238.62,3,-212.07,-484.35,1.27,0.52,0.16,-212.07,-484.35,0.00,-0.49,0.15 
1747830238.62,4,-131.32,-408.42,1.03,0.07,1.55,-131.32,-408.42,0.00,2.01,-8.63 
1747830238.72,0,-128.87,-416.18,2.87,7.24,0.35,-128.87,-416.18,0.00,2.23,-4.77 
1747830238.72,2,-154.51,-378.50,0.20,3.59,0.29,-154.51,-378.50,0.00,0.54,-1.77 
1747830238.72,3,-212.04,-484.35,1.14,0.91,1.43,-212.04,-484.35,0.00,-0.34,0.13 
1747830238.72,4,-131.12,-409.28,1.03,0.07,1.55,-131.12,-409.28,0.00,2.01,-8.63 
1747830238.82,0,-128.68,-416.49,2.84,7.47,0.32,-128.68,-416.49,0.00,2.16,-4.45 
1747830238.82,2,-154.46,-378.67,0.20,3.59,0.29,-154.46,-378.67,0.00,0.54,-1.77 
1747830238.82,4,-130.92,-410.15,1.03,0.07,1.55,-130.92,-410.15,0.00,2.01,-8.63 
1747830238.91,0,-128.37,-417.00,2.84,6.55,0.90,-128.37,-417.00,0.00,2.33,-4.58 
1747830238.91,2,-154.41,-378.85,0.20,3.59,0.29,-154.41,-378.85,0.00,0.54,-1.77 
1747830238.91,4,-130.71,-411.01,1.03,0.07,1.55,-130.71,-411.01,0.00,2.01,-8.63 
1747830239.01,0,-128.13,-417.44,3.16,6.37,0.88,-128.13,-417.44,0.00,2.34,-4.55 
1747830239.01,4,-130.51,-411.87,1.03,0.07,1.55,-130.51,-411.87,0.00,2.01,-8.63 
1747830239.11,0,-127.82,-417.85,2.80,6.49,0.88,-127.82,-417.85,0.00,2.48,-4.46 
1747830239.11,3,-211.92,-484.57,2.03,0.65,0.03,-211.92,-484.57,0.00,-0.02,-0.26 
1747830239.11,4,-130.31,-412.73,1.03,0.07,1.55,-130.31,-412.73,0.00,2.01,-8.63 
1747830239.21,0,-127.69,-418.17,2.78,7.89,0.99,-127.69,-418.17,0.00,2.28,-4.23 
1747830239.21,3,-211.89,-484.61,0.49,1.88,1.54,-211.89,-484.61,0.00,0.03,-0.29 
1747830239.21,4,-130.11,-413.60,1.03,0.07,1.55,-130.11,-413.60,0.00,2.01,-8.63 
1747830239.31,0,-127.47,-418.48,2.83,7.10,0.93,-127.47,-418.48,0.00,2.25,-4.04 
1747830239.31,4,-129.91,-414.46,1.03,0.07,1.55,-129.91,-414.46,0.00,2.01,-8.63 
1747830239.41,0,-127.50,-418.67,2.53,7.60,0.92,-127.50,-418.67,0.00,1.80,-3.65 
1747830239.41,3,-211.80,-484.72,1.55,0.85,0.62,-211.80,-484.72,0.00,0.19,-0.40 
1747830239.41,4,-129.71,-415.32,1.03,0.07,1.55,-129.71,-415.32,0.00,2.01,-8.63 
1747830239.51,0,-127.39,-418.95,2.54,8.21,0.90,-127.39,-418.95,0.00,1.69,-3.51 
1747830239.51,3,-211.76,-484.70,0.67,1.94,1.24,-211.76,-484.70,0.00,0.23,-0.30 
1747830239.51,4,-129.51,-416.18,1.03,0.07,1.55,-129.51,-416.18,0.00,2.01,-8.63 
1747830239.72,0,-126.63,-420.20,4.34,3.50,1.36,-126.63,-420.20,0.00,2.35,-4.37 
1747830239.72,3,-211.75,-484.73,0.33,1.48,1.36,-211.75,-484.73,0.00,0.17,-0.24 
1747830239.72,4,-129.10,-417.91,1.03,0.07,1.55,-129.10,-417.91,0.00,2.01,-8.63 
1747830240.22,0,-124.98,-422.78,2.57,6.42,0.98,-124.98,-422.78,0.00,2.77,-4.73 
1747830240.22,3,-211.66,-484.89,0.40,1.56,1.18,-211.66,-484.89,0.00,0.17,-0.27 
1747830240.22,4,-128.10,-422.22,1.03,0.07,1.55,-128.10,-422.22,0.00,2.01,-8.63 
1747830240.32,0,-124.62,-423.18,2.49,5.34,0.22,-124.62,-423.18,0.00,2.92,-4.59 
1747830240.32,3,-211.85,-484.87,1.80,0.31,0.04,-211.85,-484.87,0.00,-0.18,-0.19 
1747830240.32,4,-127.90,-423.09,1.03,0.07,1.55,-127.90,-423.09,0.00,2.01,-8.63 
1747830240.52,0,-124.05,-424.24,1.74,6.55,0.50,-124.05,-424.24,0.00,2.89,-4.90 
1747830240.52,3,-211.97,-484.87,1.59,0.63,1.04,-211.97,-484.87,0.00,-0.36,-0.13 
1747830240.52,4,-127.50,-424.81,1.03,0.07,1.55,-127.50,-424.81,0.00,2.01,-8.63 
1747830240.72,0,-123.58,-425.31,2.45,6.35,0.77,-123.58,-425.31,0.00,2.67,-5.07 
1747830240.72,3,-212.13,-484.77,0.69,1.96,1.33,-212.13,-484.77,0.00,-0.54,0.13 
1747830240.72,4,-127.09,-426.54,1.03,0.07,1.55,-127.09,-426.54,0.00,2.01,-8.63 
1747830240.92,0,-123.08,-426.19,1.79,6.78,0.56,-123.08,-426.19,0.00,2.61,-4.84 
1747830240.92,3,-212.17,-484.79,0.45,1.81,1.39,-212.17,-484.79,0.00,-0.42,0.05 
1747830240.92,4,-126.69,-428.27,1.03,0.07,1.55,-126.69,-428.27,0.00,2.01,-8.63 
1747830241.12,0,-122.63,-426.81,1.68,5.92,0.36,-122.63,-426.81,0.00,2.49,-4.26 
1747830241.12,3,-211.99,-485.19,0.57,1.88,0.39,-211.99,-485.19,0.00,0.02,-0.64 
1747830241.12,4,-126.29,-429.99,1.03,0.07,1.55,-126.29,-429.99,0.00,2.01,-8.63 
1747830241.21,0,-122.56,-426.99,1.85,6.01,0.63,-122.56,-426.99,0.00,2.18,-3.82 
1747830241.21,3,-211.98,-485.18,0.79,1.68,1.14,-211.98,-485.18,0.00,0.03,-0.50 
1747830241.21,4,-126.09,-430.85,1.03,0.07,1.55,-126.09,-430.85,0.00,2.01,-8.63 
1747830241.31,0,-122.33,-427.62,3.25,6.83,0.90,-122.33,-427.62,0.00,2.21,-4.28 
1747830241.31,3,-211.85,-485.22,0.57,2.32,1.27,-211.85,-485.22,0.00,0.27,-0.50 
1747830241.31,4,-125.89,-431.71,1.03,0.07,1.55,-125.89,-431.71,0.00,2.01,-8.63 
1747830241.41,0,-122.08,-428.14,3.14,6.50,0.97,-122.08,-428.14,0.00,2.25,-4.45 
1747830241.41,3,-211.82,-485.17,0.83,1.72,1.32,-211.82,-485.17,0.00,0.28,-0.29 
1747830241.41,4,-125.69,-432.58,1.03,0.07,1.55,-125.69,-432.58,0.00,2.01,-8.63 
1747830241.51,0,-121.76,-428.65,5.75,4.38,1.51,-121.76,-428.65,0.00,2.44,-4.58 
1747830241.51,3,-211.86,-485.13,0.58,1.71,1.46,-211.86,-485.13,0.00,0.14,-0.18 
1747830241.51,4,-125.48,-433.44,1.03,0.07,1.55,-125.48,-433.44,0.00,2.01,-8.63 
1747830241.72,0,-121.23,-429.74,2.67,6.68,0.86,-121.23,-429.74,0.00,2.50,-4.87 
1747830241.72,3,-211.83,-485.14,0.67,1.66,1.23,-211.83,-485.14,0.00,0.15,-0.13 
1747830241.72,4,-125.08,-435.17,1.03,0.07,1.55,-125.08,-435.17,0.00,2.01,-8.63 
1747830241.92,0,-120.98,-430.83,3.51,6.63,0.36,-120.98,-430.83,0.00,2.10,-5.06 
1747830241.92,3,-211.71,-485.14,0.21,0.99,0.92,-211.71,-485.14,0.00,0.29,-0.09 
1747830241.92,4,-124.68,-436.89,1.03,0.07,1.55,-124.68,-436.89,0.00,2.01,-8.63 
1747830242.02,0,-120.98,-431.32,3.91,6.94,0.35,-120.98,-431.32,0.00,1.73,-5.02 
1747830242.02,4,-124.48,-437.76,1.03,0.07,1.55,-124.48,-437.76,0.00,2.01,-8.63 
1747830242.12,0,-120.69,-431.75,3.16,6.61,0.86,-120.69,-431.75,0.00,1.95,-4.90 
1747830242.12,4,-124.28,-438.62,1.03,0.07,1.55,-124.28,-438.62,0.00,2.01,-8.63 
1747830242.42,0,-120.30,-433.24,3.92,6.45,0.32,-120.30,-433.24,0.00,1.66,-4.92 
1747830242.42,3,-211.97,-485.22,0.34,1.28,0.94,-211.97,-485.22,0.00,-0.17,-0.18 
1747830242.42,4,-123.67,-441.21,1.03,0.07,1.55,-123.67,-441.21,0.00,2.01,-8.63 
1747830242.52,0,-120.01,-433.55,3.13,4.76,0.93,-120.01,-433.55,0.00,1.88,-4.61 
1747830242.52,3,-212.00,-485.20,0.41,1.38,1.31,-212.00,-485.20,0.00,-0.20,-0.12 
1747830242.52,4,-123.47,-442.07,1.03,0.07,1.55,-123.47,-442.07,0.00,2.01,-8.63 
1747830242.92,0,-118.14,-435.93,2.82,5.49,1.02,-118.14,-435.93,0.00,3.27,-5.28 
1747830242.92,3,-211.88,-485.54,0.47,1.50,1.00,-211.88,-485.54,0.00,0.05,-0.48 
1747830243.11,0,-117.39,-436.85,1.90,3.20,0.57,-117.39,-436.85,0.00,3.45,-5.04 
1747830243.11,3,-211.81,-485.59,0.49,1.58,1.12,-211.81,-485.59,0.00,0.16,-0.40 
1747830243.21,0,-117.06,-437.64,2.05,3.64,0.50,-117.06,-437.64,0.00,3.42,-5.60 
1747830243.52,0,-116.04,-439.26,1.80,4.75,0.59,-116.04,-439.26,0.00,3.41,-5.50 
1747830243.52,3,-211.88,-485.63,0.58,1.96,1.11,-211.88,-485.63,0.00,0.02,-0.27 
1747830243.62,0,-115.77,-439.69,2.96,4.51,1.02,-115.77,-439.69,0.00,3.28,-5.29 
1747830243.62,3,-212.01,-485.54,0.77,2.25,1.26,-212.01,-485.54,0.00,-0.22,-0.05 
1747830243.72,0,-115.49,-440.17,1.77,4.94,0.55,-115.49,-440.17,0.00,3.17,-5.19 
1747830243.72,3,-212.03,-485.57,0.55,1.54,1.31,-212.03,-485.57,0.00,-0.23,-0.12 
1747830244.12,0,-114.73,-442.05,3.25,4.89,1.25,-114.73,-442.05,0.00,2.54,-4.96 
1747830244.12,3,-211.98,-485.74,0.76,1.94,0.95,-211.98,-485.74,0.00,-0.05,-0.26 
1747830244.22,0,-114.81,-442.68,3.70,4.41,0.28,-114.81,-442.68,0.00,1.97,-5.18 
1747830244.52,0,-114.23,-444.19,2.58,4.63,0.23,-114.23,-444.19,0.00,1.96,-5.11 
1747830244.52,3,-211.98,-485.81,0.60,1.89,0.97,-211.98,-485.81,0.00,-0.01,-0.30 
1747830244.71,0,-113.90,-444.90,3.41,2.90,1.30,-113.90,-444.90,0.00,1.84,-4.57 
1747830244.81,0,-113.95,-445.18,3.45,3.48,1.40,-113.95,-445.18,0.00,1.40,-4.24 
1747830244.81,3,-211.99,-485.84,0.36,2.08,0.84,-211.99,-485.84,0.00,0.03,-0.27 
1747830244.91,0,-113.70,-445.92,2.93,5.32,0.33,-113.70,-445.92,0.00,1.61,-4.84 
1747830244.91,3,-212.02,-485.84,0.49,1.79,1.15,-212.02,-485.84,0.00,-0.05,-0.23 
1747830245.01,0,-113.12,-446.38,3.48,5.26,0.88,-113.12,-446.38,0.00,2.45,-4.80 
1747830245.01,3,-212.06,-485.85,0.46,1.94,1.04,-212.06,-485.85,0.00,-0.11,-0.19 
1747830245.31,0,-112.15,-447.99,2.29,4.86,0.30,-112.15,-447.99,0.00,2.79,-5.05 
1747830245.31,3,-212.13,-485.92,0.48,1.66,1.18,-212.13,-485.92,0.00,-0.17,-0.22 
1747830245.41,0,-111.86,-448.21,2.09,3.81,0.55,-111.86,-448.21,0.00,2.81,-4.56 
1747830245.41,3,-212.12,-485.97,0.53,1.84,1.16,-212.12,-485.97,0.00,-0.11,-0.27 
1747830245.51,0,-111.50,-448.69,1.85,4.55,0.55,-111.50,-448.69,0.00,2.96,-4.59 
1747830245.51,3,-212.06,-486.11,1.28,1.26,1.11,-212.06,-486.11,0.00,0.01,-0.47 
1747830245.61,0,-111.21,-449.16,3.01,4.09,1.11,-111.21,-449.16,0.00,2.94,-4.62 
1747830245.61,3,-212.10,-486.05,0.66,2.20,1.03,-212.10,-486.05,0.00,-0.07,-0.27 
1747830245.91,0,-110.49,-450.52,3.12,4.22,1.19,-110.49,-450.52,0.00,2.70,-4.59 
1747830246.01,0,-110.30,-450.95,1.84,3.51,0.55,-110.30,-450.95,0.00,2.57,-4.52 
1747830246.11,0,-110.17,-451.59,2.06,3.83,0.25,-110.17,-451.59,0.00,2.32,-4.89 
1747830246.11,3,-212.18,-485.99,0.41,1.81,1.01,-212.18,-485.99,0.00,-0.21,0.01 
1747830246.51,0,-108.93,-453.78,2.88,4.23,1.03,-108.93,-453.78,0.00,2.70,-5.18 
1747830246.51,3,-212.03,-486.22,0.25,1.72,0.60,-212.03,-486.22,0.00,0.09,-0.28 
1747830246.61,0,-108.61,-454.32,2.54,4.09,0.87,-108.61,-454.32,0.00,2.79,-5.21 
1747830246.71,0,-108.48,-454.94,1.99,3.94,0.30,-108.48,-454.94,0.00,2.48,-5.41 
1747830246.71,3,-212.00,-486.24,0.21,1.54,0.62,-212.00,-486.24,0.00,0.11,-0.25 
1747830247.01,0,-108.06,-456.62,2.93,4.01,0.25,-108.06,-456.62,0.00,1.95,-5.50 
1747830247.01,3,-212.15,-486.38,0.29,1.55,0.41,-212.15,-486.38,0.00,-0.19,-0.36 
1747830247.21,0,-107.73,-457.22,3.56,2.26,1.16,-107.73,-457.22,0.00,1.85,-4.65 
1747830247.21,3,-212.03,-486.46,0.29,0.96,0.48,-212.03,-486.46,0.00,0.09,-0.37 
1747830247.31,0,-107.21,-457.77,3.14,4.32,1.12,-107.21,-457.77,0.00,2.46,-4.80 
1747830247.31,3,-212.01,-486.48,0.24,1.15,0.58,-212.01,-486.48,0.00,0.10,-0.34 
1747830247.41,0,-106.83,-458.44,3.65,3.98,0.96,-106.83,-458.44,0.00,2.72,-5.18 
1747830247.51,0,-106.52,-458.97,1.84,3.98,0.54,-106.52,-458.97,0.00,2.80,-5.19 
1747830247.61,0,-106.22,-459.56,3.40,3.57,0.92,-106.22,-459.56,0.00,2.84,-5.33 
1747830247.61,3,-212.02,-486.53,0.17,1.52,0.35,-212.02,-486.53,0.00,0.06,-0.32 
1747830247.81,0,-105.69,-460.47,3.65,3.57,1.20,-105.69,-460.47,0.00,2.77,-5.07 
1747830247.81,3,-211.98,-486.63,0.10,1.24,0.52,-211.98,-486.63,0.00,0.10,-0.38 
1747830247.91,0,-105.36,-461.02,2.86,3.52,0.97,-105.36,-461.02,0.00,2.87,-5.14 
1747830248.01,0,-105.39,-461.57,3.67,4.15,0.23,-105.39,-461.57,0.00,2.28,-5.20 
1747830248.21,0,-105.07,-462.34,3.23,2.17,1.08,-105.07,-462.34,0.00,2.06,-4.75 
1747830248.31,0,-104.71,-463.02,3.31,2.62,0.94,-104.71,-463.02,0.00,2.32,-5.13 
1747830248.51,0,-104.04,-464.09,3.17,3.57,1.03,-104.04,-464.09,0.00,2.68,-5.19 
1747830248.51,3,-212.16,-486.64,0.19,1.54,0.43,-212.16,-486.64,0.00,-0.12,-0.24 
1747830248.71,0,-103.70,-465.19,1.94,3.84,0.30,-103.70,-465.19,0.00,2.35,-5.30 
1747830248.71,3,-212.20,-486.67,0.19,1.47,0.56,-212.20,-486.67,0.00,-0.15,-0.21 
1747830248.91,0,-103.04,-466.21,3.18,3.48,1.05,-103.04,-466.21,0.00,2.66,-5.24 
1747830248.91,3,-212.22,-486.70,0.17,1.19,0.66,-212.22,-486.70,0.00,-0.14,-0.19 
1747830249.11,0,-102.73,-467.30,1.99,4.01,0.22,-102.73,-467.30,0.00,2.30,-5.30 
1747830249.11,3,-212.27,-486.70,0.21,1.48,0.65,-212.27,-486.70,0.00,-0.17,-0.13 
1747830249.21,0,-102.53,-467.86,1.70,3.67,0.38,-102.53,-467.86,0.00,2.24,-5.36 
1747830249.21,3,-212.31,-486.86,0.44,1.35,1.46,-212.31,-486.86,0.00,-0.21,-0.40 
1747830249.91,0,-101.08,-471.67,1.52,3.67,0.31,-101.08,-471.67,0.00,2.18,-5.39 
1747830249.91,3,-212.37,-486.89,0.26,1.19,0.49,-212.37,-486.89,0.00,-0.16,-0.26 
1747830250.01,0,-100.87,-472.10,1.37,3.67,0.31,-100.87,-472.10,0.00,2.15,-5.17 
1747830250.01,3,-212.38,-486.88,0.19,1.54,0.53,-212.38,-486.88,0.00,-0.16,-0.17 
1747830250.61,0,-99.70,-475.29,1.63,3.07,0.23,-99.70,-475.29,0.00,2.02,-5.27 
1747830250.61,3,-212.54,-486.93,0.23,1.58,0.45,-212.54,-486.93,0.00,-0.22,-0.11 
1747830250.71,0,-99.23,-475.71,2.08,3.35,0.50,-99.23,-475.71,0.00,2.57,-5.05 
1747830250.91,0,-98.70,-476.48,3.63,3.75,1.15,-98.70,-476.48,0.00,2.60,-4.47 
1747830250.91,3,-212.56,-487.00,0.39,1.51,0.79,-212.56,-487.00,0.00,-0.22,-0.17 
1747830251.11,0,-98.20,-477.76,1.60,3.65,0.31,-98.20,-477.76,0.00,2.56,-5.26 
1747830251.11,3,-212.56,-487.05,0.24,1.22,0.66,-212.56,-487.05,0.00,-0.15,-0.21 
1747830251.41,0,-98.34,-479.20,1.97,3.82,0.24,-98.34,-479.20,0.00,1.17,-5.05 
1747830251.51,0,-97.88,-479.84,2.11,3.55,0.24,-97.88,-479.84,0.00,1.77,-5.28 
1747830251.61,0,-97.61,-480.41,1.83,3.72,0.22,-97.61,-480.41,0.00,1.95,-5.36 
1747830251.61,3,-212.65,-487.00,0.18,0.94,0.06,-212.65,-487.00,0.00,-0.22,0.02 
1747830251.81,0,-97.07,-481.59,1.76,3.31,0.22,-97.07,-481.59,0.00,2.21,-5.56 
1747830251.81,3,-212.64,-487.12,0.21,1.04,0.01,-212.64,-487.12,0.00,-0.11,-0.21 
1747830252.01,0,-96.54,-482.70,1.50,3.09,0.23,-96.54,-482.70,0.00,2.36,-5.55 
1747830252.01,3,-212.73,-486.98,0.17,1.55,0.51,-212.73,-486.98,0.00,-0.23,0.09 
1747830252.11,0,-96.29,-483.17,1.76,3.78,0.40,-96.29,-483.17,0.00,2.39,-5.41 
1747830252.31,0,-95.78,-484.40,1.26,3.74,0.38,-95.78,-484.40,0.00,2.46,-5.66 
1747830252.41,0,-96.24,-484.04,1.38,4.24,0.70,-96.24,-484.04,0.00,1.18,-4.00 
1747830252.41,3,-212.70,-487.16,0.20,1.27,0.24,-212.70,-487.16,0.00,-0.09,-0.21 
1747830252.51,0,-95.84,-484.74,2.09,4.71,0.25,-95.84,-484.74,0.00,1.71,-4.56 
1747830252.51,3,-212.67,-487.25,0.11,1.09,0.16,-212.67,-487.25,0.00,-0.02,-0.33 
1747830252.71,0,-95.41,-485.83,0.85,2.44,0.02,-95.41,-485.83,0.00,1.85,-4.86 
1747830252.91,0,-94.90,-487.23,1.05,2.55,0.64,-94.90,-487.23,0.00,2.07,-5.56 
1747830252.91,3,-212.76,-487.25,0.15,1.24,0.48,-212.76,-487.25,0.00,-0.13,-0.17 
1747830253.01,0,-94.65,-487.85,1.30,2.66,0.68,-94.65,-487.85,0.00,2.16,-5.67 
1747830253.01,3,-212.76,-487.33,0.25,1.09,0.25,-212.76,-487.33,0.00,-0.11,-0.28 
1747830253.21,0,-94.12,-488.90,1.34,3.16,0.30,-94.12,-488.90,0.00,2.33,-5.53 
1747830253.21,3,-212.86,-487.25,0.27,1.22,0.67,-212.86,-487.25,0.00,-0.24,-0.05 
1747830253.31,0,-93.83,-489.14,2.29,3.22,0.48,-93.83,-489.14,0.00,2.42,-4.96 
1747830253.31,3,-212.86,-487.29,0.13,1.33,0.44,-212.86,-487.29,0.00,-0.19,-0.11 
1747830253.41,0,-93.57,-489.52,2.01,4.98,0.43,-93.57,-489.52,0.00,2.46,-4.75 
1747830253.41,3,-212.86,-487.31,0.18,0.99,0.44,-212.86,-487.31,0.00,-0.16,-0.14 
1747830253.51,0,-93.95,-489.52,2.26,5.60,0.64,-93.95,-489.52,0.00,1.29,-3.86 
1747830253.51,3,-212.86,-487.38,0.20,1.13,0.41,-212.86,-487.38,0.00,-0.14,-0.24 
1747830253.91,0,-93.02,-491.64,3.11,1.94,1.23,-93.02,-491.64,0.00,1.75,-4.50 
1747830253.91,3,-212.87,-487.81,0.23,1.25,0.02,-212.87,-487.81,0.00,-0.09,-0.62 
1747830254.01,0,-92.59,-492.55,1.47,4.23,0.32,-92.59,-492.55,0.00,2.19,-5.29 
1747830254.01,3,-212.96,-487.59,0.27,1.37,0.55,-212.96,-487.59,0.00,-0.21,-0.14 
1747830254.11,0,-92.25,-493.42,1.10,3.83,0.47,-92.25,-493.42,0.00,2.44,-6.00 
1747830254.11,3,-212.88,-487.66,0.29,1.36,0.20,-212.88,-487.66,0.00,-0.02,-0.26 
1747830254.21,0,-92.01,-494.17,1.05,3.20,0.62,-92.01,-494.17,0.00,2.43,-6.32 
1747830254.41,0,-92.41,-494.24,1.16,3.52,0.52,-92.41,-494.24,0.00,0.77,-4.08 
1747830254.51,0,-92.21,-494.92,1.39,3.76,0.26,-92.21,-494.92,0.00,0.99,-4.58 
1747830254.51,3,-212.91,-487.74,0.22,1.10,1.48,-212.91,-487.74,0.00,-0.04,-0.29 
1747830254.81,0,-91.31,-496.73,2.20,4.52,0.22,-91.31,-496.73,0.00,1.86,-5.22 
1747830254.81,3,-213.02,-487.88,1.40,0.34,1.34,-213.02,-487.88,0.00,-0.18,-0.37 
1747830254.91,0,-90.81,-497.87,1.08,3.59,0.64,-90.81,-497.87,0.00,2.40,-6.28 
1747830254.91,3,-213.03,-487.92,1.29,0.23,1.34,-213.03,-487.92,0.00,-0.18,-0.37 
1747830255.01,0,-90.52,-498.47,1.63,3.29,0.20,-90.52,-498.47,0.00,2.50,-6.22 
1747830255.01,3,-213.05,-487.96,1.29,0.23,1.34,-213.05,-487.96,0.00,-0.18,-0.37 
1747830255.11,0,-90.26,-498.99,1.44,3.43,0.24,-90.26,-498.99,0.00,2.51,-6.02 
1747830255.11,3,-213.07,-487.61,0.15,1.34,0.20,-213.07,-487.61,0.00,-0.18,0.24 
1747830255.51,0,-89.57,-501.13,1.08,3.15,0.34,-89.57,-501.13,0.00,2.15,-5.70 
1747830255.51,3,-213.25,-487.70,0.36,1.22,1.14,-213.25,-487.70,0.00,-0.29,0.03 
1747830256.41,0,-87.99,-505.88,1.12,3.14,0.36,-87.99,-505.88,0.00,1.97,-5.51 
1747830256.41,3,-213.43,-487.32,0.25,1.65,0.23,-213.43,-487.32,0.00,-0.25,0.21 
1747830256.91,0,-87.19,-508.36,0.97,3.18,0.30,-87.19,-508.36,0.00,1.67,-5.09 
1747830256.91,3,-213.13,-487.73,0.42,1.46,0.78,-213.13,-487.73,0.00,0.42,-0.62 
1747830257.01,0,-87.01,-509.04,1.03,3.04,0.41,-87.01,-509.04,0.00,1.69,-5.45 
1747830257.01,3,-213.09,-487.80,0.41,1.35,0.78,-213.09,-487.80,0.00,0.42,-0.62 
1747830257.11,0,-87.38,-508.56,1.29,3.14,1.23,-87.38,-508.56,0.00,0.33,-2.87 
1747830257.11,3,-213.05,-487.86,0.41,1.35,0.78,-213.05,-487.86,0.00,0.42,-0.62 
1747830258.01,0,-85.63,-513.70,0.58,2.40,0.04,-85.63,-513.70,0.00,1.08,-4.19 
1747830258.01,3,-213.70,-487.45,0.44,1.88,0.36,-213.70,-487.45,0.00,-0.20,-0.04 
1747830258.11,0,-85.48,-514.16,0.69,2.56,0.14,-85.48,-514.16,0.00,1.20,-4.28 
1747830258.11,3,-213.80,-487.26,0.31,1.87,0.52,-213.80,-487.26,0.00,-0.41,0.49 
1747830258.51,0,-84.72,-516.60,0.62,2.44,0.02,-84.72,-516.60,0.00,1.73,-5.65 
1747830258.51,3,-213.97,-487.07,0.27,1.60,0.52,-213.97,-487.07,0.00,-0.41,0.49 
1747830258.61,0,-84.35,-517.38,0.72,2.63,0.34,-84.35,-517.38,0.00,2.14,-6.10 
1747830258.61,3,-213.99,-487.11,0.10,1.66,0.53,-213.99,-487.11,0.00,-0.38,0.33 
1747830258.81,0,-83.97,-518.73,0.88,2.93,0.55,-83.97,-518.73,0.00,2.03,-6.37 
1747830258.81,3,-214.03,-487.09,0.20,1.69,0.56,-214.03,-487.09,0.00,-0.32,0.25 
1747830259.11,0,-83.37,-520.46,1.02,3.32,0.34,-83.37,-520.46,0.00,2.02,-6.08 
1747830259.11,3,-214.13,-487.02,0.20,1.63,0.56,-214.13,-487.02,0.00,-0.32,0.25 
1747830259.21,0,-83.36,-520.65,0.73,3.23,0.13,-83.36,-520.65,0.00,1.68,-5.33 
1747830259.51,0,-82.79,-521.72,0.95,3.31,0.92,-82.79,-521.72,0.00,1.78,-4.53 
1747830259.71,0,-82.32,-523.38,1.22,2.82,0.61,-82.32,-523.38,0.00,1.98,-5.80 
1747830259.81,0,-82.15,-523.94,1.13,3.20,0.31,-82.15,-523.94,0.00,1.92,-5.77 
1747830259.81,3,-214.10,-487.28,0.30,1.52,0.25,-214.10,-487.28,0.00,-0.23,-0.12 
1747830260.01,0,-81.97,-524.83,0.83,2.79,0.06,-81.97,-524.83,0.00,1.57,-5.30 
1747830260.01,3,-214.15,-487.31,0.37,1.82,0.25,-214.15,-487.31,0.00,-0.23,-0.12 
1747830260.41,0,-81.09,-527.54,0.67,2.28,0.60,-81.09,-527.54,0.00,1.87,-6.01 
1747830260.41,3,-214.24,-487.36,0.37,1.82,0.25,-214.24,-487.36,0.00,-0.23,-0.12 
1747830260.41,5,-129.05,-583.47,0.18,0.75,1.26,-129.05,-583.47,0.00,-0.20,-0.02 
1747830260.51,0,-80.85,-528.16,0.67,1.83,0.65,-80.85,-528.16,0.00,1.97,-6.04 
1747830260.51,3,-214.38,-487.16,0.42,1.89,0.53,-214.38,-487.16,0.00,-0.35,0.10 
1747830260.71,0,-80.49,-529.05,0.71,2.18,0.36,-80.49,-529.05,0.00,1.90,-5.43 
1747830260.71,3,-214.45,-487.14,0.42,1.82,0.53,-214.45,-487.14,0.00,-0.35,0.10 
1747830261.01,0,-80.11,-530.52,0.79,2.45,0.38,-80.11,-530.52,0.00,1.60,-5.18 
1747830261.01,3,-214.55,-487.11,0.42,1.82,0.53,-214.55,-487.11,0.00,-0.35,0.10 
1747830261.01,5,-129.18,-583.45,0.20,0.77,1.38,-129.18,-583.45,0.00,-0.24,0.02 
1747830261.11,0,-80.00,-531.03,1.13,3.16,0.36,-80.00,-531.03,0.00,1.52,-5.17 
1747830261.11,3,-214.59,-487.10,0.42,1.82,0.53,-214.59,-487.10,0.00,-0.35,0.10 
1747830261.11,5,-129.25,-583.48,0.20,0.78,1.30,-129.25,-583.48,0.00,-0.32,-0.04 
1747830261.31,0,-79.56,-531.95,1.33,2.84,0.36,-79.56,-531.95,0.00,1.77,-4.96 
1747830261.31,3,-213.99,-487.61,0.43,3.18,0.68,-213.99,-487.61,0.00,0.36,-0.47 
1747830261.31,5,-129.22,-583.39,0.25,0.83,1.19,-129.22,-583.39,0.00,-0.15,0.13 
1747830261.41,0,-79.54,-532.53,1.30,2.99,0.57,-79.54,-532.53,0.00,1.47,-5.12 
1747830261.41,3,-213.96,-487.65,0.39,3.01,0.68,-213.96,-487.65,0.00,0.36,-0.47 
1747830261.41,5,-129.24,-583.38,0.33,0.96,0.90,-129.24,-583.38,0.00,-0.16,0.12 
1747830261.51,3,-213.92,-487.70,0.39,3.01,0.68,-213.92,-487.70,0.00,0.36,-0.47 
1747830261.81,0,-78.82,-535.26,0.67,1.76,0.55,-78.82,-535.26,0.00,1.63,-5.97 
1747830261.81,3,-213.81,-487.84,0.39,3.01,0.68,-213.81,-487.84,0.00,0.36,-0.47 
1747830261.81,5,-129.36,-583.40,0.22,1.10,1.27,-129.36,-583.40,0.00,-0.26,0.05 
1747830262.01,3,-213.74,-487.93,0.39,3.01,0.68,-213.74,-487.93,0.00,0.36,-0.47 
1747830262.61,0,-77.52,-539.17,0.73,2.06,0.38,-77.52,-539.17,0.00,1.66,-5.30 
1747830262.61,3,-213.52,-488.21,0.39,3.01,0.68,-213.52,-488.21,0.00,0.36,-0.47 
1747830262.61,5,-129.50,-583.33,0.22,0.88,1.07,-129.50,-583.33,0.00,-0.20,0.07 
1747830262.81,0,-77.46,-539.41,2.44,1.19,1.32,-77.46,-539.41,0.00,1.10,-3.62 
1747830262.81,3,-213.45,-488.31,0.39,3.01,0.68,-213.45,-488.31,0.00,0.36,-0.47 
1747830262.91,0,-77.28,-540.11,1.04,3.44,0.47,-77.28,-540.11,0.00,1.27,-4.42 
1747830262.91,3,-213.41,-488.35,0.39,3.01,0.68,-213.41,-488.35,0.00,0.36,-0.47 
1747830263.01,0,-77.11,-540.74,1.30,3.51,0.33,-77.11,-540.74,0.00,1.36,-4.88 
1747830263.01,3,-213.37,-488.40,0.39,3.01,0.68,-213.37,-488.40,0.00,0.36,-0.47 
1747830263.01,5,-129.59,-583.48,0.23,0.72,1.16,-129.59,-583.48,0.00,-0.24,-0.26 
1747830263.21,0,-76.77,-541.92,0.92,3.16,0.45,-76.77,-541.92,0.00,1.50,-5.29 
1747830263.21,3,-213.30,-488.49,0.39,3.01,0.68,-213.30,-488.49,0.00,0.36,-0.47 
1747830263.21,5,-129.61,-583.45,0.25,0.80,0.97,-129.61,-583.45,0.00,-0.20,-0.11 
1747830263.51,0,-76.17,-543.88,0.78,2.43,0.64,-76.17,-543.88,0.00,1.73,-5.85 
1747830263.51,3,-213.19,-488.63,0.39,3.01,0.68,-213.19,-488.63,0.00,0.36,-0.47 
1747830263.61,0,-75.94,-544.60,0.86,2.11,0.65,-75.94,-544.60,0.00,1.83,-6.09 
1747830263.61,3,-213.15,-488.68,0.39,3.01,0.68,-213.15,-488.68,0.00,0.36,-0.47 
1747830263.61,5,-129.67,-583.33,0.26,0.85,1.12,-129.67,-583.33,0.00,-0.19,0.10 
1747830263.81,0,-76.67,-544.49,0.93,2.28,1.08,-76.67,-544.49,0.00,-0.12,-3.74 
1747830263.81,3,-213.08,-488.77,0.39,3.01,0.68,-213.08,-488.77,0.00,0.36,-0.47 
1747830263.81,5,-129.76,-583.30,0.37,1.06,0.93,-129.76,-583.30,0.00,-0.26,0.11 
1747830264.21,0,-75.40,-547.37,0.85,3.21,0.64,-75.40,-547.37,0.00,1.49,-5.42 
1747830264.21,3,-212.93,-488.96,0.39,3.01,0.68,-212.93,-488.96,0.00,0.36,-0.47 
1747830264.21,5,-129.85,-583.30,0.28,1.03,0.98,-129.85,-583.30,0.00,-0.25,0.06 
1747830264.41,0,-74.84,-548.35,1.12,2.94,0.59,-74.84,-548.35,0.00,1.95,-5.25 
1747830264.41,3,-212.86,-489.05,0.39,3.01,0.68,-212.86,-489.05,0.00,0.36,-0.47 
1747830264.41,5,-129.68,-583.46,0.33,1.07,1.34,-129.68,-583.46,0.00,0.14,-0.23 
1747830264.51,0,-74.52,-548.81,1.27,2.99,0.41,-74.52,-548.81,0.00,2.19,-5.12 
1747830264.51,3,-212.83,-489.10,0.39,3.01,0.68,-212.83,-489.10,0.00,0.36,-0.47 
1747830264.51,5,-129.58,-583.54,0.25,1.17,0.96,-129.58,-583.54,0.00,0.30,-0.35 
1747830264.71,0,-73.91,-550.11,0.81,2.38,0.67,-73.91,-550.11,0.00,2.51,-5.64 
1747830264.71,3,-212.75,-489.19,0.39,3.01,0.68,-212.75,-489.19,0.00,0.36,-0.47 
1747830264.71,5,-129.45,-583.68,0.33,0.92,1.11,-129.45,-583.68,0.00,0.43,-0.49 
1747830264.81,0,-73.65,-550.76,0.79,2.06,0.70,-73.65,-550.76,0.00,2.54,-5.80 
1747830264.81,3,-212.72,-489.24,0.39,3.01,0.68,-212.72,-489.24,0.00,0.36,-0.47 
1747830264.81,5,-129.51,-583.64,0.32,1.27,1.02,-129.51,-583.64,0.00,0.25,-0.30 
1747830264.91,0,-73.40,-551.34,0.68,1.87,0.70,-73.40,-551.34,0.00,2.54,-5.80 
1747830264.91,3,-212.68,-489.29,0.39,3.01,0.68,-212.68,-489.29,0.00,0.36,-0.47 
1747830265.01,0,-73.43,-551.46,0.73,2.17,0.13,-73.43,-551.46,0.00,2.01,-4.97 
1747830265.11,0,-73.32,-551.88,0.80,2.42,0.42,-73.32,-551.88,0.00,1.84,-4.82 
1747830265.21,0,-73.16,-552.49,1.04,3.03,0.60,-73.16,-552.49,0.00,1.82,-5.05 
1747830265.41,0,-72.81,-553.51,0.96,2.93,0.37,-72.81,-553.51,0.00,1.79,-5.06 
1747830265.41,5,-129.79,-583.60,0.40,1.10,1.09,-129.79,-583.60,0.00,-0.25,-0.10 
1747830265.51,0,-72.64,-553.93,0.99,3.42,0.34,-72.64,-553.93,0.00,1.78,-4.91 
1747830265.51,5,-129.82,-583.61,0.32,1.09,0.91,-129.82,-583.61,0.00,-0.24,-0.10 
1747830265.61,0,-72.46,-554.41,0.49,2.81,0.58,-72.46,-554.41,0.00,1.78,-4.90 
1747830265.61,5,-129.84,-583.57,0.49,1.00,1.00,-129.84,-583.57,0.00,-0.24,-0.03 
1747830265.71,0,-72.41,-554.79,0.61,2.83,0.08,-72.41,-554.79,0.00,1.53,-4.71 
1747830265.71,5,-129.90,-583.55,0.51,1.21,1.27,-129.90,-583.55,0.00,-0.31,0.02 
1747830265.91,0,-72.06,-555.88,0.88,3.21,0.45,-72.06,-555.88,0.00,1.62,-4.95 
1747830265.91,5,-129.98,-583.51,0.35,1.32,0.93,-129.98,-583.51,0.00,-0.33,0.08 
1747830266.01,0,-71.76,-556.37,1.24,3.00,0.39,-71.76,-556.37,0.00,1.85,-4.93 
1747830266.01,5,-130.00,-583.48,0.43,1.04,1.14,-130.00,-583.48,0.00,-0.32,0.13 
1747830266.21,0,-71.40,-557.33,0.90,3.18,0.41,-71.40,-557.33,0.00,1.85,-4.89 
1747830266.21,5,-130.04,-583.44,0.35,1.08,0.98,-130.04,-583.44,0.00,-0.27,0.15 
1747830266.51,0,-70.73,-558.89,0.86,3.47,0.38,-70.73,-558.89,0.00,2.01,-5.03 
1747830266.61,0,-70.62,-559.44,0.99,2.86,0.62,-70.62,-559.44,0.00,1.85,-5.11 
1747830266.81,0,-70.28,-560.40,0.87,3.08,0.45,-70.28,-560.40,0.00,1.80,-4.99 
1747830266.91,0,-70.27,-560.51,0.85,2.69,0.10,-70.27,-560.51,0.00,1.47,-4.27 
1747830266.91,5,-130.13,-583.38,0.54,1.06,1.05,-130.13,-583.38,0.00,-0.24,0.21 
1747830267.21,0,-69.83,-561.79,0.49,1.66,0.10,-69.83,-561.79,0.00,1.47,-4.27 
1747830267.21,5,-130.30,-583.36,0.57,1.22,0.82,-130.30,-583.36,0.00,-0.38,0.15 
1747830267.31,0,-69.70,-562.40,0.47,1.77,0.22,-69.70,-562.40,0.00,1.45,-4.53 
1747830267.31,5,-130.31,-583.35,0.36,1.04,0.72,-130.31,-583.35,0.00,-0.34,0.13 
1747830267.41,0,-69.62,-562.81,0.78,1.63,0.11,-69.62,-562.81,0.00,1.33,-4.46 
1747830267.41,5,-130.33,-583.33,0.38,1.00,0.70,-130.33,-583.33,0.00,-0.31,0.14 
1747830267.51,0,-69.27,-563.49,0.79,2.05,0.48,-69.27,-563.49,0.00,1.73,-4.88 
1747830267.51,5,-130.41,-583.27,0.56,1.20,1.21,-130.41,-583.27,0.00,-0.39,0.24 
1747830267.61,0,-69.15,-563.90,0.78,1.85,0.18,-69.15,-563.90,0.00,1.63,-4.73 
1747830267.61,5,-130.45,-583.26,0.38,1.18,0.82,-130.45,-583.26,0.00,-0.40,0.21 
1747830268.31,0,-67.41,-567.73,0.34,3.05,0.66,-67.41,-567.73,0.00,1.94,-5.00 
1747830268.31,5,-130.49,-583.29,0.45,1.04,0.68,-130.49,-583.29,0.00,-0.28,0.12 
1747830268.51,0,-66.99,-568.68,0.45,3.05,0.42,-66.99,-568.68,0.00,2.01,-4.89 
1747830268.51,5,-130.52,-583.29,0.43,0.93,0.90,-130.52,-583.29,0.00,-0.22,0.08 
1747830268.61,0,-66.71,-569.28,0.55,3.03,0.48,-66.71,-569.28,0.00,2.21,-5.17 
1747830268.61,5,-130.55,-583.34,0.40,1.00,0.64,-130.55,-583.34,0.00,-0.23,-0.06 
1747830268.81,0,-66.30,-570.39,0.77,2.82,0.67,-66.30,-570.39,0.00,2.16,-5.35 
1747830268.81,5,-130.60,-583.43,0.47,1.35,0.50,-130.60,-583.43,0.00,-0.23,-0.24 
1747830269.01,0,-65.63,-571.66,0.52,2.15,0.79,-65.63,-571.66,0.00,2.59,-5.71 
1747830269.01,5,-130.57,-583.47,0.38,0.96,0.65,-130.57,-583.47,0.00,-0.10,-0.23 
1747830269.21,0,-65.18,-572.77,0.58,2.05,0.76,-65.18,-572.77,0.00,2.49,-5.67 
1747830269.21,5,-130.65,-583.42,0.41,1.05,0.46,-130.65,-583.42,0.00,-0.20,-0.07 
1747830269.31,0,-65.06,-573.00,0.60,2.47,0.55,-65.06,-573.00,0.00,2.25,-5.06 
1747830269.31,5,-130.72,-583.32,0.39,1.38,0.68,-130.72,-583.32,0.00,-0.29,0.12 
1747830269.51,0,-64.91,-573.48,1.03,2.20,1.52,-64.91,-573.48,0.00,1.75,-4.16 
1747830269.51,5,-130.75,-583.39,0.57,1.18,0.55,-130.75,-583.39,0.00,-0.25,-0.04 
1747830269.61,0,-64.59,-573.97,0.79,3.12,0.54,-64.59,-573.97,0.00,2.00,-4.29 
1747830269.61,5,-130.82,-583.46,0.80,1.26,0.85,-130.82,-583.46,0.00,-0.33,-0.16 
1747830269.81,0,-64.09,-574.90,0.88,3.09,0.53,-64.09,-574.90,0.00,2.16,-4.42 
1747830269.81,5,-130.83,-583.53,0.45,1.40,0.82,-130.83,-583.53,0.00,-0.24,-0.21 
1747830269.91,0,-63.82,-575.35,0.68,2.85,0.54,-63.82,-575.35,0.00,2.27,-4.42 
1747830269.91,5,-130.83,-583.49,0.47,1.15,0.65,-130.83,-583.49,0.00,-0.18,-0.10 
1747830270.11,0,-63.26,-576.53,0.67,2.41,0.72,-63.26,-576.53,0.00,2.44,-4.93 
1747830270.11,5,-130.91,-583.41,0.74,1.46,0.59,-130.91,-583.41,0.00,-0.27,0.05 
1747830270.41,0,-62.68,-578.04,0.93,3.30,0.50,-62.68,-578.04,0.00,2.23,-4.96 
1747830270.41,5,-130.96,-583.39,0.45,1.06,0.52,-130.96,-583.39,0.00,-0.22,0.07 
1747830270.51,0,-62.57,-578.48,0.53,3.06,0.68,-62.57,-578.48,0.00,2.04,-4.87 
1747830270.51,5,-130.99,-583.38,0.42,1.15,0.50,-130.99,-583.38,0.00,-0.23,0.07 
1747830270.61,0,-62.13,-579.05,1.32,2.32,0.63,-62.13,-579.05,0.00,2.48,-5.02 
1747830270.71,0,-61.97,-579.36,0.86,3.73,0.49,-61.97,-579.36,0.00,2.31,-4.64 
1747830270.81,0,-61.82,-579.76,0.83,3.13,0.47,-61.82,-579.76,0.00,2.15,-4.52 
1747830270.81,5,-131.03,-583.53,0.46,1.02,0.29,-131.03,-583.53,0.00,-0.19,-0.22 
1747830271.01,0,-61.46,-580.68,1.52,3.08,0.59,-61.46,-580.68,0.00,2.03,-4.55 
1747830272.01,0,-59.42,-585.23,1.36,3.02,0.59,-59.42,-585.23,0.00,2.03,-4.55 
1747830272.01,5,-131.29,-583.68,0.54,1.24,0.26,-131.29,-583.68,0.00,-0.17,-0.15 
1747830272.11,0,-58.83,-586.19,0.43,2.26,0.71,-58.83,-586.19,0.00,2.21,-4.78 
1747830272.11,5,-131.33,-583.63,0.56,1.18,0.16,-131.33,-583.63,0.00,-0.25,0.07 
1747830272.41,0,-58.70,-587.12,0.37,0.39,0.94,-58.70,-587.12,0.00,0.94,-3.60 
1747830272.51,0,-58.44,-587.52,0.38,0.44,0.44,-58.44,-587.52,0.00,1.37,-3.70 
1747830272.51,5,-131.31,-583.75,0.40,0.89,0.31,-131.31,-583.75,0.00,0.01,-0.25 
1747830272.61,0,-58.61,-587.80,0.40,0.47,0.34,-58.61,-587.80,0.00,0.57,-3.46 
1747830272.91,0,-58.12,-588.88,0.43,0.56,0.34,-58.12,-588.88,0.00,1.13,-3.53 
1747830272.91,5,-131.38,-583.86,0.53,1.05,0.24,-131.38,-583.86,0.00,-0.11,-0.28 
1747830273.01,0,-57.95,-589.26,0.45,0.68,0.21,-57.95,-589.26,0.00,1.23,-3.58 
1747830273.01,5,-131.47,-583.82,0.69,1.45,0.25,-131.47,-583.82,0.00,-0.25,-0.16 
1747830273.11,0,-57.49,-589.99,0.47,0.82,0.53,-57.49,-589.99,0.00,1.90,-4.33 
1747830273.11,5,-131.49,-583.81,0.53,1.37,0.25,-131.49,-583.81,0.00,-0.24,-0.09 
1747830273.51,0,-56.45,-592.12,0.48,1.04,0.44,-56.45,-592.12,0.00,2.25,-4.82 
1747830273.51,5,-131.58,-583.90,0.58,1.35,0.15,-131.58,-583.90,0.00,-0.23,-0.16 
1747830273.71,0,-56.05,-593.20,0.53,1.22,0.74,-56.05,-593.20,0.00,2.17,-5.02 
1747830273.71,5,-131.53,-583.95,0.99,0.52,1.55,-131.53,-583.95,0.00,-0.07,-0.20 
1747830273.91,0,-55.53,-594.01,0.58,1.40,0.50,-55.53,-594.01,0.00,2.33,-4.68 
1747830274.31,0,-55.15,-595.40,0.84,1.71,0.15,-55.15,-595.40,0.00,1.63,-4.07 
1747830274.41,0,-54.82,-596.00,0.86,2.09,0.59,-54.82,-596.00,0.00,1.91,-4.40 
1747830274.41,5,-131.66,-584.07,0.59,0.84,1.17,-131.66,-584.07,0.00,-0.21,-0.23 
1747830274.51,0,-54.80,-596.20,0.33,1.91,0.47,-54.80,-596.20,0.00,1.56,-3.90 
1747830274.51,5,-131.73,-583.95,0.37,1.30,0.38,-131.73,-583.95,0.00,-0.30,0.08 
1747830274.61,0,-54.44,-596.74,0.38,2.05,0.51,-54.44,-596.74,0.00,2.00,-4.23 
1747830274.61,5,-131.74,-583.99,1.31,0.36,1.51,-131.74,-583.99,0.00,-0.27,-0.02 
1747830274.81,0,-54.24,-597.40,0.49,2.02,0.15,-54.24,-597.40,0.00,1.64,-3.87 
1747830274.81,5,-131.77,-583.94,0.40,1.11,0.02,-131.77,-583.94,0.00,-0.23,0.08 
1747830274.91,0,-53.91,-598.05,0.58,2.17,0.44,-53.91,-598.05,0.00,1.95,-4.38 
1747830275.11,0,-53.65,-598.84,0.65,1.64,0.24,-53.65,-598.84,0.00,1.72,-4.24 
1747830275.21,0,-53.52,-599.33,0.54,1.47,0.17,-53.52,-599.33,0.00,1.65,-4.34 
1747830275.21,5,-131.83,-584.08,0.51,1.10,0.06,-131.83,-584.08,0.00,-0.18,-0.19 
1747830275.51,0,-53.03,-600.50,0.54,1.95,0.13,-53.03,-600.50,0.00,1.65,-4.16 
1747830275.51,5,-131.87,-584.14,0.88,0.52,1.38,-131.87,-584.14,0.00,-0.17,-0.20 
1747830275.61,0,-52.89,-600.84,0.55,1.83,0.16,-52.89,-600.84,0.00,1.59,-4.03 
1747830275.61,5,-131.92,-584.15,1.09,0.32,1.45,-131.92,-584.15,0.00,-0.22,-0.18 
1747830275.71,0,-52.77,-601.23,0.59,1.55,0.15,-52.77,-601.23,0.00,1.53,-4.01 
1747830275.71,5,-131.97,-584.10,1.17,0.36,1.42,-131.97,-584.10,0.00,-0.28,-0.06 
1747830275.81,0,-52.60,-601.73,0.51,1.64,0.24,-52.60,-601.73,0.00,1.57,-4.20 
1747830275.81,5,-131.98,-584.10,1.12,0.43,1.35,-131.98,-584.10,0.00,-0.24,-0.05 
1747830275.91,0,-52.44,-602.24,0.52,1.86,0.15,-52.44,-602.24,0.00,1.57,-4.37 
1747830275.91,5,-131.99,-584.10,1.11,0.45,1.35,-131.99,-584.10,0.00,-0.21,-0.04 
1747830276.01,0,-52.26,-602.67,0.57,1.48,0.12,-52.26,-602.67,0.00,1.61,-4.38 
1747830276.21,0,-51.62,-603.84,0.62,1.73,0.54,-51.62,-603.84,0.00,2.14,-4.87 
1747830276.21,5,-132.02,-584.18,1.12,0.31,1.18,-132.02,-584.18,0.00,-0.17,-0.15 
1747830276.31,0,-51.41,-604.33,0.66,2.03,0.54,-51.41,-604.33,0.00,2.14,-4.87 
1747830276.31,5,-132.02,-584.22,1.16,0.39,1.34,-132.02,-584.22,0.00,-0.14,-0.18 
1747830276.41,0,-51.03,-605.00,0.71,2.36,0.51,-51.03,-605.00,0.00,2.42,-5.18 
1747830276.51,0,-50.92,-605.51,0.40,0.44,1.25,-50.92,-605.51,0.00,2.20,-5.16 
1747830276.61,0,-50.82,-605.86,0.40,0.61,0.43,-50.82,-605.86,0.00,1.99,-4.88 
1747830276.71,0,-50.68,-606.24,0.20,1.72,0.46,-50.68,-606.24,0.00,1.89,-4.70 
1747830276.71,5,-132.08,-584.22,1.40,0.34,1.41,-132.08,-584.22,0.00,-0.14,-0.15 
1747830276.81,0,-50.52,-606.60,0.30,1.73,0.41,-50.52,-606.60,0.00,1.83,-4.51 
1747830276.81,5,-132.11,-584.29,1.18,0.30,1.39,-132.11,-584.29,0.00,-0.18,-0.25 
1747830276.91,0,-50.32,-607.02,0.35,1.46,0.39,-50.32,-607.02,0.00,1.86,-4.44 
1747830276.91,5,-132.13,-584.39,1.27,0.27,1.46,-132.13,-584.39,0.00,-0.18,-0.38 
1747830277.01,0,-50.16,-607.34,0.39,1.63,0.19,-50.16,-607.34,0.00,1.81,-4.22 
1747830277.01,5,-132.16,-584.41,0.80,0.32,1.38,-132.16,-584.41,0.00,-0.20,-0.35 
1747830277.21,0,-49.76,-608.43,1.09,0.27,1.55,-49.76,-608.43,0.00,1.88,-4.62 
1747830277.21,5,-132.20,-584.40,0.94,0.22,1.36,-132.20,-584.40,0.00,-0.20,-0.22 
1747830277.31,0,-49.66,-608.78,1.05,0.45,0.16,-49.66,-608.78,0.00,1.73,-4.43 
1747830277.31,5,-132.26,-584.36,1.00,0.26,1.27,-132.26,-584.36,0.00,-0.26,-0.12 
1747830277.41,0,-49.53,-609.17,0.97,0.72,0.13,-49.53,-609.17,0.00,1.65,-4.33 
1747830277.41,5,-132.29,-584.30,1.04,0.32,1.39,-132.29,-584.30,0.00,-0.27,0.01 
1747830277.51,0,-49.34,-609.59,0.61,1.66,0.15,-49.34,-609.59,0.00,1.69,-4.29 
1747830277.81,0,-48.78,-610.83,1.66,0.68,1.56,-48.78,-610.83,0.00,1.76,-4.23 
1747830277.81,5,-132.29,-584.44,0.10,0.76,0.03,-132.29,-584.44,0.00,-0.14,-0.18 
1747830278.01,0,-48.38,-611.76,0.53,1.65,0.19,-48.38,-611.76,0.00,1.85,-4.38 
1747830278.11,0,-48.05,-612.27,0.79,1.81,0.46,-48.05,-612.27,0.00,2.11,-4.50 
1747830278.11,5,-132.33,-584.50,1.15,0.20,1.38,-132.33,-584.50,0.00,-0.14,-0.24 
1747830278.21,0,-47.79,-612.71,0.65,1.41,0.47,-47.79,-612.71,0.00,2.20,-4.48 
1747830278.21,5,-132.35,-584.53,0.52,0.15,1.32,-132.35,-584.53,0.00,-0.14,-0.25 
1747830278.41,0,-47.35,-613.61,0.52,1.37,0.47,-47.35,-613.61,0.00,2.20,-4.48 
1747830278.41,5,-132.41,-584.64,0.63,0.15,1.41,-132.41,-584.64,0.00,-0.19,-0.37 
1747830278.51,0,-47.13,-614.05,0.52,1.37,0.47,-47.13,-614.05,0.00,2.20,-4.48 
1747830278.51,5,-132.38,-584.64,0.74,0.25,1.46,-132.38,-584.64,0.00,-0.12,-0.29 
1747830278.91,0,-46.38,-615.94,0.28,1.32,0.40,-46.38,-615.94,0.00,2.06,-4.58 
1747830278.91,5,-132.40,-584.78,0.66,0.42,1.15,-132.40,-584.78,0.00,-0.08,-0.31 
1747830279.01,0,-46.21,-616.37,0.22,1.38,0.44,-46.21,-616.37,0.00,2.00,-4.55 
1747830279.01,5,-132.47,-584.73,0.99,0.26,1.29,-132.47,-584.73,0.00,-0.18,-0.18 
1747830279.21,0,-45.86,-617.28,0.39,1.32,0.40,-45.86,-617.28,0.00,1.92,-4.55 
1747830279.21,5,-132.52,-584.80,1.38,0.19,1.38,-132.52,-584.80,0.00,-0.21,-0.25 
1747830279.31,0,-45.41,-618.00,0.43,1.47,0.50,-45.41,-618.00,0.00,2.44,-5.08 
1747830279.31,5,-132.53,-584.75,0.82,0.19,1.18,-132.53,-584.75,0.00,-0.20,-0.11 
1747830279.61,0,-44.58,-619.59,0.50,1.60,0.60,-44.58,-619.59,0.00,2.59,-5.19 
