1747830129.22,0,-158.62,-268.64,0.68,1.15,1.06,-158.62,-268.64,0.00,1.40,-4.90 
1747830129.32,0,-158.37,-269.15,1.52,0.45,0.32,-158.37,-269.15,0.00,1.49,-4.91 
1747830129.42,0,-158.26,-269.63,0.65,1.39,0.99,-158.26,-269.63,0.00,1.46,-4.91 
1747830129.52,0,-158.03,-270.13,1.47,0.32,0.33,-158.03,-270.13,0.00,1.52,-4.91 
1747830129.72,0,-157.62,-271.05,1.55,0.39,0.30,-157.62,-271.05,0.00,1.61,-4.86 
1747830129.92,0,-157.31,-271.90,0.79,0.10,0.32,-157.31,-271.90,0.00,1.60,-4.78 
1747830130.02,0,-157.16,-272.37,1.04,0.15,0.40,-157.16,-272.37,0.00,1.59,-4.77 
1747830130.12,0,-157.04,-272.82,1.08,0.18,0.24,-157.04,-272.82,0.00,1.56,-4.75 
1747830130.22,0,-156.90,-273.23,1.05,0.29,1.27,-156.90,-273.23,0.00,1.55,-4.70 
1747830130.32,0,-156.78,-273.67,1.14,0.34,0.97,-156.78,-273.67,0.00,1.52,-4.68 
1747830130.42,0,-156.60,-274.12,1.29,0.17,0.36,-156.60,-274.12,0.00,1.54,-4.66 
1747830130.52,0,-156.49,-274.50,1.31,0.23,0.35,-156.49,-274.50,0.00,1.51,-4.60 
1747830130.62,0,-156.34,-274.96,1.44,0.19,0.35,-156.34,-274.96,0.00,1.51,-4.60 
1747830130.72,0,-156.30,-275.40,1.43,0.28,0.93,-156.30,-275.40,0.00,1.43,-4.58 
1747830130.82,0,-156.17,-275.85,1.06,0.29,0.53,-156.17,-275.85,0.00,1.42,-4.58 
1747830131.12,0,-155.80,-277.18,1.12,0.34,0.25,-155.80,-277.18,0.00,1.38,-4.55 
1747830131.22,0,-155.74,-277.61,1.46,0.43,0.39,-155.74,-277.61,0.00,1.33,-4.53 
1747830131.32,0,-155.63,-278.08,1.18,0.19,0.55,-155.63,-278.08,0.00,1.32,-4.54 
1747830131.52,0,-155.37,-278.83,1.53,0.29,0.39,-155.37,-278.83,0.00,1.32,-4.44 
1747830131.82,0,-155.00,-280.06,1.52,0.40,0.40,-155.00,-280.06,0.00,1.29,-4.37 
1747830132.02,0,-154.73,-280.89,0.97,0.30,0.40,-154.73,-280.89,0.00,1.30,-4.34 
1747830132.12,0,-154.63,-281.22,1.03,0.36,0.50,-154.63,-281.22,0.00,1.28,-4.27 
1747830132.32,0,-154.42,-282.08,1.54,0.32,0.50,-154.42,-282.08,0.00,1.25,-4.27 
1747830132.42,0,-154.33,-282.51,1.55,0.22,0.46,-154.33,-282.51,0.00,1.22,-4.27 
1747830132.72,0,-153.88,-283.67,1.66,0.26,0.66,-153.88,-283.67,0.00,1.28,-4.19 
1747830132.92,0,-153.61,-284.48,1.30,0.23,0.34,-153.61,-284.48,0.00,1.29,-4.17 
1747830133.12,0,-153.37,-285.29,0.95,0.25,0.48,-153.37,-285.29,0.00,1.28,-4.15 
1747830133.32,0,-153.23,-286.08,0.94,0.36,0.91,-153.23,-286.08,0.00,1.20,-4.12 
1747830133.52,0,-153.00,-286.92,1.25,0.25,0.45,-153.00,-286.92,0.00,1.19,-4.13 
1747830133.62,0,-152.85,-287.31,1.31,0.31,0.45,-152.85,-287.31,0.00,1.21,-4.12 
1747830133.72,0,-152.74,-287.71,1.17,0.16,0.40,-152.74,-287.71,0.00,1.20,-4.11 
1747830133.82,0,-152.68,-288.14,1.28,0.18,0.60,-152.68,-288.14,0.00,1.16,-4.13 
1747830133.92,0,-152.59,-288.55,1.35,0.34,0.48,-152.59,-288.55,0.00,1.14,-4.12 
1747830134.72,0,-151.57,-291.80,1.50,0.23,0.65,-151.57,-291.80,0.00,1.19,-4.10 
1747830134.82,0,-151.16,-292.24,1.52,0.30,0.54,-151.16,-292.24,0.00,1.36,-4.12 
1747830135.32,0,-150.16,-294.73,1.52,0.45,0.48,-150.16,-294.73,0.00,1.59,-4.42 
1747830135.82,0,-149.00,-296.99,1.51,0.66,0.88,-149.00,-296.99,0.00,1.84,-4.45 
1747830136.12,0,-148.33,-298.18,1.54,0.88,0.71,-148.33,-298.18,0.00,1.92,-4.36 
1747830136.42,0,-148.10,-299.15,1.68,1.02,1.52,-148.10,-299.15,0.00,1.68,-4.12 
1747830136.52,0,-147.95,-299.63,1.66,1.38,0.33,-147.95,-299.63,0.00,1.67,-4.17 
1747830138.32,0,-144.33,-306.78,1.09,2.46,1.07,-144.33,-306.78,0.00,1.79,-4.10 
1747830138.52,0,-144.25,-307.22,1.67,1.06,0.66,-144.25,-307.22,0.00,1.60,-3.84 
1747830138.62,0,-144.07,-307.49,1.67,1.33,0.59,-144.07,-307.49,0.00,1.62,-3.73 
1747830138.72,0,-144.05,-307.65,1.71,2.02,0.82,-144.05,-307.65,0.00,1.44,-3.47 
1747830138.82,0,-143.99,-308.05,1.61,0.25,0.33,-143.99,-308.05,0.00,1.33,-3.55 
1747830138.92,0,-143.93,-308.42,1.50,0.32,0.46,-143.93,-308.42,0.00,1.22,-3.56 
1747830139.02,0,-143.70,-309.02,1.50,0.47,0.34,-143.70,-309.02,0.00,1.38,-3.91 
1747830139.12,0,-143.66,-309.40,1.49,0.63,0.59,-143.66,-309.40,0.00,1.25,-3.90 
1747830139.32,0,-143.47,-310.23,1.49,0.22,0.66,-143.47,-310.23,0.00,1.17,-3.96 
1747830139.42,0,-143.34,-310.76,1.56,0.27,1.38,-143.34,-310.76,0.00,1.19,-4.12 
1747830139.52,0,-143.20,-311.24,1.61,0.34,1.35,-143.20,-311.24,0.00,1.21,-4.19 
1747830139.92,0,-142.58,-312.84,2.22,0.45,0.72,-142.58,-312.84,0.00,1.33,-4.13 
1747830140.02,0,-142.34,-313.33,0.84,1.50,0.95,-142.34,-313.33,0.00,1.41,-4.19 
1747830140.12,0,-142.17,-313.63,2.11,1.12,0.46,-142.17,-313.63,0.00,1.44,-4.10 
1747830140.22,0,-141.98,-314.04,1.82,0.93,0.21,-141.98,-314.04,0.00,1.48,-4.09 
1747830140.42,0,-141.75,-314.87,2.03,0.70,0.34,-141.75,-314.87,0.00,1.43,-4.11 
1747830140.62,0,-141.47,-315.70,1.52,0.17,0.45,-141.47,-315.70,0.00,1.42,-4.11 
1747830140.72,0,-141.40,-316.27,1.60,0.21,1.14,-141.40,-316.27,0.00,1.37,-4.23 
1747830141.02,0,-140.99,-317.69,1.65,0.25,1.00,-140.99,-317.69,0.00,1.37,-4.34 
1747830141.12,0,-140.83,-318.09,1.74,0.30,0.73,-140.83,-318.09,0.00,1.38,-4.31 
1747830141.22,0,-140.69,-318.51,1.72,0.41,0.51,-140.69,-318.51,0.00,1.39,-4.30 
1747830141.32,0,-140.60,-319.05,1.86,0.48,1.11,-140.60,-319.05,0.00,1.35,-4.38 
1747830142.12,0,-139.91,-322.89,2.02,0.56,0.89,-139.91,-322.89,0.00,1.16,-4.54 
1747830142.32,0,-139.90,-324.00,2.19,0.66,0.59,-139.90,-324.00,0.00,1.02,-4.67 
1747830142.92,0,-139.90,-327.36,2.37,0.76,1.30,-139.90,-327.36,0.00,0.62,-5.04 
1747830143.12,0,-140.08,-328.65,2.58,0.88,1.28,-140.08,-328.65,0.00,0.40,-5.24 
1747830143.52,0,-140.19,-330.52,2.63,1.11,0.51,-140.19,-330.52,0.00,0.21,-5.08 
1747830143.62,0,-140.35,-331.27,2.96,1.23,1.38,-140.35,-331.27,0.00,0.08,-5.26 
1747830143.72,0,-140.45,-331.77,3.19,1.41,1.20,-140.45,-331.77,0.00,-0.00,-5.24 
1747830143.82,0,-140.39,-332.13,3.46,1.53,0.56,-140.39,-332.13,0.00,0.04,-5.11 
1747830143.92,0,-140.37,-332.48,2.16,1.79,0.20,-140.37,-332.48,0.00,0.06,-4.98 
1747830144.32,0,-140.91,-334.30,2.25,1.73,0.90,-140.91,-334.30,0.00,-0.36,-4.86 
1747830144.42,0,-140.95,-334.78,1.41,0.40,0.90,-140.95,-334.78,0.00,-0.36,-4.86 
1747830145.02,0,-142.00,-337.91,1.48,0.44,1.12,-142.00,-337.91,0.00,-0.86,-4.98 
1747830145.12,0,-142.47,-338.44,1.55,0.52,1.10,-142.47,-338.44,0.00,-1.10,-5.01 
1747830145.22,0,-142.80,-338.87,1.67,0.59,0.55,-142.80,-338.87,0.00,-1.25,-4.96 
1747830145.52,0,-143.60,-340.21,1.74,0.69,0.81,-143.60,-340.21,0.00,-1.56,-4.85 
1747830145.62,0,-143.98,-340.55,1.88,0.80,0.30,-143.98,-340.55,0.00,-1.73,-4.74 
1747830145.72,0,-144.29,-340.95,2.00,0.95,0.99,-144.29,-340.95,0.00,-1.84,-4.68 
1747830145.82,0,-144.69,-341.32,2.19,1.08,0.32,-144.69,-341.32,0.00,-2.00,-4.60 
1747830146.02,0,-145.37,-342.14,2.38,1.25,0.84,-145.37,-342.14,0.00,-2.23,-4.53 
1747830146.22,0,-146.05,-343.13,2.72,1.39,0.86,-146.05,-343.13,0.00,-2.40,-4.59 
1747830146.32,0,-146.48,-343.58,2.99,1.59,0.87,-146.48,-343.58,0.00,-2.55,-4.59 
1747830146.42,0,-146.96,-344.06,3.31,1.80,0.74,-146.96,-344.06,0.00,-2.73,-4.60 
1747830146.62,0,-147.70,-344.92,3.64,2.00,0.59,-147.70,-344.92,0.00,-2.87,-4.56 
1747830146.72,0,-148.10,-345.17,3.82,2.35,0.18,-148.10,-345.17,0.00,-2.96,-4.40 
1747830146.82,0,-148.51,-345.59,3.98,2.25,0.71,-148.51,-345.59,0.00,-3.04,-4.39 
1747830146.92,0,-148.81,-345.94,5.19,2.74,0.33,-148.81,-345.94,0.00,-3.03,-4.32 
1747830147.12,0,-149.53,-346.67,4.85,2.89,0.50,-149.53,-346.67,0.00,-3.12,-4.23 
1747830147.32,0,-150.31,-347.23,4.87,4.05,0.05,-150.31,-347.23,0.00,-3.23,-4.03 
1747830147.72,0,-151.64,-348.46,7.67,3.60,0.43,-151.64,-348.46,0.00,-3.25,-3.78 
1747830147.92,0,-152.64,-348.99,6.06,3.32,0.33,-152.64,-348.99,0.00,-3.49,-3.63 
1747830148.12,0,-153.66,-349.46,5.57,3.42,0.30,-153.66,-349.46,0.00,-3.72,-3.45 
1747830148.22,0,-154.33,-349.65,6.40,2.95,0.25,-154.33,-349.65,0.00,-3.92,-3.34 
1747830148.32,0,-154.64,-349.72,8.43,3.25,0.35,-154.64,-349.72,0.00,-3.86,-3.15 
1747830148.52,0,-155.72,-350.18,6.54,3.15,0.19,-155.72,-350.18,0.00,-4.08,-3.03 
1747830148.92,0,-157.78,-351.00,6.57,3.63,0.08,-157.78,-351.00,0.00,-4.37,-2.77 
1747830149.12,0,-158.93,-351.21,3.68,6.35,1.37,-158.93,-351.21,0.00,-4.56,-2.54 
1747830149.62,0,-161.76,-351.77,3.93,7.18,1.20,-161.76,-351.77,0.00,-4.90,-2.09 
1747830149.82,0,-162.63,-351.73,3.47,7.58,1.46,-162.63,-351.73,0.00,-4.83,-1.78 
1747830149.92,0,-163.40,-351.56,5.63,4.45,0.20,-163.40,-351.56,0.00,-5.03,-1.54 
1747830150.02,0,-164.10,-351.37,3.91,6.42,1.36,-164.10,-351.37,0.00,-5.17,-1.29 
1747830150.42,0,-166.38,-351.43,3.38,6.44,1.33,-166.38,-351.43,0.00,-5.32,-0.97 
1747830150.82,0,-168.72,-351.14,5.29,4.84,0.01,-168.72,-351.14,0.00,-5.46,-0.50 
1747830151.12,0,-170.46,-350.56,3.78,6.00,0.64,-170.46,-350.56,0.00,-5.54,-0.01 
1747830151.42,0,-172.15,-349.87,3.75,6.06,1.05,-172.15,-349.87,0.00,-5.56,0.46 
1747830151.52,0,-172.34,-349.62,3.54,8.63,1.01,-172.34,-349.62,0.00,-5.30,0.61 
1747830151.92,0,-173.86,-348.97,5.06,9.30,0.96,-173.86,-348.97,0.00,-4.90,0.88 
1747830152.12,0,-175.00,-348.21,3.03,6.78,0.86,-175.00,-348.21,0.00,-5.01,1.28 
1747830152.32,0,-175.75,-347.72,3.71,7.68,0.77,-175.75,-347.72,0.00,-4.83,1.45 
1747830152.62,0,-176.07,-347.09,3.99,9.08,1.22,-176.07,-347.09,0.00,-4.05,1.58 
1747830153.02,0,-178.11,-345.47,3.30,8.45,0.65,-178.11,-345.47,0.00,-4.32,2.23 
1747830153.22,0,-179.14,-344.37,3.32,7.35,0.59,-179.14,-344.37,0.00,-4.44,2.67 
1747830153.52,0,-180.26,-343.37,4.03,7.39,0.95,-180.26,-343.37,0.00,-4.29,2.80 
1747830153.82,0,-180.50,-342.74,4.11,9.22,0.96,-180.50,-342.74,0.00,-3.59,2.66 
1747830153.92,0,-181.11,-341.92,3.90,8.33,0.09,-181.11,-341.92,0.00,-3.76,3.05 
1747830154.12,0,-181.80,-341.06,3.33,8.74,0.37,-181.80,-341.06,0.00,-3.71,3.22 
1747830154.72,0,-183.85,-338.57,2.54,8.50,0.25,-183.85,-338.57,0.00,-3.61,3.55 
1747830154.82,0,-184.22,-337.30,2.44,7.64,0.22,-184.22,-337.30,0.00,-3.62,4.14 
1747830155.12,0,-185.01,-335.92,3.39,7.83,0.13,-185.01,-335.92,0.00,-3.40,4.24 
1747830155.22,0,-185.01,-335.29,4.23,8.40,0.21,-185.01,-335.29,0.00,-3.16,4.39 
1747830155.42,0,-185.36,-334.28,3.87,7.58,0.17,-185.36,-334.28,0.00,-2.94,4.49 
1747830155.52,0,-185.57,-333.49,3.77,6.19,0.54,-185.57,-333.49,0.00,-2.88,4.75 
1747830155.82,0,-186.12,-332.09,3.41,8.01,0.20,-186.12,-332.09,0.00,-2.64,4.73 
1747830155.92,0,-186.08,-331.72,4.79,9.04,0.08,-186.08,-331.72,0.00,-2.41,4.65 
1747830156.12,0,-186.46,-330.35,2.50,6.78,0.12,-186.46,-330.35,0.00,-2.33,4.98 
1747830156.22,0,-186.44,-329.85,3.83,8.04,0.42,-186.44,-329.85,0.00,-2.14,4.98 
1747830156.32,0,-186.36,-329.33,4.85,7.72,0.19,-186.36,-329.33,0.00,-1.92,5.00 
1747830156.52,0,-186.56,-328.30,7.93,3.79,1.56,-186.56,-328.30,0.00,-1.79,5.02 
1747830156.62,0,-186.59,-327.70,3.73,6.94,0.40,-186.59,-327.70,0.00,-1.68,5.09 
1747830156.72,0,-186.65,-326.87,2.66,7.24,0.09,-186.65,-326.87,0.00,-1.60,5.33 
1747830156.82,0,-186.76,-326.07,5.81,1.99,1.53,-186.76,-326.07,0.00,-1.56,5.53 
1747830156.92,0,-186.77,-325.27,3.01,5.63,0.00,-186.77,-325.27,0.00,-1.45,5.72 
1747830157.02,0,-186.87,-324.60,2.86,5.34,0.34,-186.87,-324.60,0.00,-1.42,5.78 
1747830157.12,0,-186.92,-324.04,3.99,2.38,1.13,-186.92,-324.04,0.00,-1.35,5.78 
1747830157.22,0,-186.99,-323.33,2.20,5.02,0.15,-186.99,-323.33,0.00,-1.31,5.87 
1747830157.42,0,-187.09,-322.13,3.91,2.63,1.26,-187.09,-322.13,0.00,-1.19,5.89 
1747830157.52,0,-187.15,-321.77,1.68,9.22,0.09,-187.15,-321.77,0.00,-1.14,5.73 
1747830157.62,0,-187.10,-321.19,3.99,3.03,1.08,-187.10,-321.19,0.00,-1.03,5.73 
1747830157.72,0,-187.16,-320.60,1.63,4.51,0.04,-187.16,-320.60,0.00,-0.99,5.74 
1747830157.82,0,-187.21,-319.96,4.62,1.92,1.50,-187.21,-319.96,0.00,-0.96,5.79 
1747830157.92,0,-187.26,-319.37,4.10,2.01,1.46,-187.26,-319.37,0.00,-0.93,5.80 
1747830158.32,0,-187.55,-317.22,2.23,3.71,0.08,-187.55,-317.22,0.00,-0.88,5.69 
1747830158.42,0,-187.44,-316.77,3.28,3.46,0.90,-187.44,-316.77,0.00,-0.75,5.61 
1747830158.52,0,-187.50,-316.62,9.15,2.37,1.42,-187.50,-316.62,0.00,-0.73,5.32 
1747830158.62,0,-187.45,-316.13,3.26,2.56,1.05,-187.45,-316.13,0.00,-0.64,5.29 
1747830158.72,0,-187.48,-315.64,1.93,2.92,0.04,-187.48,-315.64,0.00,-0.62,5.26 
1747830159.52,0,-187.84,-311.43,4.47,2.15,1.35,-187.84,-311.43,0.00,-0.55,5.26 
1747830159.72,0,-187.81,-310.62,2.28,3.31,0.58,-187.81,-310.62,0.00,-0.46,5.11 
1747830160.32,0,-188.08,-307.19,1.71,4.04,0.25,-188.08,-307.19,0.00,-0.46,5.35 
1747830160.42,0,-187.94,-306.75,2.41,2.27,1.57,-187.94,-306.75,0.00,-0.32,5.28 
1747830160.52,0,-187.86,-306.42,3.08,2.08,1.12,-187.86,-306.42,0.00,-0.24,5.13 
1747830160.82,0,-187.93,-305.06,3.48,1.30,1.26,-187.93,-305.06,0.00,-0.24,4.99 
1747830161.02,0,-188.02,-304.24,2.04,1.72,0.15,-188.02,-304.24,0.00,-0.27,4.85 
1747830161.12,0,-188.13,-303.54,2.02,2.26,0.46,-188.13,-303.54,0.00,-0.34,5.03 
1747830161.32,0,-188.21,-302.63,1.53,1.77,1.45,-188.21,-302.63,0.00,-0.35,4.95 
1747830161.42,0,-188.24,-302.30,2.87,1.41,1.30,-188.24,-302.30,0.00,-0.34,4.82 
1747830161.52,0,-188.33,-301.82,1.97,2.15,0.18,-188.33,-301.82,0.00,-0.39,4.82 
1747830161.72,0,-188.39,-300.89,1.42,0.66,0.42,-188.39,-300.89,0.00,-0.37,4.79 
1747830161.82,0,-188.43,-300.35,1.45,0.85,1.45,-188.43,-300.35,0.00,-0.38,4.83 
1747830161.92,0,-188.44,-299.90,1.66,0.92,1.07,-188.44,-299.90,0.00,-0.35,4.81 
1747830162.02,0,-188.47,-299.42,1.61,0.73,0.25,-188.47,-299.42,0.00,-0.35,4.81 
1747830162.12,0,-188.53,-298.95,1.63,0.93,0.31,-188.53,-298.95,0.00,-0.37,4.80 
1747830162.22,0,-188.55,-298.43,1.66,1.80,1.52,-188.55,-298.43,0.00,-0.36,4.83 
1747830162.42,0,-188.56,-297.44,2.91,1.31,1.02,-188.56,-297.44,0.00,-0.31,4.85 
1747830162.52,0,-188.61,-296.91,2.42,1.42,1.57,-188.61,-296.91,0.00,-0.32,4.88 
1747830162.62,0,-188.61,-296.35,1.92,1.95,0.01,-188.61,-296.35,0.00,-0.30,4.93 
1747830162.72,0,-188.67,-295.89,1.98,2.32,0.01,-188.67,-295.89,0.00,-0.33,4.91 
1747830162.82,0,-188.73,-295.32,1.75,3.67,0.12,-188.73,-295.32,0.00,-0.34,4.97 
1747830163.12,0,-188.90,-293.98,2.75,1.60,0.37,-188.90,-293.98,0.00,-0.39,4.87 
1747830163.32,0,-188.98,-293.02,1.67,2.58,0.04,-188.98,-293.02,0.00,-0.39,4.86 
1747830163.52,0,-189.04,-292.03,1.65,2.11,0.04,-189.04,-292.03,0.00,-0.38,4.87 
1747830163.72,0,-189.13,-290.94,1.63,3.84,0.15,-189.13,-290.94,0.00,-0.39,4.95 
1747830163.82,0,-189.13,-290.54,2.01,1.59,0.45,-189.13,-290.54,0.00,-0.36,4.88 
1747830163.92,0,-189.10,-290.13,2.80,2.01,1.07,-189.10,-290.13,0.00,-0.31,4.83 
1747830164.12,0,-189.17,-289.16,1.46,1.79,1.57,-189.17,-289.16,0.00,-0.32,4.83 
1747830164.22,0,-189.32,-288.69,1.68,1.97,0.96,-189.32,-288.69,0.00,-0.40,4.82 
1747830164.52,0,-189.56,-287.32,1.99,2.05,1.06,-189.56,-287.32,0.00,-0.48,4.77 
1747830164.72,0,-189.62,-286.28,1.95,3.08,0.11,-189.62,-286.28,0.00,-0.46,4.82 
1747830165.02,0,-189.67,-284.96,1.99,1.42,0.34,-189.67,-284.96,0.00,-0.40,4.74 
1747830165.22,0,-189.81,-283.97,1.94,2.75,0.07,-189.81,-283.97,0.00,-0.44,4.77 
1747830165.52,0,-189.80,-282.60,1.36,2.56,1.53,-189.80,-282.60,0.00,-0.35,4.73 
1747830165.82,0,-189.81,-281.29,2.52,2.32,0.90,-189.81,-281.29,0.00,-0.29,4.65 
1747830165.92,0,-189.89,-280.69,1.85,2.87,0.22,-189.89,-280.69,0.00,-0.32,4.75 
1747830166.12,0,-189.86,-279.85,1.97,1.36,0.35,-189.86,-279.85,0.00,-0.25,4.67 
1747830167.02,0,-190.02,-275.80,0.74,0.53,0.17,-190.02,-275.80,0.00,-0.22,4.60 
1747830167.12,0,-190.04,-275.43,1.00,0.54,0.57,-190.04,-275.43,0.00,-0.22,4.55 
1747830167.22,0,-190.06,-275.01,1.06,0.44,0.33,-190.06,-275.01,0.00,-0.22,4.53 
1747830167.62,0,-190.16,-272.85,1.07,0.58,0.04,-190.16,-272.85,0.00,-0.23,4.81 
1747830167.82,0,-190.32,-271.70,1.11,0.72,0.23,-190.32,-271.70,0.00,-0.33,4.97 
1747830168.22,0,-190.71,-269.55,1.17,0.87,0.36,-190.71,-269.55,0.00,-0.52,5.09 
1747830168.32,0,-190.85,-269.16,1.23,1.05,0.48,-190.85,-269.16,0.00,-0.58,5.00 
1747830168.52,0,-190.92,-268.08,1.29,1.29,0.32,-190.92,-268.08,0.00,-0.55,5.06 
1747830168.62,0,-190.93,-267.72,1.34,1.63,0.45,-190.93,-267.72,0.00,-0.52,4.95 
1747830168.72,0,-190.91,-267.25,1.46,1.89,0.22,-190.91,-267.25,0.00,-0.46,4.93 
1747830168.82,0,-190.81,-266.87,1.55,2.29,0.48,-190.81,-266.87,0.00,-0.35,4.84 
1747830168.92,0,-190.77,-266.39,1.70,2.58,0.33,-190.77,-266.39,0.00,-0.29,4.84 
1747830169.62,0,-191.00,-263.14,1.97,2.75,1.06,-191.00,-263.14,0.00,-0.30,4.76 
1747830169.72,0,-191.17,-262.68,2.29,3.72,0.45,-191.17,-262.68,0.00,-0.40,4.75 
1747830169.92,0,-191.30,-261.83,2.00,3.19,0.18,-191.30,-261.83,0.00,-0.43,4.68 
1747830170.02,0,-191.36,-261.40,1.89,3.11,0.21,-191.36,-261.40,0.00,-0.44,4.65 
1747830170.72,0,-191.96,-258.21,2.39,3.58,0.30,-191.96,-258.21,0.00,-0.62,4.61 
1747830170.82,0,-192.15,-257.76,2.19,3.53,0.31,-192.15,-257.76,0.00,-0.71,4.60 
1747830170.92,0,-192.20,-257.33,1.82,3.55,0.16,-192.20,-257.33,0.00,-0.69,4.58 
1747830171.02,0,-192.27,-256.92,3.44,2.63,1.23,-192.27,-256.92,0.00,-0.69,4.55 
1747830171.12,0,-192.29,-256.44,2.15,2.86,0.26,-192.29,-256.44,0.00,-0.66,4.56 
1747830171.22,0,-192.24,-256.06,2.64,4.26,0.12,-192.24,-256.06,0.00,-0.55,4.49 
1747830171.42,0,-192.32,-255.07,2.06,2.93,0.24,-192.32,-255.07,0.00,-0.52,4.58 
1747830171.62,0,-192.44,-254.29,2.10,4.28,0.24,-192.44,-254.29,0.00,-0.54,4.46 
1747830171.82,0,-192.62,-253.27,2.02,4.58,0.19,-192.62,-253.27,0.00,-0.59,4.57 
1747830172.12,0,-192.89,-251.89,2.21,2.79,0.25,-192.89,-251.89,0.00,-0.67,4.57 
1747830172.32,0,-193.02,-250.90,1.84,4.21,0.21,-193.02,-250.90,0.00,-0.66,4.63 
1747830172.72,0,-193.19,-249.27,1.99,4.28,0.12,-193.19,-249.27,0.00,-0.60,4.48 
1747830172.82,0,-193.21,-248.92,1.86,3.93,0.13,-193.21,-248.92,0.00,-0.57,4.42 
1747830173.32,0,-193.53,-246.86,2.01,3.78,0.19,-193.53,-246.86,0.00,-0.59,4.32 
1747830173.42,0,-193.62,-246.47,1.81,3.51,0.17,-193.62,-246.47,0.00,-0.62,4.30 
1747830173.72,0,-193.76,-245.19,1.83,3.31,0.14,-193.76,-245.19,0.00,-0.59,4.29 
1747830173.92,0,-193.80,-244.34,2.15,2.78,0.68,-193.80,-244.34,0.00,-0.53,4.28 
1747830174.12,0,-193.96,-243.41,1.92,4.06,0.15,-193.96,-243.41,0.00,-0.57,4.34 
1747830174.22,0,-194.08,-242.96,2.11,3.43,0.14,-194.08,-242.96,0.00,-0.62,4.35 
1747830174.72,0,-194.40,-240.53,2.74,3.39,1.18,-194.40,-240.53,0.00,-0.62,4.51 
1747830175.02,0,-194.58,-239.19,1.74,2.89,0.20,-194.58,-239.19,0.00,-0.62,4.51 
1747830175.12,0,-194.58,-238.72,2.03,3.11,0.16,-194.58,-238.72,0.00,-0.58,4.52 
1747830175.72,0,-194.82,-235.72,4.22,2.95,0.98,-194.82,-235.72,0.00,-0.51,4.70 
1747830175.82,0,-194.97,-235.00,2.05,3.84,0.27,-194.97,-235.00,0.00,-0.57,4.86 
1747830175.92,0,-195.17,-234.57,3.61,1.96,0.31,-195.17,-234.57,0.00,-0.67,4.82 
1747830176.02,0,-195.37,-234.07,3.94,2.49,0.03,-195.37,-234.07,0.00,-0.77,4.83 
1747830176.12,0,-195.34,-233.59,2.90,2.71,0.10,-195.34,-233.59,0.00,-0.69,4.83 
1747830176.62,0,-195.76,-230.89,1.72,4.87,0.23,-195.76,-230.89,0.00,-0.75,5.04 
1747830176.82,0,-195.88,-229.96,1.72,2.54,0.13,-195.88,-229.96,0.00,-0.72,4.98 
1747830176.92,0,-195.99,-229.36,1.62,3.06,0.24,-195.99,-229.36,0.00,-0.75,5.06 
1747830177.22,0,-196.25,-227.68,1.68,3.30,0.28,-196.25,-227.68,0.00,-0.78,5.18 
1747830177.42,0,-196.38,-226.66,1.78,2.18,0.16,-196.38,-226.66,0.00,-0.76,5.17 
1747830177.52,0,-196.45,-226.12,1.68,2.18,0.18,-196.45,-226.12,0.00,-0.76,5.18 
1747830177.62,0,-196.53,-225.60,1.58,2.02,0.21,-196.53,-225.60,0.00,-0.75,5.19 
1747830177.72,0,-196.58,-225.04,1.75,2.75,0.26,-196.58,-225.04,0.00,-0.74,5.22 
1747830177.82,0,-196.62,-224.55,1.77,1.73,0.09,-196.62,-224.55,0.00,-0.71,5.19 
1747830178.12,0,-196.77,-223.03,1.98,1.85,0.27,-196.77,-223.03,0.00,-0.67,5.17 
1747830178.22,0,-196.84,-222.51,1.76,2.36,1.50,-196.84,-222.51,0.00,-0.67,5.17 
1747830178.42,0,-196.84,-221.46,2.55,1.48,0.04,-196.84,-221.46,0.00,-0.57,5.18 
1747830178.52,0,-196.81,-220.90,2.26,1.49,0.21,-196.81,-220.90,0.00,-0.51,5.21 
1747830178.62,0,-196.85,-220.39,1.67,1.48,0.12,-196.85,-220.39,0.00,-0.50,5.20 
1747830178.72,0,-196.92,-219.90,1.87,1.63,0.13,-196.92,-219.90,0.00,-0.52,5.18 
1747830178.82,0,-197.05,-219.32,2.14,2.68,0.12,-197.05,-219.32,0.00,-0.57,5.22 
1747830179.02,0,-197.23,-218.29,1.62,2.63,1.14,-197.23,-218.29,0.00,-0.62,5.22 
1747830179.42,0,-197.52,-216.15,1.85,1.99,1.43,-197.52,-216.15,0.00,-0.65,5.25 
1747830179.52,0,-197.60,-215.62,1.53,1.86,1.52,-197.60,-215.62,0.00,-0.66,5.26 
1747830179.62,0,-197.71,-215.02,1.76,2.42,0.08,-197.71,-215.02,0.00,-0.69,5.31 
1747830179.82,0,-197.90,-213.86,1.40,2.64,0.51,-197.90,-213.86,0.00,-0.72,5.38 
1747830179.92,0,-197.96,-213.27,1.65,2.39,0.45,-197.96,-213.27,0.00,-0.72,5.42 
1747830180.12,0,-198.11,-212.10,1.75,2.96,0.29,-198.11,-212.10,0.00,-0.73,5.48 
1747830180.32,0,-198.27,-210.92,1.54,2.98,0.12,-198.27,-210.92,0.00,-0.74,5.54 
1747830180.52,0,-198.41,-209.80,1.71,2.18,0.06,-198.41,-209.80,0.00,-0.73,5.55 
1747830180.92,0,-198.69,-207.46,1.75,3.24,0.22,-198.69,-207.46,0.00,-0.72,5.63 
1747830181.12,0,-198.80,-206.25,1.89,3.17,0.15,-198.80,-206.25,0.00,-0.70,5.69 
1747830181.22,0,-198.82,-205.65,1.99,2.64,0.14,-198.82,-205.65,0.00,-0.66,5.70 
1747830181.42,0,-198.86,-204.54,2.23,2.20,0.16,-198.86,-204.54,0.00,-0.60,5.69 
1747830181.52,0,-198.90,-204.04,2.56,1.77,1.54,-198.90,-204.04,0.00,-0.58,5.63 
1747830181.92,0,-199.23,-201.90,3.85,2.31,0.24,-199.23,-201.90,0.00,-0.65,5.56 
1747830182.32,0,-199.33,-199.36,5.15,2.30,1.56,-199.33,-199.36,0.00,-0.54,5.77 
1747830182.42,0,-199.32,-198.76,2.06,2.66,0.01,-199.32,-198.76,0.00,-0.50,5.78 
1747830182.52,0,-199.27,-198.00,4.90,2.16,1.52,-199.27,-198.00,0.00,-0.43,5.91 
1747830182.62,0,-199.23,-197.26,5.03,2.23,1.50,-199.23,-197.26,0.00,-0.37,6.02 
1747830182.92,0,-199.25,-195.40,3.02,4.36,0.26,-199.25,-195.40,0.00,-0.31,6.06 
1747830183.02,0,-199.17,-194.67,5.03,2.38,1.35,-199.17,-194.67,0.00,-0.22,6.15 
1747830183.52,0,-199.14,-191.81,6.66,2.90,1.04,-199.14,-191.81,0.00,-0.13,6.01 
1747830183.62,0,-198.94,-190.97,5.43,2.39,1.31,-198.94,-190.97,0.00,0.02,6.18 
1747830183.92,0,-198.69,-189.15,2.42,2.55,1.34,-198.69,-189.15,0.00,0.20,6.15 
1747830184.02,0,-198.39,-188.38,3.09,2.57,1.22,-198.39,-188.38,0.00,0.40,6.26 
1747830184.42,0,-197.58,-185.80,3.53,2.85,0.98,-197.58,-185.80,0.00,0.85,6.31 
1747830184.52,0,-197.24,-185.11,5.39,2.60,1.12,-197.24,-185.11,0.00,1.03,6.36 
1747830184.72,0,-196.95,-184.06,5.85,2.93,0.91,-196.95,-184.06,0.00,1.09,6.20 
1747830184.92,0,-196.56,-182.67,5.30,1.88,0.96,-196.56,-182.67,0.00,1.22,6.31 
1747830185.22,0,-196.00,-180.66,5.10,1.86,0.81,-196.00,-180.66,0.00,1.36,6.39 
1747830185.42,0,-195.49,-179.35,5.28,2.44,0.92,-195.49,-179.35,0.00,1.52,6.41 
1747830185.82,0,-194.26,-176.84,5.95,3.44,0.81,-194.26,-176.84,0.00,1.93,6.37 
1747830186.12,0,-193.04,-175.12,5.99,4.22,0.76,-193.04,-175.12,0.00,2.35,6.25 
1747830186.42,0,-191.89,-173.37,4.61,4.33,1.10,-191.89,-173.37,0.00,2.65,6.16 
1747830186.62,0,-190.83,-172.37,6.21,4.41,0.49,-190.83,-172.37,0.00,3.01,6.01 
1747830186.72,0,-190.15,-171.99,5.38,4.46,0.61,-190.15,-171.99,0.00,3.27,5.86 
1747830186.92,0,-189.54,-171.22,8.68,4.35,0.43,-189.54,-171.22,0.00,3.24,5.57 
1747830187.12,0,-188.49,-170.26,6.28,4.04,0.50,-188.49,-170.26,0.00,3.53,5.46 
1747830187.22,0,-187.85,-169.88,5.88,4.21,0.40,-187.85,-169.88,0.00,3.73,5.35 
1747830187.32,0,-187.69,-169.54,10.89,3.08,0.25,-187.69,-169.54,0.00,3.58,5.21 
1747830187.52,0,-187.01,-168.80,9.60,4.11,0.30,-187.01,-168.80,0.00,3.55,4.99 
1747830187.62,0,-186.20,-168.39,7.74,3.72,0.36,-186.20,-168.39,0.00,3.88,4.92 
1747830187.72,0,-185.55,-168.07,7.45,4.11,0.19,-185.55,-168.07,0.00,4.07,4.80 
1747830187.92,0,-184.36,-167.30,7.64,3.98,0.16,-184.36,-167.30,0.00,4.34,4.66 
1747830188.22,0,-183.02,-166.35,9.18,5.08,0.13,-183.02,-166.35,0.00,4.37,4.35 
1747830188.32,0,-182.60,-166.21,4.75,9.02,1.51,-182.60,-166.21,0.00,4.36,4.15 
1747830188.52,0,-181.32,-165.70,4.24,9.07,1.44,-181.32,-165.70,0.00,4.64,3.92 
1747830188.72,0,-180.07,-165.39,5.80,9.66,1.40,-180.07,-165.39,0.00,4.87,3.58 
1747830188.82,0,-179.15,-165.36,4.10,9.07,1.43,-179.15,-165.36,0.00,5.18,3.35 
1747830188.92,0,-178.50,-165.32,4.99,8.95,1.29,-178.50,-165.32,0.00,5.28,3.14 
1747830189.12,0,-177.32,-164.97,4.06,8.38,1.24,-177.32,-164.97,0.00,5.36,2.95 
1747830189.22,0,-176.75,-164.88,4.09,9.18,1.20,-176.75,-164.88,0.00,5.38,2.80 
1747830189.32,0,-176.03,-164.88,4.17,9.22,1.18,-176.03,-164.88,0.00,5.52,2.60 
1747830189.42,0,-175.21,-164.91,3.99,8.39,1.32,-175.21,-164.91,0.00,5.71,2.39 
1747830189.62,0,-173.91,-164.76,4.48,9.03,1.10,-173.91,-164.76,0.00,5.82,2.15 
1747830189.82,0,-172.47,-164.78,4.06,8.54,1.16,-172.47,-164.78,0.00,6.02,1.84 
1747830189.92,0,-171.77,-164.90,3.78,8.55,0.97,-171.77,-164.90,0.00,6.08,1.62 
1747830190.02,0,-171.05,-165.06,4.11,8.86,0.95,-171.05,-165.06,0.00,6.16,1.39 
1747830190.32,0,-169.20,-165.15,5.02,9.44,0.82,-169.20,-165.15,0.00,6.16,1.05 
1747830190.42,0,-168.51,-165.47,3.86,8.97,0.82,-168.51,-165.47,0.00,6.22,0.75 
1747830190.52,0,-167.89,-165.74,4.02,9.04,0.74,-167.89,-165.74,0.00,6.21,0.51 
1747830190.62,0,-167.20,-166.12,4.23,8.80,0.80,-167.20,-166.12,0.00,6.27,0.20 
1747830190.72,0,-166.54,-166.53,4.81,8.16,0.80,-166.54,-166.53,0.00,6.29,-0.11 
1747830190.82,0,-165.96,-166.79,3.67,8.46,0.70,-165.96,-166.79,0.00,6.25,-0.29 
1747830190.92,0,-165.42,-167.04,3.83,8.59,0.64,-165.42,-167.04,0.00,6.19,-0.45 
1747830191.12,0,-164.32,-167.48,4.87,8.69,0.57,-164.32,-167.48,0.00,6.09,-0.70 
1747830191.42,0,-162.58,-168.39,4.81,8.89,0.60,-162.58,-168.39,0.00,6.03,-1.19 
1747830191.72,0,-161.10,-169.39,4.81,9.38,0.36,-161.10,-169.39,0.00,5.80,-1.62 
1747830192.02,0,-159.77,-170.65,4.50,9.85,0.22,-159.77,-170.65,0.00,5.53,-2.15 
1747830192.12,0,-159.54,-171.46,4.14,9.47,0.18,-159.54,-171.46,0.00,5.30,-2.56 
1747830192.32,0,-158.80,-172.58,3.90,8.76,0.04,-158.80,-172.58,0.00,5.08,-2.99 
1747830192.52,0,-158.18,-173.51,4.20,8.67,0.06,-158.18,-173.51,0.00,4.80,-3.22 
1747830192.62,0,-158.02,-174.23,9.23,3.99,1.56,-158.02,-174.23,0.00,4.57,-3.50 
1747830192.92,0,-157.23,-176.18,5.41,8.65,0.12,-157.23,-176.18,0.00,4.17,-4.12 
1747830193.02,0,-157.28,-176.90,5.13,8.17,0.00,-157.28,-176.90,0.00,3.84,-4.34 
1747830193.52,0,-156.42,-179.87,8.05,6.66,1.56,-156.42,-179.87,0.00,3.18,-4.85 
1747830193.82,0,-156.33,-181.87,7.23,5.00,1.52,-156.33,-181.87,0.00,2.60,-5.21 
1747830193.92,0,-156.70,-182.74,6.64,5.41,1.52,-156.70,-182.74,0.00,2.16,-5.45 
1747830194.02,0,-156.85,-183.58,3.83,6.28,0.02,-156.85,-183.58,0.00,1.90,-5.66 
1747830194.12,0,-156.97,-184.33,5.95,4.15,1.53,-156.97,-184.33,0.00,1.66,-5.80 
1747830194.22,0,-157.14,-185.05,5.56,5.18,1.53,-157.14,-185.05,0.00,1.41,-5.91 
1747830194.52,0,-157.04,-187.04,5.36,3.76,0.63,-157.04,-187.04,0.00,1.17,-6.07 
1747830194.62,0,-157.25,-187.70,5.39,4.58,1.40,-157.25,-187.70,0.00,0.92,-6.11 
1747830195.32,0,-157.37,-191.32,9.44,5.21,1.39,-157.37,-191.32,0.00,0.49,-5.74 
1747830195.42,0,-157.56,-191.64,9.25,2.83,1.37,-157.56,-191.64,0.00,0.34,-5.58 
1747830195.62,0,-157.81,-193.21,6.72,2.60,1.35,-157.81,-193.21,0.00,0.11,-5.91 
1747830195.92,0,-158.09,-195.34,6.17,2.44,1.32,-158.09,-195.34,0.00,-0.13,-6.18 
1747830196.22,0,-158.44,-197.54,5.86,2.53,1.38,-158.44,-197.54,0.00,-0.37,-6.43 
1747830196.42,0,-158.68,-199.03,5.34,2.20,1.44,-158.68,-199.03,0.00,-0.49,-6.59 
1747830196.52,0,-158.82,-199.46,3.07,3.67,0.60,-158.82,-199.46,0.00,-0.55,-6.42 
1747830196.62,0,-158.99,-200.19,5.53,2.19,1.26,-158.99,-200.19,0.00,-0.64,-6.48 
1747830196.72,0,-159.02,-200.87,2.38,5.02,0.15,-159.02,-200.87,0.00,-0.61,-6.51 
1747830196.82,0,-159.09,-201.61,2.24,4.97,0.16,-159.09,-201.61,0.00,-0.62,-6.58 
1747830196.92,0,-159.23,-202.25,2.34,2.40,1.47,-159.23,-202.25,0.00,-0.68,-6.56 
1747830197.32,0,-159.63,-204.87,2.14,2.32,1.45,-159.63,-204.87,0.00,-0.77,-6.56 
1747830197.42,0,-159.87,-205.65,2.77,2.32,1.18,-159.87,-205.65,0.00,-0.89,-6.65 
1747830197.52,0,-160.01,-206.34,4.77,1.81,1.18,-160.01,-206.34,0.00,-0.92,-6.67 
1747830197.72,0,-160.33,-207.55,2.14,2.66,0.79,-160.33,-207.55,0.00,-1.02,-6.57 
1747830197.82,0,-160.47,-208.08,1.81,2.27,0.25,-160.47,-208.08,0.00,-1.05,-6.48 
1747830197.92,0,-160.56,-208.65,3.27,1.77,0.90,-160.56,-208.65,0.00,-1.04,-6.42 
1747830198.12,0,-160.91,-210.03,3.05,2.55,1.43,-160.91,-210.03,0.00,-1.14,-6.50 
1747830198.32,0,-161.04,-211.34,2.10,2.76,0.61,-161.04,-211.34,0.00,-1.07,-6.50 
1747830198.42,0,-161.16,-211.91,1.88,2.08,0.54,-161.16,-211.91,0.00,-1.08,-6.44 
1747830198.82,0,-161.47,-214.81,2.39,2.14,1.51,-161.47,-214.81,0.00,-1.00,-6.65 
1747830198.92,0,-161.43,-215.64,2.82,2.26,1.50,-161.43,-215.64,0.00,-0.90,-6.77 
1747830199.12,0,-161.85,-216.94,3.54,2.93,0.84,-161.85,-216.94,0.00,-1.07,-6.73 
1747830199.62,0,-162.29,-220.12,1.30,1.80,0.31,-162.29,-220.12,0.00,-1.01,-6.61 
1747830199.82,0,-162.08,-221.49,3.25,1.37,0.29,-162.08,-221.49,0.00,-0.73,-6.65 
1747830200.02,0,-161.90,-222.89,3.20,2.29,0.90,-161.90,-222.89,0.00,-0.50,-6.70 
1747830200.11,0,-161.72,-223.54,2.67,0.90,0.30,-161.72,-223.54,0.00,-0.33,-6.69 
1747830200.42,0,-162.03,-225.59,2.65,1.27,0.58,-162.03,-225.59,0.00,-0.49,-6.71 
1747830200.52,0,-162.24,-226.32,2.86,1.50,1.52,-162.24,-226.32,0.00,-0.61,-6.75 
1747830200.62,0,-162.55,-226.89,2.87,2.03,0.50,-162.55,-226.89,0.00,-0.78,-6.67 
1747830200.82,0,-162.92,-228.29,3.30,2.19,0.95,-162.92,-228.29,0.00,-0.95,-6.72 
1747830201.02,0,-163.15,-229.77,4.06,2.97,1.46,-163.15,-229.77,0.00,-0.97,-6.82 
1747830201.52,0,-163.67,-233.21,1.88,3.67,0.77,-163.67,-233.21,0.00,-1.00,-6.85 
1747830201.62,0,-163.73,-234.17,1.75,3.78,0.03,-163.73,-234.17,0.00,-0.97,-7.03 
1747830201.72,0,-163.83,-234.97,3.81,1.69,1.37,-163.83,-234.97,0.00,-0.97,-7.09 
1747830201.92,0,-163.96,-236.28,2.39,4.26,0.14,-163.96,-236.28,0.00,-0.93,-7.01 
1747830202.22,0,-164.09,-238.34,2.47,3.87,0.27,-164.09,-238.34,0.00,-0.82,-6.98 
1747830202.32,0,-164.15,-238.97,4.33,1.88,1.52,-164.15,-238.97,0.00,-0.80,-6.93 
1747830202.52,0,-164.37,-240.28,4.23,1.98,1.42,-164.37,-240.28,0.00,-0.84,-6.87 
1747830202.62,0,-164.51,-240.79,2.02,2.41,1.51,-164.51,-240.79,0.00,-0.89,-6.74 
1747830202.72,0,-164.54,-241.45,1.74,3.28,0.41,-164.54,-241.45,0.00,-0.84,-6.73 
1747830202.82,0,-164.67,-242.19,2.08,3.53,0.05,-164.67,-242.19,0.00,-0.87,-6.78 
1747830203.02,0,-164.97,-243.42,1.32,3.05,1.24,-164.97,-243.42,0.00,-0.97,-6.69 
1747830203.12,0,-165.06,-244.11,1.59,4.29,0.17,-165.06,-244.11,0.00,-0.97,-6.71 
1747830203.32,0,-165.28,-245.27,1.75,2.51,0.20,-165.28,-245.27,0.00,-0.99,-6.57 
1747830203.52,0,-165.46,-246.64,4.44,1.79,1.50,-165.46,-246.64,0.00,-0.98,-6.61 
1747830203.92,0,-165.75,-249.45,2.18,4.55,0.07,-165.75,-249.45,0.00,-0.91,-6.72 
1747830204.22,0,-165.81,-251.58,2.54,3.49,0.20,-165.81,-251.58,0.00,-0.77,-6.80 
1747830204.32,0,-165.79,-252.37,2.19,3.92,0.04,-165.79,-252.37,0.00,-0.70,-6.87 
1747830205.12,0,-166.23,-257.75,1.89,3.71,0.20,-166.23,-257.75,0.00,-0.64,-6.81 
1747830205.32,0,-166.44,-259.12,1.77,3.31,0.15,-166.44,-259.12,0.00,-0.69,-6.82 
1747830205.42,0,-166.46,-259.44,3.11,2.56,0.81,-166.46,-259.44,0.00,-0.65,-6.56 
1747830205.72,0,-166.35,-261.55,2.68,4.12,0.19,-166.35,-261.55,0.00,-0.41,-6.68 
1747830205.92,0,-166.45,-262.40,2.14,3.60,0.24,-166.45,-262.40,0.00,-0.43,-6.29 
1747830206.02,0,-166.38,-263.06,2.26,2.05,0.19,-166.38,-263.06,0.00,-0.34,-6.31 
1747830206.32,0,-166.81,-264.93,2.48,2.57,0.99,-166.81,-264.93,0.00,-0.59,-6.29 
1747830206.42,0,-166.99,-265.41,2.17,1.82,0.16,-166.99,-265.41,0.00,-0.68,-6.17 
1747830206.52,0,-167.00,-265.85,2.42,2.25,0.52,-167.00,-265.85,0.00,-0.64,-6.03 
1747830207.02,0,-167.15,-268.80,2.38,0.88,0.14,-167.15,-268.80,0.00,-0.53,-6.00 
1747830207.52,0,-167.24,-272.26,2.30,1.37,0.29,-167.24,-272.26,0.00,-0.42,-6.29 
1747830208.22,0,-167.42,-276.28,2.26,1.29,0.47,-167.42,-276.28,0.00,-0.35,-6.08 
1747830208.32,0,-167.48,-276.72,1.85,1.19,0.39,-167.48,-276.72,0.00,-0.37,-5.97 
1747830208.42,0,-167.64,-277.30,2.33,0.59,0.22,-167.64,-277.30,0.00,-0.45,-5.96 
1747830208.52,0,-167.72,-277.83,1.76,0.95,0.26,-167.72,-277.83,0.00,-0.48,-5.91 
1747830208.62,0,-167.78,-278.39,1.84,0.86,0.03,-167.78,-278.39,0.00,-0.49,-5.88 
1747830208.72,0,-167.79,-278.89,2.10,1.43,0.24,-167.79,-278.89,0.00,-0.45,-5.81 
1747830208.92,0,-167.73,-280.01,2.62,0.82,0.31,-167.73,-280.01,0.00,-0.33,-5.77 
1747830209.12,0,-167.83,-281.32,2.79,0.98,1.51,-167.83,-281.32,0.00,-0.36,-5.91 
1747830209.22,0,-168.00,-282.04,2.94,1.20,1.52,-168.00,-282.04,0.00,-0.46,-6.02 
1747830209.82,0,-168.20,-285.44,2.18,1.71,0.29,-168.20,-285.44,0.00,-0.42,-5.88 
1747830209.92,0,-168.23,-286.19,2.77,1.57,1.47,-168.23,-286.19,0.00,-0.41,-5.99 
1747830210.02,0,-168.26,-286.83,2.93,1.64,1.55,-168.26,-286.83,0.00,-0.40,-6.02 
1747830210.22,0,-168.26,-288.00,2.93,1.92,1.48,-168.26,-288.00,0.00,-0.34,-6.00 
1747830210.42,0,-168.34,-288.94,1.82,2.34,0.18,-168.34,-288.94,0.00,-0.35,-5.79 
1747830210.52,0,-168.46,-289.39,2.88,2.37,1.00,-168.46,-289.39,0.00,-0.42,-5.69 
1747830210.72,0,-168.46,-290.40,2.22,1.47,0.09,-168.46,-290.40,0.00,-0.35,-5.59 
1747830210.82,0,-168.42,-290.85,2.38,1.44,0.26,-168.42,-290.85,0.00,-0.29,-5.51 
1747830210.92,0,-168.40,-291.49,1.96,3.45,0.13,-168.40,-291.49,0.00,-0.25,-5.57 
1747830211.02,0,-168.41,-292.11,1.74,3.43,0.06,-168.41,-292.11,0.00,-0.24,-5.63 
1747830211.52,0,-168.63,-294.77,1.54,1.02,0.20,-168.63,-294.77,0.00,-0.31,-5.53 
1747830211.62,0,-168.65,-295.29,1.78,1.11,1.55,-168.65,-295.29,0.00,-0.30,-5.50 
1747830212.32,0,-168.68,-298.89,1.90,1.28,0.25,-168.68,-298.89,0.00,-0.20,-5.36 
1747830212.42,0,-168.83,-299.34,1.74,1.46,1.00,-168.83,-299.34,0.00,-0.28,-5.31 
1747830212.92,0,-168.83,-301.78,1.52,2.03,0.81,-168.83,-301.78,0.00,-0.18,-5.16 
1747830213.02,0,-168.96,-302.14,1.68,2.84,0.05,-168.96,-302.14,0.00,-0.26,-5.04 
1747830213.12,0,-169.00,-302.70,1.72,1.64,1.47,-169.00,-302.70,0.00,-0.28,-5.08 
1747830213.22,0,-169.02,-303.14,1.76,1.76,0.13,-169.02,-303.14,0.00,-0.27,-5.03 
1747830213.32,0,-169.03,-303.49,1.91,1.86,0.19,-169.03,-303.49,0.00,-0.26,-4.91 
1747830213.42,0,-169.07,-304.00,1.31,2.82,0.16,-169.07,-304.00,0.00,-0.27,-4.93 
1747830213.52,0,-169.15,-304.36,1.44,3.88,0.13,-169.15,-304.36,0.00,-0.31,-4.81 
1747830213.62,0,-169.23,-304.83,1.76,3.62,0.24,-169.23,-304.83,0.00,-0.36,-4.80 
1747830213.92,0,-169.37,-306.14,1.40,1.70,0.16,-169.37,-306.14,0.00,-0.38,-4.69 
1747830214.02,0,-169.38,-306.55,1.84,1.14,0.32,-169.38,-306.55,0.00,-0.36,-4.64 
1747830214.82,0,-169.75,-310.35,1.39,2.24,0.15,-169.75,-310.35,0.00,-0.40,-4.69 
1747830214.92,0,-169.61,-310.96,1.28,2.96,0.96,-169.61,-310.96,0.00,-0.29,-4.77 
1747830215.32,0,-169.78,-312.69,1.34,1.37,0.06,-169.78,-312.69,0.00,-0.33,-4.65 
1747830215.42,0,-169.66,-313.08,2.47,0.45,0.42,-169.66,-313.08,0.00,-0.21,-4.59 
1747830215.62,0,-169.54,-313.94,2.34,0.36,0.30,-169.54,-313.94,0.00,-0.08,-4.54 
1747830215.82,0,-169.52,-314.73,2.19,0.51,0.18,-169.52,-314.73,0.00,-0.06,-4.45 
1747830216.22,0,-169.33,-316.37,2.26,0.62,0.28,-169.33,-316.37,0.00,0.10,-4.35 
1747830216.32,0,-169.23,-316.77,2.29,0.46,0.55,-169.23,-316.77,0.00,0.17,-4.32 
1747830216.52,0,-169.01,-317.72,2.28,0.65,0.44,-169.01,-317.72,0.00,0.30,-4.39 
1747830216.82,0,-168.77,-319.22,2.24,0.94,0.15,-168.77,-319.22,0.00,0.41,-4.52 
1747830216.92,0,-168.66,-319.79,2.16,1.37,0.21,-168.66,-319.79,0.00,0.46,-4.60 
1747830217.02,0,-168.53,-320.32,2.15,1.80,0.33,-168.53,-320.32,0.00,0.52,-4.65 
1747830217.22,0,-168.29,-321.27,2.20,2.19,0.45,-168.29,-321.27,0.00,0.62,-4.67 
1747830217.42,0,-168.06,-322.18,1.68,3.46,0.73,-168.06,-322.18,0.00,0.70,-4.65 
1747830217.62,0,-167.84,-323.10,1.86,2.81,0.31,-167.84,-323.10,0.00,0.75,-4.64 
1747830217.72,0,-167.64,-323.56,2.56,3.28,0.36,-167.64,-323.56,0.00,0.85,-4.64 
1747830217.82,0,-167.48,-323.86,2.92,1.43,0.66,-167.48,-323.86,0.00,0.90,-4.52 
1747830217.92,0,-167.35,-324.26,1.32,2.43,1.44,-167.35,-324.26,0.00,0.92,-4.48 
1747830218.22,0,-167.36,-325.79,1.71,2.47,0.41,-167.36,-325.79,0.00,0.73,-4.61 
1747830218.62,0,-167.17,-327.73,1.67,3.20,0.75,-167.17,-327.73,0.00,0.66,-4.67 
1747830218.91,0,-166.81,-328.81,2.43,2.46,0.27,-166.81,-328.81,0.00,0.77,-4.46 
1747830219.01,0,-166.54,-329.19,2.76,2.95,0.39,-166.54,-329.19,0.00,0.90,-4.41 
1747830219.11,0,-166.25,-329.55,2.86,2.15,0.26,-166.25,-329.55,0.00,1.05,-4.36 
1747830219.21,0,-166.04,-329.80,3.40,1.41,1.30,-166.04,-329.80,0.00,1.12,-4.22 
1747830219.31,0,-165.75,-330.18,3.31,1.84,0.51,-165.75,-330.18,0.00,1.25,-4.20 
1747830219.41,0,-165.59,-330.60,2.02,2.64,0.32,-165.59,-330.60,0.00,1.28,-4.19 
1747830219.51,0,-165.53,-330.95,2.24,2.50,1.08,-165.53,-330.95,0.00,1.23,-4.14 
1747830219.72,0,-165.32,-331.82,1.78,2.07,0.27,-165.32,-331.82,0.00,1.20,-4.17 
1747830220.12,0,-165.22,-333.46,3.62,1.79,0.28,-165.22,-333.46,0.00,0.94,-4.15 
1747830220.42,0,-165.18,-334.90,3.18,2.26,0.10,-165.18,-334.90,0.00,0.78,-4.28 
1747830220.72,0,-165.11,-336.33,2.57,2.51,0.25,-165.11,-336.33,0.00,0.66,-4.38 
1747830220.91,0,-165.04,-337.14,2.29,1.80,1.18,-165.04,-337.14,0.00,0.62,-4.34 
1747830221.01,0,-164.74,-337.59,2.41,2.12,0.48,-164.74,-337.59,0.00,0.79,-4.35 
1747830221.51,0,-163.57,-339.57,4.28,2.35,0.64,-163.57,-339.57,0.00,1.28,-4.23 
1747830221.61,0,-163.32,-339.92,2.34,3.27,0.37,-163.32,-339.92,0.00,1.36,-4.18 
1747830221.92,0,-163.02,-341.63,2.86,5.28,0.36,-163.02,-341.63,0.00,1.28,-4.49 
1747830222.61,0,-161.79,-344.35,3.00,0.95,0.72,-161.79,-344.35,0.00,1.48,-4.25 
1747830222.81,0,-161.33,-345.56,2.72,1.67,0.22,-161.33,-345.56,0.00,1.58,-4.49 
1747830223.32,0,-160.23,-347.58,2.45,1.40,0.62,-160.23,-347.58,0.00,1.78,-4.34 
1747830223.42,0,-159.88,-348.07,2.30,1.99,0.59,-159.88,-348.07,0.00,1.90,-4.37 
1747830223.52,0,-159.67,-348.39,2.00,2.63,0.48,-159.67,-348.39,0.00,1.92,-4.29 
1747830223.72,0,-159.27,-349.42,1.56,4.42,0.23,-159.27,-349.42,0.00,1.93,-4.42 
1747830223.92,0,-158.96,-350.39,1.97,4.20,0.22,-158.96,-350.39,0.00,1.88,-4.49 
1747830224.02,0,-158.85,-350.72,1.55,2.79,0.62,-158.85,-350.72,0.00,1.81,-4.40 
1747830224.12,0,-158.72,-351.15,1.81,1.78,0.42,-158.72,-351.15,0.00,1.77,-4.39 
1747830224.22,0,-158.61,-351.75,1.88,2.24,0.19,-158.61,-351.75,0.00,1.72,-4.52 
1747830224.32,0,-158.63,-352.17,2.04,2.56,0.64,-158.63,-352.17,0.00,1.57,-4.49 
1747830224.42,0,-158.49,-352.65,1.88,1.51,0.56,-158.49,-352.65,0.00,1.55,-4.52 
1747830224.52,0,-158.37,-353.09,1.93,1.75,0.41,-158.37,-353.09,0.00,1.52,-4.51 
1747830224.62,0,-158.08,-353.60,2.00,2.18,0.69,-158.08,-353.60,0.00,1.63,-4.55 
1747830225.11,0,-156.89,-355.54,4.31,1.35,0.65,-156.89,-355.54,0.00,1.87,-4.34 
1747830225.21,0,-156.56,-355.76,3.04,3.06,0.46,-156.56,-355.76,0.00,1.98,-4.19 
1747830225.52,0,-156.02,-357.07,1.82,2.12,0.54,-156.02,-357.07,0.00,1.93,-4.23 
1747830225.72,0,-155.60,-357.87,1.87,2.33,0.51,-155.60,-357.87,0.00,1.96,-4.19 
1747830225.92,0,-154.92,-358.76,2.04,2.70,0.54,-154.92,-358.76,0.00,2.17,-4.23 
1747830226.12,0,-154.41,-359.64,1.84,4.27,0.28,-154.41,-359.64,0.00,2.22,-4.26 
1747830226.21,0,-154.18,-360.09,1.56,4.21,0.27,-154.18,-360.09,0.00,2.23,-4.27 
1747830226.31,0,-153.92,-360.55,1.76,3.95,0.22,-153.92,-360.55,0.00,2.26,-4.29 
1747830227.02,0,-152.54,-363.30,3.19,1.70,1.56,-152.54,-363.30,0.00,2.15,-4.15 
1747830227.32,0,-151.98,-364.52,1.85,2.74,0.47,-151.98,-364.52,0.00,2.09,-4.14 
1747830227.52,0,-151.62,-365.66,2.00,4.95,0.27,-151.62,-365.66,0.00,2.05,-4.36 
1747830227.62,0,-151.43,-366.01,1.64,3.26,0.38,-151.43,-366.01,0.00,2.03,-4.30 
1747830227.72,0,-151.07,-366.48,2.41,4.37,0.49,-151.07,-366.48,0.00,2.16,-4.33 
1747830227.92,0,-150.66,-367.34,2.08,3.48,0.16,-150.66,-367.34,0.00,2.14,-4.33 
1747830228.01,0,-150.40,-367.67,2.03,4.98,0.32,-150.40,-367.67,0.00,2.18,-4.24 
1747830228.11,0,-150.25,-367.99,3.22,2.77,1.17,-150.25,-367.99,0.00,2.12,-4.16 
1747830228.32,0,-149.85,-368.93,1.91,4.90,0.31,-149.85,-368.93,0.00,2.11,-4.24 
1747830228.42,0,-149.73,-369.44,2.36,4.86,0.32,-149.73,-369.44,0.00,2.04,-4.31 
1747830228.52,0,-149.62,-369.90,2.46,3.47,0.42,-149.62,-369.90,0.00,1.96,-4.33 
1747830229.11,0,-148.40,-372.25,2.48,4.06,0.50,-148.40,-372.25,0.00,1.99,-4.19 
1747830229.62,0,-147.50,-374.53,1.89,4.92,0.35,-147.50,-374.53,0.00,1.93,-4.31 
1747830229.92,0,-146.93,-375.92,1.79,4.76,0.35,-146.93,-375.92,0.00,1.92,-4.37 
1747830230.02,0,-146.85,-376.24,3.51,1.74,1.55,-146.85,-376.24,0.00,1.84,-4.29 
1747830230.32,0,-146.24,-377.75,1.54,5.21,0.31,-146.24,-377.75,0.00,1.89,-4.45 
1747830230.62,0,-145.92,-379.10,1.78,5.51,0.29,-145.92,-379.10,0.00,1.71,-4.46 
1747830231.62,0,-144.02,-383.44,1.89,3.36,0.34,-144.02,-383.44,0.00,1.79,-4.41 
1747830232.02,0,-143.51,-385.37,3.15,2.45,1.11,-143.51,-385.37,0.00,1.66,-4.52 
1747830232.52,0,-142.43,-387.43,2.67,2.89,0.75,-142.43,-387.43,0.00,1.83,-4.38 
1747830232.62,0,-142.28,-387.60,2.66,3.64,0.06,-142.28,-387.60,0.00,1.81,-4.18 
1747830232.92,0,-141.76,-389.18,1.53,4.06,0.03,-141.76,-389.18,0.00,1.79,-4.44 
1747830233.22,0,-141.20,-390.44,1.76,7.08,0.35,-141.20,-390.44,0.00,1.80,-4.38 
1747830233.32,0,-140.96,-390.72,2.16,5.72,0.32,-140.96,-390.72,0.00,1.86,-4.26 
1747830233.32,1,-163.20,-358.80,0.12,0.30,0.88,-163.20,-358.80,0.00,-1.50,-1.37 
1747830234.92,0,-137.14,-398.88,1.91,5.15,0.31,-137.14,-398.88,0.00,2.07,-4.59 
1747830234.92,1,-165.61,-361.00,0.12,0.30,0.88,-165.61,-361.00,0.00,-1.50,-1.37 
1747830235.02,0,-136.85,-399.43,1.69,4.67,0.36,-136.85,-399.43,0.00,2.11,-4.64 
1747830235.02,1,-165.76,-361.14,0.12,0.30,0.88,-165.76,-361.14,0.00,-1.50,-1.37 
1747830235.12,0,-136.69,-399.63,1.81,7.17,0.37,-136.69,-399.63,0.00,2.07,-4.43 
1747830235.12,1,-165.91,-361.28,0.12,0.30,0.88,-165.91,-361.28,0.00,-1.50,-1.37 
1747830235.52,0,-135.81,-401.41,1.79,3.22,0.53,-135.81,-401.41,0.00,2.12,-4.43 
1747830235.52,1,-166.51,-361.83,0.12,0.30,0.88,-166.51,-361.83,0.00,-1.50,-1.37 
1747830235.72,0,-135.37,-402.34,1.71,3.17,0.55,-135.37,-402.34,0.00,2.14,-4.48 
1747830235.72,1,-166.81,-362.10,0.12,0.30,0.88,-166.81,-362.10,0.00,-1.50,-1.37 
1747830235.82,0,-135.33,-402.88,2.19,3.69,0.03,-135.33,-402.88,0.00,1.96,-4.58 
1747830235.82,1,-166.96,-362.24,0.12,0.30,0.88,-166.96,-362.24,0.00,-1.50,-1.37 
1747830235.92,0,-135.01,-403.36,2.17,3.96,0.45,-135.01,-403.36,0.00,2.09,-4.60 
1747830235.92,1,-167.11,-362.38,0.12,0.30,0.88,-167.11,-362.38,0.00,-1.50,-1.37 
1747830236.22,0,-134.57,-404.53,2.38,4.54,0.29,-134.57,-404.53,0.00,1.91,-4.41 
1747830236.22,1,-167.56,-362.79,0.12,0.30,0.88,-167.56,-362.79,0.00,-1.50,-1.37 
1747830236.42,0,-133.98,-405.61,2.18,5.32,0.34,-133.98,-405.61,0.00,2.09,-4.58 
1747830236.42,1,-167.86,-363.06,0.12,0.30,0.88,-167.86,-363.06,0.00,-1.50,-1.37 
1747830236.62,0,-133.44,-406.23,2.49,5.78,0.59,-133.44,-406.23,0.00,2.20,-4.34 
1747830236.62,1,-168.16,-363.34,0.12,0.30,0.88,-168.16,-363.34,0.00,-1.50,-1.37 
1747830237.02,0,-132.60,-407.84,2.16,7.25,0.70,-132.60,-407.84,0.00,2.17,-4.25 
1747830237.02,1,-168.77,-363.89,0.12,0.30,0.88,-168.77,-363.89,0.00,-1.50,-1.37 
1747830237.32,0,-131.99,-409.20,2.77,6.86,0.53,-131.99,-409.20,0.00,2.14,-4.30 
1747830237.32,1,-169.22,-364.30,0.12,0.30,0.88,-169.22,-364.30,0.00,-1.50,-1.37 
1747830237.52,0,-131.41,-410.16,2.05,3.76,0.61,-131.41,-410.16,0.00,2.24,-4.37 
1747830237.52,1,-169.52,-364.58,0.12,0.30,0.88,-169.52,-364.58,0.00,-1.50,-1.37 
1747830237.52,2,-211.67,-484.41,0.67,0.61,0.17,-211.67,-484.41,0.00,-0.18,-0.21 
1747830237.62,0,-131.16,-410.69,2.76,3.40,0.92,-131.16,-410.69,0.00,2.26,-4.44 
1747830237.62,1,-169.67,-364.71,0.12,0.30,0.88,-169.67,-364.71,0.00,-1.50,-1.37 
1747830237.62,2,-211.73,-484.37,0.86,0.61,0.06,-211.73,-484.37,0.00,-0.21,-0.17 
1747830237.72,0,-130.83,-411.36,1.69,5.79,0.35,-130.83,-411.36,0.00,2.34,-4.60 
1747830237.72,1,-169.82,-364.85,0.12,0.30,0.88,-169.82,-364.85,0.00,-1.50,-1.37 
1747830237.72,2,-211.67,-484.38,0.51,1.74,1.20,-211.67,-484.38,0.00,-0.15,-0.17 
1747830238.12,0,-130.13,-413.07,2.67,5.44,0.98,-130.13,-413.07,0.00,2.18,-4.52 
1747830238.12,2,-211.70,-484.47,0.64,2.15,1.28,-211.70,-484.47,0.00,-0.13,-0.19 
1747830238.82,0,-128.67,-416.20,2.90,6.93,0.32,-128.67,-416.20,0.00,2.14,-4.50 
1747830239.31,0,-127.48,-418.44,2.68,6.95,0.93,-127.48,-418.44,0.00,2.22,-4.49 
1747830239.51,0,-127.18,-419.19,2.52,8.39,0.90,-127.18,-419.19,0.00,2.12,-4.39 
1747830239.51,2,-211.69,-484.73,0.45,2.23,1.24,-211.69,-484.73,0.00,-0.02,-0.21 
1747830239.82,0,-126.17,-420.72,2.30,4.12,0.58,-126.17,-420.72,0.00,2.39,-4.54 
1747830240.32,0,-124.78,-423.04,2.74,5.47,0.22,-124.78,-423.04,0.00,2.52,-4.57 
1747830240.32,2,-211.89,-484.83,1.71,0.24,0.04,-211.89,-484.83,0.00,-0.14,-0.18 
1747830240.52,0,-124.19,-424.10,1.63,6.93,0.50,-124.19,-424.10,0.00,2.57,-4.68 
1747830240.52,2,-211.96,-484.86,1.58,0.48,1.04,-211.96,-484.86,0.00,-0.16,-0.17 
1747830240.62,0,-123.94,-424.58,1.71,6.79,0.54,-123.94,-424.58,0.00,2.57,-4.68 
1747830240.62,2,-211.98,-484.88,0.80,1.80,0.91,-211.98,-484.88,0.00,-0.17,-0.18 
1747830240.92,0,-123.18,-425.94,1.79,6.78,0.56,-123.18,-425.94,0.00,2.56,-4.65 
1747830240.92,2,-212.06,-484.87,0.67,1.85,1.39,-212.06,-484.87,0.00,-0.19,-0.12 
1747830241.41,0,-121.96,-428.27,3.07,6.37,0.97,-121.96,-428.27,0.00,2.52,-4.66 
1747830241.51,0,-121.66,-428.75,5.57,4.18,1.51,-121.66,-428.75,0.00,2.55,-4.66 
1747830241.61,0,-121.48,-429.31,3.48,6.34,0.85,-121.48,-429.31,0.00,2.50,-4.73 
1747830241.92,0,-120.88,-430.80,3.70,6.62,0.36,-120.88,-430.80,0.00,2.39,-4.78 
1747830242.12,0,-120.39,-431.78,2.78,6.58,0.86,-120.39,-431.78,0.00,2.40,-4.80 
1747830242.32,0,-120.07,-432.74,4.12,6.76,0.29,-120.07,-432.74,0.00,2.28,-4.80 
1747830242.32,2,-211.86,-485.24,0.43,1.73,1.11,-211.86,-485.24,0.00,0.04,-0.24 
1747830242.42,0,-120.00,-433.23,4.51,6.63,0.32,-120.00,-433.23,0.00,2.16,-4.81 
1747830242.42,2,-211.89,-485.29,0.54,1.76,0.94,-211.89,-485.29,0.00,0.01,-0.26 
1747830242.92,0,-118.52,-435.76,3.09,5.89,1.02,-118.52,-435.76,0.00,2.42,-4.89 
1747830242.92,2,-211.92,-485.41,0.69,1.92,1.00,-211.92,-485.41,0.00,-0.01,-0.25 
1747830243.02,0,-118.19,-436.32,1.87,3.66,0.07,-118.19,-436.32,0.00,2.48,-4.93 
1747830243.02,2,-211.93,-485.43,0.46,1.99,1.24,-211.93,-485.43,0.00,-0.02,-0.25 
1747830243.82,0,-116.08,-440.28,2.68,3.46,0.16,-116.08,-440.28,0.00,2.55,-4.95 
1747830243.82,2,-211.95,-485.55,0.59,1.99,1.19,-211.95,-485.55,0.00,-0.02,-0.20 
1747830243.92,0,-115.79,-440.84,1.54,3.63,0.02,-115.79,-440.84,0.00,2.57,-4.99 
1747830243.92,2,-211.93,-485.60,0.49,1.68,1.13,-211.93,-485.60,0.00,-0.01,-0.22 
1747830244.12,0,-115.17,-441.88,1.84,3.85,1.25,-115.17,-441.88,0.00,2.65,-5.02 
1747830244.12,2,-211.93,-485.70,0.58,1.74,0.95,-211.93,-485.70,0.00,-0.00,-0.26 
1747830244.22,0,-114.97,-442.50,2.19,4.05,0.28,-114.97,-442.50,0.00,2.59,-5.11 
1747830244.22,2,-211.95,-485.67,0.52,1.79,1.13,-211.95,-485.67,0.00,-0.02,-0.22 
1747830244.32,0,-114.55,-443.03,2.82,5.20,0.81,-114.55,-443.03,0.00,2.73,-5.12 
1747830244.32,2,-211.97,-485.71,0.62,1.98,1.18,-211.97,-485.71,0.00,-0.04,-0.23 
1747830244.52,0,-114.06,-444.09,2.94,4.67,0.23,-114.06,-444.09,0.00,2.68,-5.15 
1747830244.52,2,-211.97,-485.79,0.64,1.91,0.97,-211.97,-485.79,0.00,-0.03,-0.26 
1747830245.01,0,-112.62,-446.54,3.09,4.29,0.88,-112.62,-446.54,0.00,2.76,-5.06 
1747830245.01,2,-212.04,-485.88,0.50,2.01,1.04,-212.04,-485.88,0.00,-0.07,-0.23 
1747830245.51,0,-111.25,-448.99,1.74,4.55,0.55,-111.25,-448.99,0.00,2.75,-5.01 
1747830245.51,2,-211.97,-486.21,1.43,1.39,1.12,-211.97,-486.21,0.00,0.00,-0.38 
1747830245.61,0,-111.06,-449.39,3.17,4.55,1.11,-111.06,-449.39,0.00,2.69,-4.94 
1747830245.61,2,-212.04,-486.12,0.72,2.39,1.03,-212.04,-486.12,0.00,-0.05,-0.29 
1747830246.01,0,-110.14,-451.18,1.85,4.07,0.55,-110.14,-451.18,0.00,2.58,-4.81 
1747830246.01,2,-212.13,-486.15,0.65,2.17,0.88,-212.13,-486.15,0.00,-0.09,-0.23 
1747830246.41,0,-109.36,-453.02,2.88,2.73,1.12,-109.36,-453.02,0.00,2.41,-4.75 
1747830246.41,2,-212.08,-486.19,0.36,1.16,0.63,-212.08,-486.19,0.00,-0.04,-0.20 
1747830246.61,0,-108.76,-454.10,2.60,4.61,0.87,-108.76,-454.10,0.00,2.49,-4.85 
1747830246.71,0,-108.56,-454.73,1.96,4.39,0.30,-108.56,-454.73,0.00,2.46,-4.94 
1747830247.21,0,-107.50,-457.07,3.10,2.55,1.16,-107.50,-457.07,0.00,2.35,-4.86 
1747830247.21,2,-211.99,-486.38,0.16,1.07,0.48,-211.99,-486.38,0.00,0.03,-0.22 
1747830247.31,0,-107.13,-457.65,3.09,4.28,1.12,-107.13,-457.65,0.00,2.44,-4.93 
1747830247.31,2,-212.00,-486.42,0.27,1.19,0.58,-212.00,-486.42,0.00,0.03,-0.23 
1747830247.61,0,-106.33,-459.31,3.66,4.05,0.92,-106.33,-459.31,0.00,2.49,-5.06 
1747830247.61,2,-211.98,-486.56,0.22,1.42,0.35,-211.98,-486.56,0.00,0.03,-0.29 
1747830247.71,0,-106.07,-459.86,1.75,3.78,0.48,-106.07,-459.86,0.00,2.50,-5.09 
1747830247.71,2,-212.01,-486.55,0.32,1.78,0.85,-212.01,-486.55,0.00,0.01,-0.25 
1747830248.01,0,-105.51,-461.46,2.15,3.87,0.23,-105.51,-461.46,0.00,2.36,-5.14 
1747830248.01,2,-212.06,-486.57,0.21,1.74,0.71,-212.06,-486.57,0.00,-0.03,-0.22 
1747830248.21,0,-105.10,-462.34,3.27,2.13,1.08,-105.10,-462.34,0.00,2.32,-5.04 
1747830248.31,0,-104.77,-462.98,3.34,2.60,0.94,-104.77,-462.98,0.00,2.39,-5.13 
1747830248.41,0,-104.45,-463.51,3.15,3.78,0.96,-104.45,-463.51,0.00,2.45,-5.14 
1747830249.41,0,-102.09,-468.79,1.81,3.93,0.30,-102.09,-468.79,0.00,2.41,-5.20 
1747830249.41,2,-212.20,-486.82,0.08,0.98,0.42,-212.20,-486.82,0.00,-0.07,-0.20 
1747830249.71,0,-101.42,-470.44,1.67,3.90,0.31,-101.42,-470.44,0.00,2.38,-5.26 
1747830249.71,2,-212.25,-486.98,0.13,0.97,1.30,-212.25,-486.98,0.00,-0.09,-0.26 
1747830249.81,0,-101.23,-470.97,1.70,3.79,0.32,-101.23,-470.97,0.00,2.34,-5.26 
1747830249.81,2,-212.28,-486.93,0.14,1.14,0.37,-212.28,-486.93,0.00,-0.11,-0.21 
1747830249.91,0,-101.03,-471.55,1.69,3.86,0.31,-101.03,-471.55,0.00,2.32,-5.31 
1747830249.91,2,-212.31,-486.92,0.22,1.30,0.49,-212.31,-486.92,0.00,-0.12,-0.18 
1747830250.01,0,-100.82,-472.06,1.44,3.63,0.31,-100.82,-472.06,0.00,2.30,-5.29 
1747830250.01,2,-212.34,-486.92,0.16,1.65,0.53,-212.34,-486.92,0.00,-0.13,-0.16 
1747830250.31,0,-100.11,-473.68,1.62,3.72,0.24,-100.11,-473.68,0.00,2.31,-5.32 
1747830250.31,2,-212.40,-486.94,0.20,1.69,0.44,-212.40,-486.94,0.00,-0.15,-0.14 
1747830250.41,0,-99.87,-474.18,1.55,3.71,0.25,-99.87,-474.18,0.00,2.32,-5.29 
1747830250.41,2,-212.43,-486.94,0.31,1.58,0.49,-212.43,-486.94,0.00,-0.17,-0.13 
1747830250.51,0,-99.61,-474.80,1.41,4.01,0.29,-99.61,-474.80,0.00,2.35,-5.37 
1747830250.61,0,-99.45,-475.33,2.09,3.24,0.23,-99.45,-475.33,0.00,2.28,-5.36 
1747830250.61,2,-212.48,-486.94,0.47,1.79,0.45,-212.48,-486.94,0.00,-0.18,-0.10 
1747830250.71,0,-99.22,-475.90,1.67,3.30,0.26,-99.22,-475.90,0.00,2.28,-5.39 
1747830250.71,2,-212.46,-486.99,0.36,1.56,0.22,-212.46,-486.99,0.00,-0.14,-0.15 
1747830251.11,0,-98.28,-478.03,1.58,3.23,0.31,-98.28,-478.03,0.00,2.30,-5.38 
1747830251.11,2,-212.52,-487.05,0.24,1.19,0.66,-212.52,-487.05,0.00,-0.15,-0.15 
1747830251.21,0,-98.06,-478.50,1.56,3.95,0.28,-98.06,-478.50,0.00,2.30,-5.33 
1747830251.21,2,-212.57,-487.02,0.28,1.78,0.59,-212.57,-487.02,0.00,-0.17,-0.11 
1747830251.61,0,-97.26,-480.58,2.02,3.88,0.22,-97.26,-480.58,0.00,2.21,-5.29 
1747830251.61,2,-212.68,-487.02,0.35,1.82,0.06,-212.68,-487.02,0.00,-0.20,-0.08 
1747830251.71,0,-97.05,-481.16,1.56,3.37,0.23,-97.05,-481.16,0.00,2.21,-5.33 
1747830251.71,2,-212.74,-486.88,0.37,1.98,0.63,-212.74,-486.88,0.00,-0.23,0.02 
1747830251.91,0,-96.62,-482.27,1.50,3.21,0.21,-96.62,-482.27,0.00,2.20,-5.35 
1747830251.91,2,-212.74,-486.91,0.35,1.36,0.08,-212.74,-486.91,0.00,-0.20,0.00 
1747830252.41,0,-96.16,-484.12,1.60,3.76,0.70,-96.16,-484.12,0.00,1.79,-4.83 
1747830252.51,0,-95.80,-484.80,2.04,4.59,0.25,-95.80,-484.80,0.00,1.91,-4.95 
1747830253.11,0,-94.51,-487.82,1.84,4.66,0.27,-94.51,-487.82,0.00,1.99,-4.98 
1747830253.11,2,-212.78,-487.43,0.31,2.39,0.16,-212.78,-487.43,0.00,-0.10,-0.28 
1747830253.41,0,-93.76,-489.32,2.19,4.88,0.43,-93.76,-489.32,0.00,2.10,-4.99 
1747830253.41,2,-212.82,-487.45,0.22,1.11,0.44,-212.82,-487.45,0.00,-0.10,-0.23 
1747830253.51,0,-94.03,-489.46,2.44,5.55,0.64,-94.03,-489.46,0.00,1.76,-4.73 
1747830253.51,2,-212.83,-487.47,0.25,1.52,0.41,-212.83,-487.47,0.00,-0.11,-0.23 
1747830254.01,0,-92.80,-492.33,1.73,4.78,0.32,-92.80,-492.33,0.00,2.00,-5.07 
1747830254.01,2,-212.95,-487.46,0.37,1.97,0.55,-212.95,-487.46,0.00,-0.15,-0.15 
1747830254.11,0,-92.43,-493.18,1.00,4.44,0.47,-92.43,-493.18,0.00,2.11,-5.31 
1747830254.11,2,-212.90,-487.56,0.28,1.56,0.20,-212.90,-487.56,0.00,-0.10,-0.21 
1747830254.21,0,-92.17,-493.89,1.12,3.83,0.62,-92.17,-493.89,0.00,2.15,-5.45 
1747830254.21,2,-212.90,-487.59,0.08,0.87,0.20,-212.90,-487.59,0.00,-0.10,-0.21 
1747830254.41,0,-92.16,-494.46,1.25,4.20,0.52,-92.16,-494.46,0.00,1.83,-5.04 
1747830254.51,0,-92.00,-495.04,1.55,4.33,0.26,-92.00,-495.04,0.00,1.81,-5.10 
1747830254.51,2,-212.92,-487.69,0.27,1.12,1.48,-212.92,-487.69,0.00,-0.09,-0.24 
1747830254.61,0,-91.67,-495.70,1.73,4.51,0.34,-91.67,-495.70,0.00,1.92,-5.23 
1747830254.61,2,-213.00,-487.63,0.30,1.28,0.56,-213.00,-487.63,0.00,-0.14,-0.18 
1747830254.71,0,-91.38,-496.28,2.16,4.50,0.25,-91.38,-496.28,0.00,2.01,-5.27 
1747830254.71,2,-213.00,-487.67,0.18,1.32,0.27,-213.00,-487.67,0.00,-0.14,-0.20 
1747830254.81,0,-91.12,-496.86,1.88,4.19,0.22,-91.12,-496.86,0.00,2.05,-5.31 
1747830254.81,2,-213.03,-487.74,1.68,0.25,1.34,-213.03,-487.74,0.00,-0.15,-0.23 
1747830255.11,0,-90.43,-498.60,1.62,4.11,0.23,-90.43,-498.60,0.00,2.11,-5.42 
1747830255.11,2,-213.06,-487.74,0.28,1.30,0.20,-213.06,-487.74,0.00,-0.13,-0.18 
1747830255.21,0,-90.20,-499.22,1.26,3.67,0.35,-90.20,-499.22,0.00,2.13,-5.48 
1747830255.41,0,-89.78,-500.37,1.33,3.39,0.34,-89.78,-500.37,0.00,2.12,-5.52 
1747830255.91,0,-88.75,-503.17,1.35,3.28,0.35,-88.75,-503.17,0.00,2.10,-5.55 
1747830255.91,2,-213.16,-487.84,1.15,0.21,1.39,-213.16,-487.84,0.00,-0.13,-0.17 
1747830256.31,0,-88.00,-505.42,1.53,3.14,0.33,-88.00,-505.42,0.00,2.04,-5.57 
1747830256.31,2,-213.23,-487.91,1.24,0.22,1.40,-213.23,-487.91,0.00,-0.15,-0.17 
1747830256.41,0,-87.86,-505.94,1.31,3.35,0.36,-87.86,-505.94,0.00,2.00,-5.54 
1747830256.61,0,-87.58,-507.00,1.24,3.33,0.18,-87.58,-507.00,0.00,1.92,-5.51 
1747830256.71,0,-87.48,-507.43,1.47,3.12,0.00,-87.48,-507.43,0.00,1.84,-5.42 
1747830256.81,0,-87.52,-507.84,1.74,3.36,0.20,-87.52,-507.84,0.00,1.68,-5.32 
1747830256.81,2,-213.40,-487.61,0.27,1.15,0.23,-213.40,-487.61,0.00,-0.20,0.06 
1747830256.91,0,-87.31,-508.41,1.18,3.53,0.30,-87.31,-508.41,0.00,1.71,-5.35 
1747830257.21,0,-86.82,-509.92,0.60,2.76,0.09,-86.82,-509.92,0.00,1.69,-5.28 
1747830257.21,2,-213.44,-487.55,0.18,2.20,0.46,-213.44,-487.55,0.00,-0.19,0.10 
1747830257.51,0,-86.58,-510.95,0.76,2.80,1.36,-86.58,-510.95,0.00,1.50,-4.88 
1747830257.51,2,-213.50,-487.52,0.13,1.44,0.46,-213.50,-487.52,0.00,-0.19,0.10 
1747830257.61,0,-86.33,-511.63,0.83,3.11,0.34,-86.33,-511.63,0.00,1.57,-5.02 
1747830257.61,2,-213.56,-487.43,0.16,1.49,0.39,-213.56,-487.43,0.00,-0.22,0.15 
1747830257.71,0,-86.13,-512.20,0.72,2.68,0.06,-86.13,-512.20,0.00,1.60,-5.07 
1747830257.71,2,-213.56,-487.57,0.36,1.34,1.19,-213.56,-487.57,0.00,-0.20,0.04 
1747830257.91,0,-85.92,-513.14,0.87,2.81,1.26,-85.92,-513.14,0.00,1.53,-5.02 
1747830258.21,0,-85.27,-515.06,1.10,4.11,0.63,-85.27,-515.06,0.00,1.66,-5.31 
1747830258.51,0,-84.75,-516.67,0.68,2.30,0.02,-84.75,-516.67,0.00,1.68,-5.32 
1747830258.81,0,-84.17,-518.44,0.85,3.64,0.55,-84.17,-518.44,0.00,1.73,-5.44 
1747830258.81,2,-213.84,-487.41,0.18,1.24,0.56,-213.84,-487.41,0.00,-0.25,0.13 
1747830258.91,0,-83.93,-518.99,1.23,3.20,0.26,-83.93,-518.99,0.00,1.77,-5.44 
1747830258.91,2,-213.94,-487.31,0.20,1.41,0.64,-213.94,-487.31,0.00,-0.30,0.18 
1747830259.31,0,-83.18,-521.26,0.91,3.30,0.38,-83.18,-521.26,0.00,1.80,-5.51 
1747830259.31,2,-214.06,-487.24,0.23,1.63,0.64,-214.06,-487.24,0.00,-0.30,0.18 
1747830259.61,0,-82.65,-522.97,0.90,3.00,0.57,-82.65,-522.97,0.00,1.79,-5.54 
1747830259.71,0,-82.39,-523.69,0.87,2.81,0.61,-82.39,-523.69,0.00,1.85,-5.66 
1747830259.91,0,-81.91,-524.93,0.34,3.08,0.56,-81.91,-524.93,0.00,1.93,-5.73 
1747830260.01,0,-81.83,-525.28,0.43,3.16,0.06,-81.83,-525.28,0.00,1.85,-5.57 
1747830260.11,0,-81.75,-525.69,0.80,2.98,1.54,-81.75,-525.69,0.00,1.77,-5.46 
1747830260.41,0,-81.16,-527.44,0.66,2.51,0.60,-81.16,-527.44,0.00,1.81,-5.55 
1747830260.51,0,-80.92,-528.09,0.67,2.46,0.65,-80.92,-528.09,0.00,1.85,-5.61 
1747830260.51,2,-214.09,-487.60,0.05,0.42,0.53,-214.09,-487.60,0.00,-0.21,0.00 
1747830260.71,0,-80.55,-529.11,0.75,2.72,0.36,-80.55,-529.11,0.00,1.86,-5.54 
1747830260.71,2,-214.13,-487.60,0.06,0.44,0.53,-214.13,-487.60,0.00,-0.21,0.00 
1747830260.81,0,-80.37,-529.74,1.08,2.18,0.66,-80.37,-529.74,0.00,1.85,-5.60 
1747830260.81,2,-214.15,-487.60,0.06,0.46,0.53,-214.15,-487.60,0.00,-0.21,0.00 
1747830261.11,0,-79.87,-531.32,1.17,3.79,0.36,-79.87,-531.32,0.00,1.81,-5.52 
1747830261.11,2,-214.22,-487.60,0.07,0.49,0.53,-214.22,-487.60,0.00,-0.21,0.00 
1747830261.11,3,-129.20,-583.52,0.14,0.90,1.30,-129.20,-583.52,0.00,-0.21,0.01 
1747830261.61,0,-79.07,-533.91,1.03,3.89,0.40,-79.07,-533.91,0.00,1.75,-5.41 
1747830261.61,2,-214.32,-487.60,0.08,0.52,0.53,-214.32,-487.60,0.00,-0.21,0.00 
1747830261.81,0,-78.75,-535.09,0.97,1.98,0.55,-78.75,-535.09,0.00,1.73,-5.48 
1747830261.81,2,-214.36,-487.60,0.09,0.55,0.53,-214.36,-487.60,0.00,-0.21,0.00 
1747830261.81,3,-129.36,-583.45,0.21,0.96,1.27,-129.36,-583.45,0.00,-0.23,0.05 
1747830261.91,0,-78.58,-535.64,0.64,1.70,0.55,-78.58,-535.64,0.00,1.73,-5.48 
1747830261.91,2,-214.38,-487.60,0.10,0.59,0.53,-214.38,-487.60,0.00,-0.21,0.00 
1747830261.91,3,-129.37,-583.40,0.42,0.94,1.20,-129.37,-583.40,0.00,-0.22,0.08 
1747830262.01,2,-214.40,-487.60,0.11,0.63,0.53,-214.40,-487.60,0.00,-0.21,0.00 
1747830262.01,3,-129.38,-583.40,0.19,0.90,1.13,-129.38,-583.40,0.00,-0.21,0.08 
1747830262.11,0,-78.10,-536.82,0.69,1.98,0.36,-78.10,-536.82,0.00,1.81,-5.53 
1747830262.11,2,-214.42,-487.60,0.12,0.69,0.53,-214.42,-487.60,0.00,-0.21,0.00 
1747830262.11,3,-129.40,-583.42,0.24,0.91,1.25,-129.40,-583.42,0.00,-0.21,0.06 
1747830262.21,0,-77.90,-537.34,0.74,1.82,0.47,-77.90,-537.34,0.00,1.82,-5.50 
1747830262.21,2,-214.44,-487.60,0.14,0.75,0.53,-214.44,-487.60,0.00,-0.21,0.00 
1747830262.21,3,-129.41,-583.42,0.33,0.95,0.94,-129.41,-583.42,0.00,-0.20,0.05 
1747830262.41,0,-77.59,-538.27,0.74,2.34,0.41,-77.59,-538.27,0.00,1.78,-5.38 
1747830262.41,2,-214.48,-487.60,0.16,0.82,0.53,-214.48,-487.60,0.00,-0.21,0.00 
1747830262.61,0,-77.35,-539.23,0.83,2.60,0.38,-77.35,-539.23,0.00,1.70,-5.30 
1747830262.61,2,-214.52,-487.60,0.18,0.90,0.53,-214.52,-487.60,0.00,-0.21,0.00 
1747830262.61,3,-129.48,-583.40,0.32,0.96,1.07,-129.48,-583.40,0.00,-0.19,0.05 
1747830262.91,0,-76.94,-540.71,1.09,3.58,0.47,-76.94,-540.71,0.00,1.63,-5.22 
1747830262.91,2,-214.59,-487.60,0.21,1.00,0.53,-214.59,-487.60,0.00,-0.21,0.00 
1747830262.91,3,-129.55,-583.37,0.19,0.70,1.20,-129.55,-583.37,0.00,-0.20,0.06 
1747830263.01,0,-76.85,-541.17,1.52,3.59,0.33,-76.85,-541.17,0.00,1.58,-5.17 
1747830263.01,2,-214.61,-487.60,0.23,1.11,0.53,-214.61,-487.60,0.00,-0.21,0.00 
1747830263.01,3,-129.58,-583.42,0.24,0.72,1.16,-129.58,-583.42,0.00,-0.21,0.02 
1747830263.51,0,-76.07,-543.86,0.95,2.34,0.64,-76.07,-543.86,0.00,1.57,-5.24 
1747830263.51,2,-214.71,-487.60,0.27,1.23,0.53,-214.71,-487.60,0.00,-0.21,0.00 
1747830263.71,0,-75.80,-544.92,0.97,2.84,0.60,-75.80,-544.92,0.00,1.54,-5.25 
1747830263.71,2,-214.75,-487.60,0.30,1.35,0.53,-214.75,-487.60,0.00,-0.21,0.00 
1747830263.81,0,-76.19,-544.87,1.06,3.07,1.08,-76.19,-544.87,0.00,1.16,-4.85 
1747830263.81,2,-214.77,-487.60,0.42,1.82,0.53,-214.77,-487.60,0.00,-0.21,0.00 
1747830263.81,3,-129.73,-583.37,0.37,1.18,0.93,-129.73,-583.37,0.00,-0.20,0.04 
1747830264.01,0,-75.82,-545.95,1.47,3.92,0.32,-75.82,-545.95,0.00,1.26,-4.93 
1747830264.01,2,-214.81,-487.59,0.42,1.82,0.53,-214.81,-487.59,0.00,-0.21,0.00 
1747830264.01,3,-129.85,-583.32,0.39,1.46,0.93,-129.85,-583.32,0.00,-0.26,0.07 
1747830264.41,0,-75.11,-548.05,1.22,3.74,0.59,-75.11,-548.05,0.00,1.41,-5.01 
1747830264.41,2,-214.89,-487.59,0.42,1.82,0.53,-214.89,-487.59,0.00,-0.21,0.00 
1747830265.11,0,-73.74,-551.73,1.45,3.52,0.42,-73.74,-551.73,0.00,1.62,-5.11 
1747830265.11,2,-215.04,-487.59,0.42,1.82,0.53,-215.04,-487.59,0.00,-0.21,0.00 
1747830265.41,0,-73.11,-553.29,1.24,3.12,0.37,-73.11,-553.29,0.00,1.72,-5.13 
1747830265.41,2,-215.10,-487.59,0.42,1.82,0.53,-215.10,-487.59,0.00,-0.21,0.00 
1747830265.51,0,-72.84,-553.80,1.28,3.29,0.34,-72.84,-553.80,0.00,1.78,-5.12 
1747830265.51,2,-215.12,-487.59,0.42,1.82,0.53,-215.12,-487.59,0.00,-0.21,0.00 
1747830265.91,0,-72.07,-555.93,0.85,3.13,0.45,-72.07,-555.93,0.00,1.82,-5.19 
1747830265.91,2,-215.20,-487.59,0.42,1.82,0.53,-215.20,-487.59,0.00,-0.21,0.00 
1747830266.51,0,-70.82,-559.01,1.11,3.33,0.38,-70.82,-559.01,0.00,1.92,-5.16 
1747830266.51,2,-215.33,-487.59,0.42,1.82,0.53,-215.33,-487.59,0.00,-0.21,0.00 
1747830266.61,0,-70.66,-559.51,0.84,2.92,0.62,-70.66,-559.51,0.00,1.90,-5.15 
1747830266.61,2,-215.35,-487.59,0.42,1.82,0.53,-215.35,-487.59,0.00,-0.21,0.00 
1747830266.81,0,-70.29,-560.47,0.96,3.21,0.45,-70.29,-560.47,0.00,1.89,-5.10 
1747830266.81,2,-215.39,-487.59,0.42,1.82,0.53,-215.39,-487.59,0.00,-0.21,0.00 
1747830267.21,0,-69.53,-562.51,0.86,2.94,0.45,-69.53,-562.51,0.00,1.89,-5.10 
1747830267.21,2,-215.47,-487.59,0.42,1.82,0.53,-215.47,-487.59,0.00,-0.21,0.00 
1747830267.21,3,-130.20,-583.46,0.54,1.50,0.82,-130.20,-583.46,0.00,-0.20,0.03 
1747830267.41,0,-69.40,-563.18,1.14,2.41,0.11,-69.40,-563.18,0.00,1.72,-4.86 
1747830267.41,2,-215.51,-487.59,0.42,1.82,0.53,-215.51,-487.59,0.00,-0.21,0.00 
1747830267.41,3,-130.27,-583.41,0.38,1.17,0.70,-130.27,-583.41,0.00,-0.22,0.06 
1747830267.81,0,-68.48,-565.29,0.96,3.45,0.47,-68.48,-565.29,0.00,1.87,-4.97 
1747830268.01,0,-68.02,-566.44,0.77,3.37,0.69,-68.02,-566.44,0.00,1.92,-5.07 
1747830268.11,0,-67.74,-566.92,1.19,3.20,0.45,-67.74,-566.92,0.00,1.99,-5.05 
1747830268.31,0,-67.31,-567.95,0.34,2.99,0.66,-67.31,-567.95,0.00,2.01,-5.07 
1747830268.41,0,-67.07,-568.45,0.45,3.02,0.44,-67.07,-568.45,0.00,2.04,-5.06 
1747830268.51,0,-66.88,-568.94,0.58,3.05,0.42,-66.88,-568.94,0.00,2.03,-5.05 
1747830268.61,0,-66.65,-569.48,0.58,3.07,0.48,-66.65,-569.48,0.00,2.05,-5.07 
1747830269.01,0,-65.71,-571.64,0.53,2.69,0.79,-65.71,-571.64,0.00,2.13,-5.16 
1747830269.11,0,-65.44,-572.20,0.53,2.23,0.66,-65.44,-572.20,0.00,2.17,-5.19 
1747830269.21,0,-65.22,-572.72,0.59,1.99,0.76,-65.22,-572.72,0.00,2.17,-5.20 
1747830269.21,3,-130.57,-583.54,0.44,1.34,0.46,-130.57,-583.54,0.00,-0.21,-0.00 
1747830269.51,0,-64.73,-573.93,0.87,1.96,1.52,-64.73,-573.93,0.00,2.05,-4.95 
1747830269.51,3,-130.66,-583.53,0.59,1.14,0.55,-130.66,-583.53,0.00,-0.23,0.01 
1747830269.61,0,-64.50,-574.34,1.01,3.14,0.54,-64.50,-574.34,0.00,2.08,-4.88 
1747830269.61,3,-130.73,-583.53,0.81,1.44,0.85,-130.73,-583.53,0.00,-0.26,0.01 
1747830269.71,0,-64.25,-574.73,1.49,3.58,0.45,-64.25,-574.73,0.00,2.11,-4.81 
1747830269.71,3,-130.71,-583.59,0.34,1.58,0.68,-130.71,-583.59,0.00,-0.23,-0.03 
1747830269.81,0,-64.03,-575.17,1.04,3.10,0.53,-64.03,-575.17,0.00,2.11,-4.77 
1747830269.81,3,-130.74,-583.58,0.43,1.36,0.82,-130.74,-583.58,0.00,-0.24,-0.03 
1747830270.11,0,-63.31,-576.71,0.41,2.61,0.72,-63.31,-576.71,0.00,2.18,-4.85 
1747830270.11,3,-130.82,-583.59,0.74,1.25,0.60,-130.82,-583.59,0.00,-0.24,-0.03 
1747830270.31,0,-63.04,-577.49,0.54,2.63,0.18,-63.04,-577.49,0.00,2.05,-4.71 
1747830270.31,3,-130.89,-583.54,0.64,1.45,0.55,-130.89,-583.54,0.00,-0.25,0.01 
1747830270.51,0,-62.62,-578.47,0.52,3.05,0.68,-62.62,-578.47,0.00,2.06,-4.74 
1747830270.51,3,-130.92,-583.56,0.43,1.30,0.50,-130.92,-583.56,0.00,-0.24,-0.00 
1747830270.61,0,-62.28,-579.00,0.72,2.95,0.63,-62.28,-579.00,0.00,2.16,-4.78 
1747830270.61,3,-130.95,-583.56,0.45,1.14,0.63,-130.95,-583.56,0.00,-0.25,0.00 
1747830270.71,0,-62.04,-579.42,1.13,3.38,0.49,-62.04,-579.42,0.00,2.17,-4.74 
1747830270.71,3,-130.95,-583.58,0.40,1.13,0.59,-130.95,-583.58,0.00,-0.23,-0.02 
1747830271.01,0,-61.43,-580.80,1.43,3.32,0.59,-61.43,-580.80,0.00,2.15,-4.71 
1747830271.01,3,-131.01,-583.56,0.45,1.06,0.46,-131.01,-583.56,0.00,-0.22,0.00 
1747830271.61,0,-60.20,-583.54,1.17,3.43,0.41,-60.20,-583.54,0.00,2.11,-4.66 
1747830271.61,3,-131.17,-583.57,0.53,1.28,0.19,-131.17,-583.57,0.00,-0.24,-0.01 
1747830271.71,0,-59.97,-583.98,0.92,3.13,0.51,-59.97,-583.98,0.00,2.12,-4.64 
1747830271.71,3,-131.15,-583.63,0.55,1.42,0.13,-131.15,-583.63,0.00,-0.21,-0.04 
1747830272.01,0,-59.33,-585.37,0.78,3.05,0.51,-59.33,-585.37,0.00,2.12,-4.64 
1747830272.01,3,-131.24,-583.66,0.64,1.26,0.26,-131.24,-583.66,0.00,-0.23,-0.05 
1747830272.41,0,-58.63,-587.13,0.36,0.51,0.94,-58.63,-587.13,0.00,2.03,-4.58 
1747830272.41,3,-131.32,-583.69,0.41,1.00,0.19,-131.32,-583.69,0.00,-0.22,-0.06 
1747830273.11,0,-57.12,-590.42,0.38,0.62,0.53,-57.12,-590.42,0.00,2.08,-4.63 
1747830273.11,3,-131.48,-583.75,0.49,1.30,0.25,-131.48,-583.75,0.00,-0.22,-0.07 
1747830273.31,0,-56.67,-591.29,0.40,0.68,0.44,-56.67,-591.29,0.00,2.10,-4.59 
1747830273.31,3,-131.48,-583.77,0.42,0.83,0.18,-131.48,-583.77,0.00,-0.19,-0.07 
1747830273.41,0,-56.65,-591.54,0.44,0.79,0.32,-56.65,-591.54,0.00,1.97,-4.45 
1747830273.41,3,-131.50,-583.77,0.35,0.93,0.06,-131.50,-583.77,0.00,-0.20,-0.07 
1747830274.01,0,-55.38,-594.28,0.46,0.96,0.51,-55.38,-594.28,0.00,2.03,-4.50 
1747830274.01,3,-131.65,-583.87,0.40,1.01,0.09,-131.65,-583.87,0.00,-0.22,-0.11 
1747830274.11,0,-55.38,-594.58,0.52,1.06,0.15,-55.38,-594.58,0.00,1.89,-4.39 
1747830274.11,3,-131.65,-583.88,0.43,1.16,0.04,-131.65,-583.88,0.00,-0.20,-0.11 
1747830274.31,0,-55.11,-595.38,0.59,1.17,0.15,-55.11,-595.38,0.00,1.80,-4.33 
1747830274.31,3,-131.65,-583.93,0.55,1.01,0.23,-131.65,-583.93,0.00,-0.17,-0.13 
1747830274.51,0,-54.80,-596.19,0.27,1.50,0.47,-54.80,-596.19,0.00,1.77,-4.29 
1747830274.51,3,-131.68,-583.99,0.39,1.07,0.38,-131.68,-583.99,0.00,-0.17,-0.16 
1747830274.71,0,-54.28,-597.19,0.31,1.62,0.52,-54.28,-597.19,0.00,1.90,-4.40 
1747830274.71,3,-131.71,-584.07,1.27,0.39,1.49,-131.71,-584.07,0.00,-0.16,-0.20 
1747830275.11,0,-53.62,-598.88,0.39,1.65,0.24,-53.62,-598.88,0.00,1.83,-4.35 
1747830275.11,3,-131.79,-584.11,0.41,1.00,0.12,-131.79,-584.11,0.00,-0.17,-0.17 
1747830275.31,0,-53.27,-599.71,0.52,1.40,0.46,-53.27,-599.71,0.00,1.82,-4.32 
1747830275.31,3,-131.83,-584.19,1.24,0.40,1.39,-131.83,-584.19,0.00,-0.18,-0.20 
1747830275.51,0,-52.98,-600.47,0.57,1.58,0.13,-52.98,-600.47,0.00,1.76,-4.24 
1747830275.51,3,-131.89,-584.11,1.35,0.73,1.37,-131.89,-584.11,0.00,-0.20,-0.12 
1747830275.61,0,-52.84,-600.85,0.65,1.89,0.16,-52.84,-600.85,0.00,1.74,-4.22 
1747830275.61,3,-131.92,-584.12,1.09,0.30,1.45,-131.92,-584.12,0.00,-0.21,-0.12 
1747830276.61,0,-51.06,-605.35,0.37,1.72,0.43,-51.06,-605.35,0.00,1.76,-4.33 
1747830276.61,3,-132.10,-584.24,0.88,0.31,1.27,-132.10,-584.24,0.00,-0.19,-0.12 
1747830276.71,0,-50.85,-605.89,0.21,1.61,0.46,-50.85,-605.89,0.00,1.78,-4.39 
1747830276.71,3,-132.10,-584.30,1.26,0.36,1.41,-132.10,-584.30,0.00,-0.18,-0.14 
1747830276.91,0,-50.42,-606.82,0.39,1.65,0.39,-50.42,-606.82,0.00,1.83,-4.43 
1747830276.91,3,-132.13,-584.40,1.25,0.27,1.46,-132.13,-584.40,0.00,-0.18,-0.20 
1747830277.41,0,-49.55,-609.06,0.63,1.61,0.13,-49.55,-609.06,0.00,1.79,-4.45 
1747830277.41,3,-132.26,-584.35,1.11,0.39,1.39,-132.26,-584.35,0.00,-0.21,-0.08 
1747830277.51,0,-49.35,-609.52,0.60,1.66,0.15,-49.35,-609.52,0.00,1.81,-4.46 
1747830277.91,0,-48.48,-611.36,0.84,1.79,0.51,-48.48,-611.36,0.00,1.92,-4.51 
1747830277.91,3,-132.27,-584.46,1.07,0.23,1.36,-132.27,-584.46,0.00,-0.15,-0.14 
1747830278.21,0,-47.83,-612.71,0.71,1.44,0.47,-47.83,-612.71,0.00,1.98,-4.50 
1747830278.21,3,-132.33,-584.51,0.55,0.17,1.32,-132.33,-584.51,0.00,-0.16,-0.15 
1747830278.41,0,-47.43,-613.61,0.52,1.37,0.47,-47.43,-613.61,0.00,1.98,-4.50 
1747830278.41,3,-132.40,-584.58,0.66,0.18,1.25,-132.40,-584.58,0.00,-0.19,-0.18 
1747830278.61,0,-47.09,-614.50,0.62,1.68,0.18,-47.09,-614.50,0.00,1.94,-4.50 
1747830278.61,3,-132.46,-584.59,0.71,0.21,1.03,-132.46,-584.59,0.00,-0.21,-0.16 
1747830278.71,0,-46.70,-615.19,0.67,1.99,0.42,-46.70,-615.19,0.00,2.07,-4.66 
1747830278.71,3,-132.45,-584.63,0.82,0.28,1.36,-132.45,-584.63,0.00,-0.18,-0.17 
1747830279.01,0,-46.14,-616.51,0.24,1.69,0.44,-46.14,-616.51,0.00,2.04,-4.61 
1747830279.01,3,-132.51,-584.67,0.90,0.14,1.29,-132.51,-584.67,0.00,-0.18,-0.16 
1747830279.21,0,-45.78,-617.39,0.45,1.57,0.40,-45.78,-617.39,0.00,2.00,-4.58 
1747830279.21,3,-132.54,-584.74,1.01,0.16,1.38,-132.54,-584.74,0.00,-0.18,-0.19 
1747830279.31,0,-45.46,-617.97,0.51,1.75,0.50,-45.46,-617.97,0.00,2.09,-4.66 
1747830279.31,3,-132.55,-584.74,0.81,0.15,1.18,-132.55,-584.74,0.00,-0.18,-0.17 
1747830279.41,0,-45.27,-618.37,0.57,1.83,0.52,-45.27,-618.37,0.00,2.07,-4.62 
1747830279.41,3,-132.56,-584.72,0.91,0.13,1.29,-132.56,-584.72,0.00,-0.17,-0.15 
