15,3,-155.840,-276.680,1.940,1.120,0.290,-140.667,-322.597,0.000,1.520,-4.600
15,3,-155.840,-276.680,1.940,1.120,0.290,-125.495,-368.514,0.000,1.520,-4.600
15,3,-155.840,-276.680,1.940,1.120,0.290,-110.322,-414.432,0.000,1.520,-4.600
15,3,-155.840,-276.680,1.940,1.120,0.290,-95.149,-460.349,0.000,1.520,-4.600
16,3,-154.500,-281.310,1.480,0.540,0.500,-140.558,-325.312,0.000,1.410,-4.450
16,3,-154.500,-281.310,1.480,0.540,0.500,-126.616,-369.313,0.000,1.410,-4.450
16,3,-154.500,-281.310,1.480,0.540,0.500,-112.674,-413.315,0.000,1.410,-4.450
16,3,-154.500,-281.310,1.480,0.540,0.500,-98.732,-457.316,0.000,1.410,-4.450
17,3,-153.300,-285.030,1.310,0.240,1.380,-139.424,-328.456,0.000,1.390,-4.350
17,3,-153.300,-285.030,1.310,0.240,1.380,-125.547,-371.882,0.000,1.390,-4.350
17,3,-153.300,-285.030,1.310,0.240,1.380,-111.671,-415.308,0.000,1.390,-4.350
17,3,-153.300,-285.030,1.310,0.240,1.380,-97.795,-458.734,0.000,1.390,-4.350
18,3,-152.360,-288.740,1.580,0.870,0.480,-139.557,-331.786,0.000,1.270,-4.270
18,3,-152.360,-288.740,1.580,0.870,0.480,-126.754,-374.832,0.000,1.270,-4.270
18,3,-152.360,-288.740,1.580,0.870,0.480,-113.951,-417.878,0.000,1.270,-4.270
18,3,-152.360,-288.740,1.580,0.870,0.480,-101.149,-460.923,0.000,1.270,-4.270
19,3,-150.820,-293.190,1.090,1.270,1.440,-137.543,-334.919,0.000,1.330,-4.180
19,3,-150.820,-293.190,1.090,1.270,1.440,-124.265,-376.648,0.000,1.330,-4.180
19,3,-150.820,-293.190,1.090,1.270,1.440,-110.988,-418.377,0.000,1.330,-4.180
19,3,-150.820,-293.190,1.090,1.270,1.440,-97.710,-460.106,0.000,1.330,-4.180
20,3,-149.100,-297.350,1.350,1.660,0.790,-134.523,-338.983,0.000,1.460,-4.170
20,3,-149.100,-297.350,1.350,1.660,0.790,-119.947,-380.617,0.000,1.460,-4.170
20,3,-149.100,-297.350,1.350,1.660,0.790,-105.370,-422.250,0.000,1.460,-4.170
20,3,-149.100,-297.350,1.350,1.660,0.790,-90.793,-463.883,0.000,1.460,-4.170
21,3,-147.400,-301.590,1.470,1.710,0.290,-132.025,-343.423,0.000,1.540,-4.190
21,3,-147.400,-301.590,1.470,1.710,0.290,-116.649,-385.256,0.000,1.540,-4.190
21,3,-147.400,-301.590,1.470,1.710,0.290,-101.274,-427.089,0.000,1.540,-4.190
21,3,-147.400,-301.590,1.470,1.710,0.290,-85.899,-468.922,0.000,1.540,-4.190
22,3,-145.360,-305.390,1.600,2.470,1.570,-128.287,-345.825,0.000,1.710,-4.050
22,3,-145.360,-305.390,1.600,2.470,1.570,-111.215,-386.260,0.000,1.710,-4.050
22,3,-145.360,-305.390,1.600,2.470,1.570,-94.142,-426.696,0.000,1.710,-4.050
22,3,-145.360,-305.390,1.600,2.470,1.570,-77.069,-467.131,0.000,1.710,-4.050
23,3,-143.660,-309.150,1.400,1.200,0.340,-126.689,-348.683,0.000,1.700,-3.960
23,3,-143.660,-309.150,1.400,1.200,0.340,-109.718,-388.215,0.000,1.700,-3.960
23,3,-143.660,-309.150,1.400,1.200,0.340,-92.747,-427.748,0.000,1.700,-3.960
23,3,-143.660,-309.150,1.400,1.200,0.340,-75.776,-467.281,0.000,1.700,-3.960
24,3,-142.420,-312.300,1.340,0.390,0.480,-125.506,-352.547,0.000,1.660,-3.950
24,3,-142.420,-312.300,1.340,0.390,0.480,-108.593,-392.793,0.000,1.660,-3.950
24,3,-142.420,-312.300,1.340,0.390,0.480,-91.679,-433.040,0.000,1.660,-3.950
24,3,-142.420,-312.300,1.340,0.390,0.480,-74.765,-473.286,0.000,1.660,-3.950
26,3,-139.510,-321.960,2.840,0.890,0.480,-125.330,-364.600,0.000,1.420,-4.270
26,3,-139.510,-321.960,2.840,0.890,0.480,-111.150,-407.240,0.000,1.420,-4.270
26,3,-139.510,-321.960,2.840,0.890,0.480,-96.970,-449.881,0.000,1.420,-4.270
26,3,-139.510,-321.960,2.840,0.890,0.480,-82.790,-492.521,0.000,1.420,-4.270
27,3,-139.540,-327.510,3.950,1.250,0.670,-131.054,-375.034,0.000,0.850,-4.760
27,3,-139.540,-327.510,3.950,1.250,0.670,-122.567,-422.558,0.000,0.850,-4.760
27,3,-139.540,-327.510,3.950,1.250,0.670,-114.081,-470.082,0.000,0.850,-4.760
27,3,-139.540,-327.510,3.950,1.250,0.670,-105.594,-517.605,0.000,0.850,-4.760
28,3,-139.870,-332.650,2.610,1.320,0.220,-135.977,-381.567,0.000,0.390,-4.900
28,3,-139.870,-332.650,2.610,1.320,0.220,-132.083,-430.483,0.000,0.390,-4.900
28,3,-139.870,-332.650,2.610,1.320,0.220,-128.190,-479.400,0.000,0.390,-4.900
28,3,-139.870,-332.650,2.610,1.320,0.220,-124.297,-528.317,0.000,0.390,-4.900
29,3,-141.390,-338.160,3.970,2.180,1.100,-144.551,-387.061,0.000,-0.320,-4.950
29,3,-141.390,-338.160,3.970,2.180,1.100,-147.713,-435.962,0.000,-0.320,-4.950
29,3,-141.390,-338.160,3.970,2.180,1.100,-150.874,-484.863,0.000,-0.320,-4.950
29,3,-141.390,-338.160,3.970,2.180,1.100,-154.035,-533.764,0.000,-0.320,-4.950
30,3,-144.050,-342.270,6.520,5.720,0.840,-156.030,-390.388,0.000,-1.200,-4.820
30,3,-144.050,-342.270,6.520,5.720,0.840,-168.009,-438.506,0.000,-1.200,-4.820
30,3,-144.050,-342.270,6.520,5.720,0.840,-179.989,-486.624,0.000,-1.200,-4.820
30,3,-144.050,-342.270,6.520,5.720,0.840,-191.968,-534.742,0.000,-1.200,-4.820
31,3,-147.510,-346.690,7.020,5.000,0.540,-167.173,-393.301,0.000,-1.970,-4.670
31,3,-147.510,-346.690,7.020,5.000,0.540,-186.835,-439.913,0.000,-1.970,-4.670
31,3,-147.510,-346.690,7.020,5.000,0.540,-206.498,-486.524,0.000,-1.970,-4.670
31,3,-147.510,-346.690,7.020,5.000,0.540,-226.160,-533.135,0.000,-1.970,-4.670
32,3,-151.570,-350.000,4.860,8.650,1.530,-178.424,-391.929,0.000,-2.690,-4.200
32,3,-151.570,-350.000,4.860,8.650,1.530,-205.279,-433.857,0.000,-2.690,-4.200
32,3,-151.570,-350.000,4.860,8.650,1.530,-232.133,-475.786,0.000,-2.690,-4.200
32,3,-151.570,-350.000,4.860,8.650,1.530,-258.987,-517.714,0.000,-2.690,-4.200
33,3,-156.020,-352.770,6.800,12.570,1.330,-188.761,-389.803,0.000,-3.280,-3.710
33,3,-156.020,-352.770,6.800,12.570,1.330,-221.502,-426.836,0.000,-3.280,-3.710
33,3,-156.020,-352.770,6.800,12.570,1.330,-254.243,-463.870,0.000,-3.280,-3.710
33,3,-156.020,-352.770,6.800,12.570,1.330,-286.984,-500.903,0.000,-3.280,-3.710
34,3,-162.380,-353.160,6.660,10.550,1.360,-205.711,-378.719,0.000,-4.340,-2.560
34,3,-162.380,-353.160,6.660,10.550,1.360,-249.041,-404.278,0.000,-4.340,-2.560
34,3,-162.380,-353.160,6.660,10.550,1.360,-292.372,-429.837,0.000,-4.340,-2.560
34,3,-162.380,-353.160,6.660,10.550,1.360,-335.702,-455.396,0.000,-4.340,-2.560
35,3,-167.650,-352.830,7.310,10.970,1.130,-216.447,-368.558,0.000,-4.840,-1.560
35,3,-167.650,-352.830,7.310,10.970,1.130,-265.244,-384.286,0.000,-4.840,-1.560
35,3,-167.650,-352.830,7.310,10.970,1.130,-314.041,-400.014,0.000,-4.840,-1.560
35,3,-167.650,-352.830,7.310,10.970,1.130,-362.838,-415.742,0.000,-4.840,-1.560
36,3,-173.470,-350.630,5.600,11.320,0.860,-223.480,-352.726,0.000,-5.010,-0.210
36,3,-173.470,-350.630,5.600,11.320,0.860,-273.490,-354.822,0.000,-5.010,-0.210
36,3,-173.470,-350.630,5.600,11.320,0.860,-323.499,-356.919,0.000,-5.010,-0.210
36,3,-173.470,-350.630,5.600,11.320,0.860,-373.509,-359.015,0.000,-5.010,-0.210
37,3,-178.360,-348.020,6.790,12.190,0.650,-227.876,-340.533,0.000,-4.960,0.750
37,3,-178.360,-348.020,6.790,12.190,0.650,-277.391,-333.045,0.000,-4.960,0.750
37,3,-178.360,-348.020,6.790,12.190,0.650,-326.907,-325.558,0.000,-4.960,0.750
37,3,-178.360,-348.020,6.790,12.190,0.650,-376.423,-318.071,0.000,-4.960,0.750
38,3,-182.200,-343.610,7.640,10.620,0.780,-227.736,-323.838,0.000,-4.560,1.980
38,3,-182.200,-343.610,7.640,10.620,0.780,-273.272,-304.065,0.000,-4.560,1.980
38,3,-182.200,-343.610,7.640,10.620,0.780,-318.808,-284.293,0.000,-4.560,1.980
38,3,-182.200,-343.610,7.640,10.620,0.780,-364.345,-264.521,0.000,-4.560,1.980
40,3,-187.990,-334.410,9.120,12.380,0.090,-224.490,-298.515,0.000,-3.620,3.560
40,3,-187.990,-334.410,9.120,12.380,0.090,-260.991,-262.619,0.000,-3.620,3.560
40,3,-187.990,-334.410,9.120,12.380,0.090,-297.491,-226.724,0.000,-3.620,3.560
40,3,-187.990,-334.410,9.120,12.380,0.090,-333.992,-190.828,0.000,-3.620,3.560
41,3,-187.900,-326.520,5.270,8.130,0.000,-209.784,-273.473,0.000,-2.170,5.260
41,3,-187.900,-326.520,5.270,8.130,0.000,-231.669,-220.426,0.000,-2.170,5.260
41,3,-187.900,-326.520,5.270,8.130,0.000,-253.553,-167.379,0.000,-2.170,5.260
41,3,-187.900,-326.520,5.270,8.130,0.000,-275.438,-114.332,0.000,-2.170,5.260
42,3,-188.320,-319.020,8.510,3.720,1.460,-201.879,-262.904,0.000,-1.370,5.670
42,3,-188.320,-319.020,8.510,3.720,1.460,-215.438,-206.788,0.000,-1.370,5.670
42,3,-188.320,-319.020,8.510,3.720,1.460,-228.997,-150.672,0.000,-1.370,5.670
42,3,-188.320,-319.020,8.510,3.720,1.460,-242.556,-94.556,0.000,-1.370,5.670
43,3,-188.190,-314.630,5.080,3.220,1.470,-197.264,-257.969,0.000,-0.900,5.620
43,3,-188.190,-314.630,5.080,3.220,1.470,-206.338,-201.308,0.000,-0.900,5.620
43,3,-188.190,-314.630,5.080,3.220,1.470,-215.411,-144.647,0.000,-0.900,5.620
43,3,-188.190,-314.630,5.080,3.220,1.470,-224.485,-87.987,0.000,-0.900,5.620
44,3,-188.280,-308.550,2.970,4.380,0.060,-194.171,-252.734,0.000,-0.590,5.590
44,3,-188.280,-308.550,2.970,4.380,0.060,-200.062,-196.918,0.000,-0.590,5.590
44,3,-188.280,-308.550,2.970,4.380,0.060,-205.953,-141.102,0.000,-0.590,5.590
44,3,-188.280,-308.550,2.970,4.380,0.060,-211.845,-85.285,0.000,-0.590,5.590
45,3,-188.450,-303.570,2.180,3.170,0.150,-192.843,-250.061,0.000,-0.440,5.360
45,3,-188.450,-303.570,2.180,3.170,0.150,-197.235,-196.552,0.000,-0.440,5.360
45,3,-188.450,-303.570,2.180,3.170,0.150,-201.628,-143.043,0.000,-0.440,5.360
45,3,-188.450,-303.570,2.180,3.170,0.150,-206.020,-89.534,0.000,-0.440,5.360
46,3,-188.570,-298.960,1.640,1.680,0.250,-191.865,-248.031,0.000,-0.330,5.100
46,3,-188.570,-298.960,1.640,1.680,0.250,-195.161,-197.103,0.000,-0.330,5.100
46,3,-188.570,-298.960,1.640,1.680,0.250,-198.456,-146.174,0.000,-0.330,5.100
46,3,-188.570,-298.960,1.640,1.680,0.250,-201.752,-95.246,0.000,-0.330,5.100
47,3,-188.880,-294.090,2.040,2.780,0.280,-192.173,-243.995,0.000,-0.330,5.020
47,3,-188.880,-294.090,2.040,2.780,0.280,-195.466,-193.901,0.000,-0.330,5.020
47,3,-188.880,-294.090,2.040,2.780,0.280,-198.759,-143.806,0.000,-0.330,5.020
47,3,-188.880,-294.090,2.040,2.780,0.280,-202.052,-93.712,0.000,-0.330,5.020
48,3,-189.210,-288.860,1.400,1.860,1.560,-192.374,-240.122,0.000,-0.320,4.930
48,3,-189.210,-288.860,1.400,1.860,1.560,-195.537,-191.384,0.000,-0.320,4.930
48,3,-189.210,-288.860,1.400,1.860,1.560,-198.701,-142.646,0.000,-0.320,4.930
48,3,-189.210,-288.860,1.400,1.860,1.560,-201.864,-93.908,0.000,-0.320,4.930
49,3,-189.510,-284.710,2.020,1.790,0.340,-192.606,-236.577,0.000,-0.310,4.820
49,3,-189.510,-284.710,2.020,1.790,0.340,-195.701,-188.445,0.000,-0.310,4.820
49,3,-189.510,-284.710,2.020,1.790,0.340,-198.797,-140.312,0.000,-0.310,4.820
49,3,-189.510,-284.710,2.020,1.790,0.340,-201.893,-92.180,0.000,-0.310,4.820
50,3,-189.910,-280.030,1.960,2.890,0.270,-193.304,-232.311,0.000,-0.340,4.780
50,3,-189.910,-280.030,1.960,2.890,0.270,-196.698,-184.593,0.000,-0.340,4.780
50,3,-189.910,-280.030,1.960,2.890,0.270,-200.093,-136.874,0.000,-0.340,4.780
50,3,-189.910,-280.030,1.960,2.890,0.270,-203.487,-89.155,0.000,-0.340,4.780
51,3,-189.940,-275.230,1.380,0.770,0.570,-192.015,-229.580,0.000,-0.210,4.620
51,3,-189.940,-275.230,1.380,0.770,0.570,-194.090,-183.930,0.000,-0.210,4.620
51,3,-189.940,-275.230,1.380,0.770,0.570,-196.165,-138.279,0.000,-0.210,4.620
51,3,-189.940,-275.230,1.380,0.770,0.570,-198.240,-92.629,0.000,-0.210,4.620
52,3,-190.260,-270.530,1.030,2.660,0.150,-192.731,-224.579,0.000,-0.250,4.650
52,3,-190.260,-270.530,1.030,2.660,0.150,-195.201,-178.627,0.000,-0.250,4.650
52,3,-190.260,-270.530,1.030,2.660,0.150,-197.672,-132.676,0.000,-0.250,4.650
52,3,-190.260,-270.530,1.030,2.660,0.150,-200.142,-86.725,0.000,-0.250,4.650
53,3,-190.660,-266.620,2.170,3.690,0.330,-193.785,-219.134,0.000,-0.310,4.710
53,3,-190.660,-266.620,2.170,3.690,0.330,-196.911,-171.648,0.000,-0.310,4.710
53,3,-190.660,-266.620,2.170,3.690,0.330,-200.036,-124.161,0.000,-0.310,4.710
53,3,-190.660,-266.620,2.170,3.690,0.330,-203.162,-76.675,0.000,-0.310,4.710
54,3,-191.180,-261.810,2.040,2.860,0.180,-195.113,-213.906,0.000,-0.390,4.750
54,3,-191.180,-261.810,2.040,2.860,0.180,-199.046,-166.002,0.000,-0.390,4.750
54,3,-191.180,-261.810,2.040,2.860,0.180,-202.979,-118.099,0.000,-0.390,4.750
54,3,-191.180,-261.810,2.040,2.860,0.180,-206.913,-70.195,0.000,-0.390,4.750
55,3,-191.960,-257.280,2.150,3.570,0.160,-197.303,-210.202,0.000,-0.530,4.670
55,3,-191.960,-257.280,2.150,3.570,0.160,-202.646,-163.123,0.000,-0.530,4.670
55,3,-191.960,-257.280,2.150,3.570,0.160,-207.989,-116.045,0.000,-0.530,4.670
55,3,-191.960,-257.280,2.150,3.570,0.160,-213.332,-68.967,0.000,-0.530,4.670
61,3,-196.030,-229.680,3.530,3.090,1.280,-204.516,-184.058,0.000,-0.850,4.570
61,3,-196.030,-229.680,3.530,3.090,1.280,-213.001,-138.435,0.000,-0.850,4.570
61,3,-196.030,-229.680,3.530,3.090,1.280,-221.487,-92.813,0.000,-0.850,4.570
61,3,-196.030,-229.680,3.530,3.090,1.280,-229.972,-47.191,0.000,-0.850,4.570
62,3,-196.740,-223.790,2.050,3.450,0.180,-204.627,-172.572,0.000,-0.790,5.130
62,3,-196.740,-223.790,2.050,3.450,0.180,-212.515,-121.354,0.000,-0.790,5.130
62,3,-196.740,-223.790,2.050,3.450,0.180,-220.402,-70.136,0.000,-0.790,5.130
62,3,-196.740,-223.790,2.050,3.450,0.180,-228.289,-18.918,0.000,-0.790,5.130
63,3,-197.370,-218.960,1.590,3.560,0.140,-205.131,-166.348,0.000,-0.770,5.220
63,3,-197.370,-218.960,1.590,3.560,0.140,-212.892,-113.735,0.000,-0.770,5.220
63,3,-197.370,-218.960,1.590,3.560,0.140,-220.652,-61.123,0.000,-0.770,5.220
63,3,-197.370,-218.960,1.590,3.560,0.140,-228.413,-8.510,0.000,-0.770,5.220
64,3,-198.040,-213.220,2.040,2.600,0.440,-205.404,-158.750,0.000,-0.730,5.400
64,3,-198.040,-213.220,2.040,2.600,0.440,-212.767,-104.280,0.000,-0.730,5.400
64,3,-198.040,-213.220,2.040,2.600,0.440,-220.131,-49.811,0.000,-0.730,5.400
64,3,-198.040,-213.220,2.040,2.600,0.440,-227.494,4.659,0.000,-0.730,5.400
65,3,-198.710,-207.470,1.860,3.660,0.220,-205.866,-151.733,0.000,-0.710,5.530
65,3,-198.710,-207.470,1.860,3.660,0.220,-213.022,-95.996,0.000,-0.710,5.530
65,3,-198.710,-207.470,1.860,3.660,0.220,-220.178,-40.259,0.000,-0.710,5.530
65,3,-198.710,-207.470,1.860,3.660,0.220,-227.334,15.477,0.000,-0.710,5.530
66,3,-199.220,-201.180,2.400,2.510,0.030,-205.408,-145.286,0.000,-0.620,5.600
66,3,-199.220,-201.180,2.400,2.510,0.030,-211.596,-89.393,0.000,-0.620,5.600
66,3,-199.220,-201.180,2.400,2.510,0.030,-217.785,-33.499,0.000,-0.620,5.600
66,3,-199.220,-201.180,2.400,2.510,0.030,-223.973,22.394,0.000,-0.620,5.600
67,3,-199.570,-195.150,3.190,3.400,1.350,-204.760,-137.759,0.000,-0.520,5.750
67,3,-199.570,-195.150,3.190,3.400,1.350,-209.950,-80.369,0.000,-0.520,5.750
67,3,-199.570,-195.150,3.190,3.400,1.350,-215.140,-22.978,0.000,-0.520,5.750
67,3,-199.570,-195.150,3.190,3.400,1.350,-220.330,34.413,0.000,-0.520,5.750
68,3,-199.290,-189.580,3.530,3.520,1.340,-201.810,-130.203,0.000,-0.250,5.890
68,3,-199.290,-189.580,3.530,3.520,1.340,-204.330,-70.826,0.000,-0.250,5.890
68,3,-199.290,-189.580,3.530,3.520,1.340,-206.851,-11.449,0.000,-0.250,5.890
68,3,-199.290,-189.580,3.530,3.520,1.340,-209.371,47.928,0.000,-0.250,5.890
70,3,-194.800,-176.210,9.090,4.900,0.710,-182.023,-114.621,0.000,1.280,6.170
70,3,-194.800,-176.210,9.090,4.900,0.710,-169.246,-53.032,0.000,1.280,6.170
70,3,-194.800,-176.210,9.090,4.900,0.710,-156.469,8.557,0.000,1.280,6.170
70,3,-194.800,-176.210,9.090,4.900,0.710,-143.692,70.146,0.000,1.280,6.170
71,3,-189.810,-170.650,7.640,5.450,0.540,-162.861,-111.662,0.000,2.700,5.910
71,3,-189.810,-170.650,7.640,5.450,0.540,-135.913,-52.675,0.000,2.700,5.910
71,3,-189.810,-170.650,7.640,5.450,0.540,-108.964,6.313,0.000,2.700,5.910
71,3,-189.810,-170.650,7.640,5.450,0.540,-82.015,65.301,0.000,2.700,5.910
72,3,-185.290,-166.330,10.830,6.050,0.180,-151.248,-113.720,0.000,3.410,5.270
72,3,-185.290,-166.330,10.830,6.050,0.180,-117.206,-61.109,0.000,3.410,5.270
72,3,-185.290,-166.330,10.830,6.050,0.180,-83.164,-8.499,0.000,3.410,5.270
72,3,-185.290,-166.330,10.830,6.050,0.180,-49.122,44.112,0.000,3.410,5.270
73,3,-179.820,-163.310,6.940,14.070,1.280,-138.199,-118.895,0.000,4.170,4.450
73,3,-179.820,-163.310,6.940,14.070,1.280,-96.578,-74.479,0.000,4.170,4.450
73,3,-179.820,-163.310,6.940,14.070,1.280,-54.958,-30.064,0.000,4.170,4.450
73,3,-179.820,-163.310,6.940,14.070,1.280,-13.337,14.352,0.000,4.170,4.450
74,3,-173.040,-163.230,5.120,12.540,0.970,-120.216,-132.483,0.000,5.240,3.050
74,3,-173.040,-163.230,5.120,12.540,0.970,-67.391,-101.736,0.000,5.240,3.050
74,3,-173.040,-163.230,5.120,12.540,0.970,-14.567,-70.989,0.000,5.240,3.050
74,3,-173.040,-163.230,5.120,12.540,0.970,38.258,-40.242,0.000,5.240,3.050
75,3,-165.700,-164.990,6.170,13.010,0.760,-108.021,-152.516,0.000,5.780,1.250
75,3,-165.700,-164.990,6.170,13.010,0.760,-50.343,-140.042,0.000,5.780,1.250
75,3,-165.700,-164.990,6.170,13.010,0.760,7.336,-127.569,0.000,5.780,1.250
75,3,-165.700,-164.990,6.170,13.010,0.760,65.014,-115.095,0.000,5.780,1.250
76,3,-160.050,-168.760,4.780,13.670,0.220,-102.970,-173.550,0.000,5.720,-0.480
76,3,-160.050,-168.760,4.780,13.670,0.220,-45.890,-178.340,0.000,5.720,-0.480
76,3,-160.050,-168.760,4.780,13.670,0.220,11.190,-183.130,0.000,5.720,-0.480
76,3,-160.050,-168.760,4.780,13.670,0.220,68.270,-187.920,0.000,5.720,-0.480
77,3,-156.550,-172.040,17.000,5.800,1.510,-102.285,-187.413,0.000,5.330,-1.510
77,3,-156.550,-172.040,17.000,5.800,1.510,-48.021,-202.787,0.000,5.330,-1.510
77,3,-156.550,-172.040,17.000,5.800,1.510,6.244,-218.160,0.000,5.330,-1.510
77,3,-156.550,-172.040,17.000,5.800,1.510,60.509,-233.533,0.000,5.330,-1.510
82,3,-158.340,-207.880,6.570,3.340,0.800,-166.824,-274.853,0.000,-0.850,-6.710
82,3,-158.340,-207.880,6.570,3.340,0.800,-175.308,-341.825,0.000,-0.850,-6.710
82,3,-158.340,-207.880,6.570,3.340,0.800,-183.792,-408.798,0.000,-0.850,-6.710
82,3,-158.340,-207.880,6.570,3.340,0.800,-192.275,-475.770,0.000,-0.850,-6.710
83,3,-160.940,-215.450,4.860,1.760,1.500,-175.756,-288.523,0.000,-1.470,-7.250
83,3,-160.940,-215.450,4.860,1.760,1.500,-190.572,-361.595,0.000,-1.470,-7.250
83,3,-160.940,-215.450,4.860,1.760,1.500,-205.388,-434.668,0.000,-1.470,-7.250
83,3,-160.940,-215.450,4.860,1.760,1.500,-220.205,-507.741,0.000,-1.470,-7.250
84,3,-162.300,-223.200,1.790,0.560,0.900,-175.675,-294.864,0.000,-1.340,-7.180
84,3,-162.300,-223.200,1.790,0.560,0.900,-189.049,-366.527,0.000,-1.340,-7.180
84,3,-162.300,-223.200,1.790,0.560,0.900,-202.424,-438.191,0.000,-1.340,-7.180
84,3,-162.300,-223.200,1.790,0.560,0.900,-215.798,-509.854,0.000,-1.340,-7.180
85,3,-163.610,-230.540,2.660,1.870,0.830,-176.156,-299.495,0.000,-1.270,-6.980
85,3,-163.610,-230.540,2.660,1.870,0.830,-188.703,-368.451,0.000,-1.270,-6.980
85,3,-163.610,-230.540,2.660,1.870,0.830,-201.249,-437.406,0.000,-1.270,-6.980
85,3,-163.610,-230.540,2.660,1.870,0.830,-213.795,-506.362,0.000,-1.270,-6.980
86,3,-164.340,-236.610,2.870,4.420,0.570,-175.519,-305.679,0.000,-1.120,-6.920
86,3,-164.340,-236.610,2.870,4.420,0.570,-186.697,-374.747,0.000,-1.120,-6.920
86,3,-164.340,-236.610,2.870,4.420,0.570,-197.876,-443.816,0.000,-1.120,-6.920
86,3,-164.340,-236.610,2.870,4.420,0.570,-209.055,-512.884,0.000,-1.120,-6.920
87,3,-165.120,-243.440,1.460,2.770,1.240,-175.195,-312.168,0.000,-1.010,-6.890
87,3,-165.120,-243.440,1.460,2.770,1.240,-185.269,-380.895,0.000,-1.010,-6.890
87,3,-165.120,-243.440,1.460,2.770,1.240,-195.344,-449.623,0.000,-1.010,-6.890
87,3,-165.120,-243.440,1.460,2.770,1.240,-205.419,-518.351,0.000,-1.010,-6.890
88,3,-166.100,-251.010,2.920,3.490,0.130,-175.585,-319.083,0.000,-0.960,-6.890
88,3,-166.100,-251.010,2.920,3.490,0.130,-185.070,-387.156,0.000,-0.960,-6.890
88,3,-166.100,-251.010,2.920,3.490,0.130,-194.554,-455.230,0.000,-0.960,-6.890
88,3,-166.100,-251.010,2.920,3.490,0.130,-204.039,-523.303,0.000,-0.960,-6.890
89,3,-166.190,-256.970,3.340,2.860,0.830,-173.076,-324.734,0.000,-0.690,-6.790
89,3,-166.190,-256.970,3.340,2.860,0.830,-179.962,-392.498,0.000,-0.690,-6.790
89,3,-166.190,-256.970,3.340,2.860,0.830,-186.849,-460.263,0.000,-0.690,-6.790
89,3,-166.190,-256.970,3.340,2.860,0.830,-193.735,-528.027,0.000,-0.690,-6.790
90,3,-166.660,-263.510,2.990,2.370,0.190,-172.748,-330.376,0.000,-0.610,-6.700
90,3,-166.660,-263.510,2.990,2.370,0.190,-178.836,-397.242,0.000,-0.610,-6.700
90,3,-166.660,-263.510,2.990,2.370,0.190,-184.923,-464.108,0.000,-0.610,-6.700
90,3,-166.660,-263.510,2.990,2.370,0.190,-191.011,-530.974,0.000,-0.610,-6.700
91,3,-166.890,-268.170,1.580,1.730,1.470,-172.081,-333.723,0.000,-0.510,-6.440
91,3,-166.890,-268.170,1.580,1.730,1.470,-177.273,-399.276,0.000,-0.510,-6.440
91,3,-166.890,-268.170,1.580,1.730,1.470,-182.464,-464.828,0.000,-0.510,-6.440
91,3,-166.890,-268.170,1.580,1.730,1.470,-187.655,-530.381,0.000,-0.510,-6.440
92,3,-167.250,-275.570,2.250,1.960,0.100,-171.541,-338.537,0.000,-0.430,-6.310
92,3,-167.250,-275.570,2.250,1.960,0.100,-175.832,-401.505,0.000,-0.430,-6.310
92,3,-167.250,-275.570,2.250,1.960,0.100,-180.123,-464.472,0.000,-0.430,-6.310
92,3,-167.250,-275.570,2.250,1.960,0.100,-184.414,-527.440,0.000,-0.430,-6.310
93,3,-167.790,-281.120,3.130,2.000,1.470,-172.380,-341.487,0.000,-0.460,-6.050
93,3,-167.790,-281.120,3.130,2.000,1.470,-176.970,-401.854,0.000,-0.460,-6.050
93,3,-167.790,-281.120,3.130,2.000,1.470,-181.560,-462.221,0.000,-0.460,-6.050
93,3,-167.790,-281.120,3.130,2.000,1.470,-186.150,-522.588,0.000,-0.460,-6.050
94,3,-168.160,-286.580,2.090,1.580,1.470,-172.596,-347.570,0.000,-0.440,-6.050
94,3,-168.160,-286.580,2.090,1.580,1.470,-177.031,-408.560,0.000,-0.440,-6.050
94,3,-168.160,-286.580,2.090,1.580,1.470,-181.467,-469.550,0.000,-0.440,-6.050
94,3,-168.160,-286.580,2.090,1.580,1.470,-185.903,-530.540,0.000,-0.440,-6.050
95,3,-168.460,-291.940,2.200,3.020,0.130,-172.390,-350.493,0.000,-0.390,-5.810
95,3,-168.460,-291.940,2.200,3.020,0.130,-176.321,-409.046,0.000,-0.390,-5.810
95,3,-168.460,-291.940,2.200,3.020,0.130,-180.251,-467.600,0.000,-0.390,-5.810
95,3,-168.460,-291.940,2.200,3.020,0.130,-184.182,-526.153,0.000,-0.390,-5.810
96,3,-168.990,-297.690,3.140,1.800,0.870,-173.182,-353.378,0.000,-0.420,-5.580
96,3,-168.990,-297.690,3.140,1.800,0.870,-177.373,-409.067,0.000,-0.420,-5.580
96,3,-168.990,-297.690,3.140,1.800,0.870,-181.565,-464.755,0.000,-0.420,-5.580
96,3,-168.990,-297.690,3.140,1.800,0.870,-185.756,-520.444,0.000,-0.420,-5.580
97,3,-169.260,-302.390,1.520,3.310,0.050,-172.953,-355.084,0.000,-0.370,-5.280
97,3,-169.260,-302.390,1.520,3.310,0.050,-176.645,-407.779,0.000,-0.370,-5.280
97,3,-169.260,-302.390,1.520,3.310,0.050,-180.338,-460.473,0.000,-0.370,-5.280
97,3,-169.260,-302.390,1.520,3.310,0.050,-184.030,-513.168,0.000,-0.370,-5.280
98,3,-169.530,-306.670,1.860,2.710,0.160,-173.058,-358.174,0.000,-0.350,-5.110
98,3,-169.530,-306.670,1.860,2.710,0.160,-176.585,-409.677,0.000,-0.350,-5.110
98,3,-169.530,-306.670,1.860,2.710,0.160,-180.113,-461.181,0.000,-0.350,-5.110
98,3,-169.530,-306.670,1.860,2.710,0.160,-183.641,-512.685,0.000,-0.350,-5.110
99,3,-169.760,-311.010,1.170,3.180,0.150,-173.017,-362.007,0.000,-0.320,-5.010
99,3,-169.760,-311.010,1.170,3.180,0.150,-176.275,-413.004,0.000,-0.320,-5.010
99,3,-169.760,-311.010,1.170,3.180,0.150,-179.532,-464.000,0.000,-0.320,-5.010
99,3,-169.760,-311.010,1.170,3.180,0.150,-182.789,-514.997,0.000,-0.320,-5.010
100,3,-169.820,-316.720,1.490,3.190,0.240,-171.895,-363.843,0.000,-0.210,-4.770
100,3,-169.820,-316.720,1.490,3.190,0.240,-173.969,-410.966,0.000,-0.210,-4.770
100,3,-169.820,-316.720,1.490,3.190,0.240,-176.044,-458.088,0.000,-0.210,-4.770
100,3,-169.820,-316.720,1.490,3.190,0.240,-178.118,-505.211,0.000,-0.210,-4.770
101,3,-168.860,-320.310,2.710,3.810,0.330,-166.864,-365.814,0.000,0.200,-4.560
101,3,-168.860,-320.310,2.710,3.810,0.330,-164.868,-411.318,0.000,0.200,-4.560
101,3,-168.860,-320.310,2.710,3.810,0.330,-162.873,-456.823,0.000,0.200,-4.560
101,3,-168.860,-320.310,2.710,3.810,0.330,-160.877,-502.327,0.000,0.200,-4.560
109,3,-156.830,-354.980,3.080,1.580,0.650,-134.786,-398.079,0.000,2.230,-4.360
109,3,-156.830,-354.980,3.080,1.580,0.650,-112.743,-441.177,0.000,2.230,-4.360
109,3,-156.830,-354.980,3.080,1.580,0.650,-90.699,-484.276,0.000,2.230,-4.360
109,3,-156.830,-354.980,3.080,1.580,0.650,-68.656,-527.374,0.000,2.230,-4.360
110,3,-154.640,-359.070,1.630,4.490,0.290,-131.489,-403.477,0.000,2.320,-4.450
110,3,-154.640,-359.070,1.630,4.490,0.290,-108.337,-447.883,0.000,2.320,-4.450
110,3,-154.640,-359.070,1.630,4.490,0.290,-85.186,-492.290,0.000,2.320,-4.450
110,3,-154.640,-359.070,1.630,4.490,0.290,-62.035,-536.696,0.000,2.320,-4.450
111,3,-152.550,-363.450,3.500,1.680,1.560,-130.301,-407.548,0.000,2.230,-4.420
111,3,-152.550,-363.450,3.500,1.680,1.560,-108.053,-451.647,0.000,2.230,-4.420
111,3,-152.550,-363.450,3.500,1.680,1.560,-85.804,-495.745,0.000,2.230,-4.420
111,3,-152.550,-363.450,3.500,1.680,1.560,-63.555,-539.843,0.000,2.230,-4.420
112,3,-150.480,-367.690,2.170,4.970,0.320,-128.700,-411.151,0.000,2.180,-4.350
112,3,-150.480,-367.690,2.170,4.970,0.320,-106.919,-454.612,0.000,2.180,-4.350
112,3,-150.480,-367.690,2.170,4.970,0.320,-85.139,-498.073,0.000,2.180,-4.350
112,3,-150.480,-367.690,2.170,4.970,0.320,-63.358,-541.533,0.000,2.180,-4.350
113,3,-148.890,-371.790,1.690,4.550,0.320,-128.329,-416.339,0.000,2.040,-4.420
113,3,-148.890,-371.790,1.690,4.550,0.320,-107.768,-460.888,0.000,2.040,-4.420
113,3,-148.890,-371.790,1.690,4.550,0.320,-87.207,-505.438,0.000,2.040,-4.420
113,3,-148.890,-371.790,1.690,4.550,0.320,-66.645,-549.987,0.000,2.040,-4.420
114,3,-146.790,-376.270,3.580,1.860,1.550,-126.926,-419.093,0.000,1.990,-4.290
114,3,-146.790,-376.270,3.580,1.860,1.550,-107.062,-461.916,0.000,1.990,-4.290
114,3,-146.790,-376.270,3.580,1.860,1.550,-87.197,-504.738,0.000,1.990,-4.290
114,3,-146.790,-376.270,3.580,1.860,1.550,-67.333,-547.561,0.000,1.990,-4.290
115,3,-145.430,-380.010,2.860,3.280,0.460,-126.088,-424.802,0.000,1.900,-4.400
115,3,-145.430,-380.010,2.860,3.280,0.460,-106.746,-469.594,0.000,1.900,-4.400
115,3,-145.430,-380.010,2.860,3.280,0.460,-87.404,-514.386,0.000,1.900,-4.400
115,3,-145.430,-380.010,2.860,3.280,0.460,-68.062,-559.178,0.000,1.900,-4.400
116,3,-143.390,-382.510,3.350,0.130,1.450,-125.132,-418.028,0.000,1.830,-3.560
116,3,-143.390,-382.510,3.350,0.130,1.450,-106.874,-453.546,0.000,1.830,-3.560
116,3,-143.390,-382.510,3.350,0.130,1.450,-88.616,-489.064,0.000,1.830,-3.560
116,3,-143.390,-382.510,3.350,0.130,1.450,-70.358,-524.582,0.000,1.830,-3.560
117,3,-144.770,-381.740,0.090,0.840,0.140,-135.197,-405.320,0.000,0.950,-2.340
117,3,-144.770,-381.740,0.090,0.840,0.140,-125.624,-428.900,0.000,0.950,-2.340
117,3,-144.770,-381.740,0.090,0.840,0.140,-116.051,-452.481,0.000,0.950,-2.340
117,3,-144.770,-381.740,0.090,0.840,0.140,-106.477,-476.061,0.000,0.950,-2.340
118,3,-139.740,-392.970,1.780,7.640,0.400,-119.762,-432.926,0.000,1.980,-3.960
118,3,-139.740,-392.970,1.780,7.640,0.400,-99.784,-472.883,0.000,1.980,-3.960
118,3,-139.740,-392.970,1.780,7.640,0.400,-79.805,-512.839,0.000,1.980,-3.960
118,3,-139.740,-392.970,1.780,7.640,0.400,-59.827,-552.796,0.000,1.980,-3.960
119,3,-136.840,-399.330,1.700,6.900,0.370,-115.501,-444.181,0.000,2.160,-4.540
119,3,-136.840,-399.330,1.700,6.900,0.370,-94.163,-489.031,0.000,2.160,-4.540
119,3,-136.840,-399.330,1.700,6.900,0.370,-72.824,-533.882,0.000,2.160,-4.540
119,3,-136.840,-399.330,1.700,6.900,0.370,-51.485,-578.733,0.000,2.160,-4.540
120,3,-134.850,-403.650,2.100,3.850,0.610,-113.096,-449.753,0.000,2.180,-4.620
120,3,-134.850,-403.650,2.100,3.850,0.610,-91.342,-495.856,0.000,2.180,-4.620
120,3,-134.850,-403.650,2.100,3.850,0.610,-69.587,-541.959,0.000,2.180,-4.620
120,3,-134.850,-403.650,2.100,3.850,0.610,-47.833,-588.062,0.000,2.180,-4.620
121,3,-132.720,-407.670,2.170,5.940,0.610,-110.040,-453.836,0.000,2.250,-4.580
121,3,-132.720,-407.670,2.170,5.940,0.610,-87.360,-500.003,0.000,2.250,-4.580
121,3,-132.720,-407.670,2.170,5.940,0.610,-64.680,-546.169,0.000,2.250,-4.580
121,3,-132.720,-407.670,2.170,5.940,0.610,-42.000,-592.336,0.000,2.250,-4.580
122,3,-130.270,-412.800,2.540,5.870,0.320,-107.817,-459.003,0.000,2.250,-4.630
122,3,-130.270,-412.800,2.540,5.870,0.320,-85.364,-505.206,0.000,2.250,-4.630
122,3,-130.270,-412.800,2.540,5.870,0.320,-62.912,-551.408,0.000,2.250,-4.630
122,3,-130.270,-412.800,2.540,5.870,0.320,-40.459,-597.611,0.000,2.250,-4.630
123,3,-127.860,-417.910,3.050,6.710,0.880,-105.810,-463.691,0.000,2.230,-4.630
123,3,-127.860,-417.910,3.050,6.710,0.880,-83.760,-509.473,0.000,2.230,-4.630
123,3,-127.860,-417.910,3.050,6.710,0.880,-61.709,-555.254,0.000,2.230,-4.630
123,3,-127.860,-417.910,3.050,6.710,0.880,-39.659,-601.036,0.000,2.230,-4.630
124,3,-126.300,-421.060,3.010,7.680,0.490,-104.523,-465.824,0.000,2.160,-4.440
124,3,-126.300,-421.060,3.010,7.680,0.490,-82.746,-510.588,0.000,2.160,-4.440
124,3,-126.300,-421.060,3.010,7.680,0.490,-60.969,-555.352,0.000,2.160,-4.440
124,3,-126.300,-421.060,3.010,7.680,0.490,-39.192,-600.116,0.000,2.160,-4.440
125,3,-123.980,-425.320,3.080,7.380,0.920,-100.464,-471.537,0.000,2.310,-4.540
125,3,-123.980,-425.320,3.080,7.380,0.920,-76.948,-517.754,0.000,2.310,-4.540
125,3,-123.980,-425.320,3.080,7.380,0.920,-53.433,-563.972,0.000,2.310,-4.540
125,3,-123.980,-425.320,3.080,7.380,0.920,-29.917,-610.189,0.000,2.310,-4.540
126,3,-120.690,-431.400,2.860,7.070,0.860,-96.877,-476.951,0.000,2.410,-4.610
126,3,-120.690,-431.400,2.860,7.070,0.860,-73.064,-522.503,0.000,2.410,-4.610
126,3,-120.690,-431.400,2.860,7.070,0.860,-49.250,-568.054,0.000,2.410,-4.610
126,3,-120.690,-431.400,2.860,7.070,0.860,-25.437,-613.606,0.000,2.410,-4.610
127,3,-118.480,-435.530,2.940,6.470,1.020,-93.088,-483.492,0.000,2.520,-4.760
127,3,-118.480,-435.530,2.940,6.470,1.020,-67.697,-531.454,0.000,2.520,-4.760
127,3,-118.480,-435.530,2.940,6.470,1.020,-42.305,-579.415,0.000,2.520,-4.760
127,3,-118.480,-435.530,2.940,6.470,1.020,-16.914,-627.377,0.000,2.520,-4.760
128,3,-115.530,-440.790,2.070,3.490,0.020,-88.823,-490.475,0.000,2.650,-4.930
128,3,-115.530,-440.790,2.070,3.490,0.020,-62.117,-540.159,0.000,2.650,-4.930
128,3,-115.530,-440.790,2.070,3.490,0.020,-35.410,-589.844,0.000,2.650,-4.930
128,3,-115.530,-440.790,2.070,3.490,0.020,-8.703,-639.528,0.000,2.650,-4.930
129,3,-112.980,-446.350,3.270,5.100,0.880,-87.813,-495.985,0.000,2.520,-4.970
129,3,-112.980,-446.350,3.270,5.100,0.880,-62.646,-545.621,0.000,2.520,-4.970
129,3,-112.980,-446.350,3.270,5.100,0.880,-37.478,-595.256,0.000,2.520,-4.970
129,3,-112.980,-446.350,3.270,5.100,0.880,-12.311,-644.892,0.000,2.520,-4.970
130,3,-110.320,-451.190,1.920,3.910,0.550,-84.646,-500.341,0.000,2.570,-4.920
130,3,-110.320,-451.190,1.920,3.910,0.550,-58.971,-549.492,0.000,2.570,-4.920
130,3,-110.320,-451.190,1.920,3.910,0.550,-33.297,-598.642,0.000,2.570,-4.920
130,3,-110.320,-451.190,1.920,3.910,0.550,-7.623,-647.793,0.000,2.570,-4.920
131,3,-107.930,-456.270,3.350,4.560,0.250,-82.865,-506.000,0.000,2.510,-4.980
131,3,-107.930,-456.270,3.350,4.560,0.250,-57.800,-555.731,0.000,2.510,-4.980
131,3,-107.930,-456.270,3.350,4.560,0.250,-32.735,-605.461,0.000,2.510,-4.980
131,3,-107.930,-456.270,3.350,4.560,0.250,-7.671,-655.191,0.000,2.510,-4.980
132,3,-105.040,-461.830,1.900,4.510,0.530,-79.823,-511.374,0.000,2.550,-5.010
132,3,-105.040,-461.830,1.900,4.510,0.530,-54.606,-560.918,0.000,2.550,-5.010
132,3,-105.040,-461.830,1.900,4.510,0.530,-29.389,-610.462,0.000,2.550,-5.010
132,3,-105.040,-461.830,1.900,4.510,0.530,-4.172,-660.006,0.000,2.550,-5.010
133,3,-103.090,-465.890,2.990,3.480,1.050,-77.668,-516.633,0.000,2.520,-5.030
133,3,-103.090,-465.890,2.990,3.480,1.050,-52.246,-567.375,0.000,2.520,-5.030
133,3,-103.090,-465.890,2.990,3.480,1.050,-26.825,-618.118,0.000,2.520,-5.030
133,3,-103.090,-465.890,2.990,3.480,1.050,-1.403,-668.861,0.000,2.520,-5.030
134,3,-100.820,-471.210,2.350,3.890,0.310,-76.301,-522.972,0.000,2.430,-5.130
134,3,-100.820,-471.210,2.350,3.890,0.310,-51.783,-574.733,0.000,2.430,-5.130
134,3,-100.820,-471.210,2.350,3.890,0.310,-27.264,-626.495,0.000,2.430,-5.130
134,3,-100.820,-471.210,2.350,3.890,0.310,-2.745,-678.257,0.000,2.430,-5.130
137,3,-94.650,-487.490,1.180,2.690,0.680,-73.877,-539.722,0.000,2.080,-5.230
137,3,-94.650,-487.490,1.180,2.690,0.680,-53.104,-591.954,0.000,2.080,-5.230
137,3,-94.650,-487.490,1.180,2.690,0.680,-32.331,-644.186,0.000,2.080,-5.230
137,3,-94.650,-487.490,1.180,2.690,0.680,-11.558,-696.418,0.000,2.080,-5.230
138,3,-92.670,-492.130,2.890,1.640,1.230,-71.290,-544.673,0.000,2.120,-5.210
138,3,-92.670,-492.130,2.890,1.640,1.230,-49.910,-597.216,0.000,2.120,-5.210
138,3,-92.670,-492.130,2.890,1.640,1.230,-28.529,-649.759,0.000,2.120,-5.210
138,3,-92.670,-492.130,2.890,1.640,1.230,-7.149,-702.301,0.000,2.120,-5.210
139,3,-90.690,-497.790,1.680,4.600,0.200,-70.618,-549.717,0.000,2.010,-5.200
139,3,-90.690,-497.790,1.680,4.600,0.200,-50.546,-601.644,0.000,2.010,-5.200
139,3,-90.690,-497.790,1.680,4.600,0.200,-30.474,-653.572,0.000,2.010,-5.200
139,3,-90.690,-497.790,1.680,4.600,0.200,-10.403,-705.499,0.000,2.010,-5.200
140,3,-88.590,-503.610,1.750,3.260,0.600,-68.208,-557.761,0.000,2.040,-5.420
140,3,-88.590,-503.610,1.750,3.260,0.600,-47.827,-611.912,0.000,2.040,-5.420
140,3,-88.590,-503.610,1.750,3.260,0.600,-27.445,-666.064,0.000,2.040,-5.420
140,3,-88.590,-503.610,1.750,3.260,0.600,-7.063,-720.215,0.000,2.040,-5.420
141,3,-87.160,-508.370,1.030,3.220,0.300,-68.198,-562.532,0.000,1.880,-5.370
141,3,-87.160,-508.370,1.030,3.220,0.300,-49.237,-616.694,0.000,1.880,-5.370
141,3,-87.160,-508.370,1.030,3.220,0.300,-30.275,-670.855,0.000,1.880,-5.370
141,3,-87.160,-508.370,1.030,3.220,0.300,-11.313,-725.017,0.000,1.880,-5.370
142,3,-85.580,-513.630,0.480,2.540,0.040,-68.497,-565.178,0.000,1.710,-5.160
142,3,-85.580,-513.630,0.480,2.540,0.040,-51.414,-616.727,0.000,1.710,-5.160
142,3,-85.580,-513.630,0.480,2.540,0.040,-34.331,-668.275,0.000,1.710,-5.160
142,3,-85.580,-513.630,0.480,2.540,0.040,-17.248,-719.824,0.000,1.710,-5.160
143,3,-83.530,-519.750,1.040,3.920,0.340,-66.034,-572.239,0.000,1.770,-5.310
143,3,-83.530,-519.750,1.040,3.920,0.340,-48.537,-624.729,0.000,1.770,-5.310
143,3,-83.530,-519.750,1.040,3.920,0.340,-31.041,-677.218,0.000,1.770,-5.310
143,3,-83.530,-519.750,1.040,3.920,0.340,-13.544,-729.707,0.000,1.770,-5.310
144,3,-81.930,-524.720,0.930,2.580,0.060,-64.249,-578.461,0.000,1.770,-5.380
144,3,-81.930,-524.720,0.930,2.580,0.060,-46.569,-632.202,0.000,1.770,-5.380
144,3,-81.930,-524.720,0.930,2.580,0.060,-28.888,-685.942,0.000,1.770,-5.380
144,3,-81.930,-524.720,0.930,2.580,0.060,-11.208,-739.683,0.000,1.770,-5.380
145,3,-79.950,-530.830,1.290,3.290,0.360,-62.356,-584.599,0.000,1.780,-5.440
145,3,-79.950,-530.830,1.290,3.290,0.360,-44.763,-638.368,0.000,1.780,-5.440
145,3,-79.950,-530.830,1.290,3.290,0.360,-27.169,-692.137,0.000,1.780,-5.440
145,3,-79.950,-530.830,1.290,3.290,0.360,-9.576,-745.906,0.000,1.780,-5.440
146,3,-78.550,-535.270,0.950,3.150,0.400,-60.694,-590.451,0.000,1.770,-5.470
146,3,-78.550,-535.270,0.950,3.150,0.400,-42.838,-645.633,0.000,1.770,-5.470
146,3,-78.550,-535.270,0.950,3.150,0.400,-24.983,-700.814,0.000,1.770,-5.470
146,3,-78.550,-535.270,0.950,3.150,0.400,-7.127,-755.995,0.000,1.770,-5.470
147,3,-76.800,-541.030,1.560,3.880,0.330,-59.822,-594.760,0.000,1.700,-5.380
147,3,-76.800,-541.030,1.560,3.880,0.330,-42.844,-648.490,0.000,1.700,-5.380
147,3,-76.800,-541.030,1.560,3.880,0.330,-25.866,-702.220,0.000,1.700,-5.380
147,3,-76.800,-541.030,1.560,3.880,0.330,-8.888,-755.950,0.000,1.700,-5.380
148,3,-75.510,-546.140,0.990,3.370,0.320,-60.024,-598.793,0.000,1.550,-5.270
148,3,-75.510,-546.140,0.990,3.370,0.320,-44.538,-651.445,0.000,1.550,-5.270
148,3,-75.510,-546.140,0.990,3.370,0.320,-29.052,-704.098,0.000,1.550,-5.270
148,3,-75.510,-546.140,0.990,3.370,0.320,-13.566,-756.750,0.000,1.550,-5.270
149,3,-73.570,-551.990,1.270,3.160,0.420,-57.457,-604.183,0.000,1.630,-5.280
149,3,-73.570,-551.990,1.270,3.160,0.420,-41.345,-656.376,0.000,1.630,-5.280
149,3,-73.570,-551.990,1.270,3.160,0.420,-25.232,-708.568,0.000,1.630,-5.280
149,3,-73.570,-551.990,1.270,3.160,0.420,-9.120,-760.761,0.000,1.630,-5.280
150,3,-71.940,-556.620,1.760,3.100,0.390,-55.059,-608.962,0.000,1.690,-5.240
150,3,-71.940,-556.620,1.760,3.100,0.390,-38.177,-661.305,0.000,1.690,-5.240
150,3,-71.940,-556.620,1.760,3.100,0.390,-21.296,-713.647,0.000,1.690,-5.240
150,3,-71.940,-556.620,1.760,3.100,0.390,-4.414,-765.989,0.000,1.690,-5.240
151,3,-70.310,-560.910,0.690,3.460,0.100,-52.858,-612.056,0.000,1.730,-5.070
151,3,-70.310,-560.910,0.690,3.460,0.100,-35.406,-663.202,0.000,1.730,-5.070
151,3,-70.310,-560.910,0.690,3.460,0.100,-17.953,-714.348,0.000,1.730,-5.070
151,3,-70.310,-560.910,0.690,3.460,0.100,-0.501,-765.495,0.000,1.730,-5.070
152,3,-68.640,-565.300,0.720,2.200,0.470,-50.604,-616.352,0.000,1.770,-5.010
152,3,-68.640,-565.300,0.720,2.200,0.470,-32.567,-667.404,0.000,1.770,-5.010
152,3,-68.640,-565.300,0.720,2.200,0.470,-14.531,-718.456,0.000,1.770,-5.010
152,3,-68.640,-565.300,0.720,2.200,0.470,3.505,-769.508,0.000,1.770,-5.010
153,3,-66.000,-571.500,0.810,2.880,0.790,-46.525,-622.234,0.000,1.950,-5.080
153,3,-66.000,-571.500,0.810,2.880,0.790,-27.051,-672.968,0.000,1.950,-5.080
153,3,-66.000,-571.500,0.810,2.880,0.790,-7.576,-723.702,0.000,1.950,-5.080
153,3,-66.000,-571.500,0.810,2.880,0.790,11.899,-774.436,0.000,1.950,-5.080
154,3,-63.810,-576.130,0.860,2.880,0.710,-43.534,-625.271,0.000,2.030,-4.920
154,3,-63.810,-576.130,0.860,2.880,0.710,-23.259,-674.412,0.000,2.030,-4.920
154,3,-63.810,-576.130,0.860,2.880,0.710,-2.983,-723.553,0.000,2.030,-4.920
154,3,-63.810,-576.130,0.860,2.880,0.710,17.293,-772.694,0.000,2.030,-4.920
