1747830521.21,0,8.89,-729.56,2.14,4.91,0.65,8.89,-729.56,0.00,-1.12,2.17 
1747830521.31,0,8.86,-729.45,2.16,4.11,1.22,8.86,-729.45,0.00,-1.04,2.05 
1747830521.41,0,8.84,-729.15,2.49,4.67,0.71,8.84,-729.15,0.00,-0.94,2.16 
1747830521.61,0,8.76,-728.80,2.07,4.06,1.25,8.76,-728.80,0.00,-0.83,2.08 
1747830521.91,0,8.59,-728.22,1.79,4.12,0.77,8.59,-728.22,0.00,-0.75,2.03 
1747830522.61,0,7.75,-726.51,1.69,4.55,0.76,7.75,-726.51,0.00,-0.94,2.21 
1747830522.71,0,7.64,-726.38,1.99,4.54,0.85,7.64,-726.38,0.00,-0.96,2.13 
1747830522.91,0,7.37,-726.01,1.34,2.73,1.26,7.37,-726.01,0.00,-1.06,2.06 
1747830523.11,0,6.93,-725.33,1.00,2.27,0.55,6.93,-725.33,0.00,-1.34,2.41 
1747830523.21,0,6.81,-725.15,1.29,2.44,1.24,6.81,-725.15,0.00,-1.32,2.33 
1747830523.31,0,6.95,-725.04,1.44,2.78,0.65,6.95,-725.04,0.00,-0.98,2.17 
1747830523.51,0,6.94,-724.76,1.54,3.19,0.66,6.94,-724.76,0.00,-0.76,1.98 
1747830523.61,0,6.86,-724.71,2.53,3.58,1.29,6.86,-724.71,0.00,-0.75,1.81 
1747830523.71,0,6.77,-724.59,2.18,3.57,1.23,6.77,-724.59,0.00,-0.78,1.74 
1747830524.01,0,6.58,-724.04,1.90,3.79,0.69,6.58,-724.04,0.00,-0.74,1.77 
1747830524.11,0,6.53,-723.80,2.00,3.78,0.64,6.53,-723.80,0.00,-0.71,1.83 
1747830524.21,0,6.35,-723.53,1.78,5.30,0.76,6.35,-723.53,0.00,-0.82,1.93 
1747830524.41,0,6.16,-723.03,0.83,2.03,0.73,6.16,-723.03,0.00,-0.85,2.04 
1747830524.51,0,6.05,-722.78,0.87,1.86,0.60,6.05,-722.78,0.00,-0.88,2.10 
1747830524.61,0,5.97,-722.47,1.20,1.92,0.49,5.97,-722.47,0.00,-0.87,2.21 
1747830524.81,0,5.73,-722.07,1.32,1.68,1.22,5.73,-722.07,0.00,-0.94,2.16 
1747830524.91,0,5.80,-722.13,1.37,2.12,0.65,5.80,-722.13,0.00,-0.77,1.87 
1747830525.01,0,5.65,-721.83,0.87,2.43,0.59,5.65,-721.83,0.00,-0.84,1.99 
1747830525.11,0,5.46,-721.64,1.35,2.10,1.11,5.46,-721.64,0.00,-0.95,1.98 
1747830525.21,0,5.31,-721.37,0.85,2.09,0.53,5.31,-721.37,0.00,-1.02,2.06 
1747830525.41,0,5.00,-720.89,1.16,2.06,0.50,5.00,-720.89,0.00,-1.12,2.13 
1747830525.51,0,4.76,-720.63,1.57,2.15,0.46,4.76,-720.63,0.00,-1.25,2.18 
1747830525.91,0,4.15,-719.74,1.07,1.77,0.51,4.15,-719.74,0.00,-1.35,2.20 
1747830526.11,0,3.76,-719.33,1.35,1.99,1.16,3.76,-719.33,0.00,-1.46,2.17 
1747830526.21,0,3.49,-718.80,0.92,4.67,0.50,3.49,-718.80,0.00,-1.60,2.49 
1747830526.31,0,3.40,-718.51,1.33,1.65,0.46,3.40,-718.51,0.00,-1.52,2.53 
1747830526.41,0,3.23,-718.32,1.32,1.62,1.00,3.23,-718.32,0.00,-1.54,2.46 
1747830526.51,0,3.07,-718.09,1.20,1.61,1.09,3.07,-718.09,0.00,-1.55,2.44 
1747830526.61,0,2.94,-717.83,1.12,1.65,0.49,2.94,-717.83,0.00,-1.52,2.46 
1747830526.71,0,2.82,-717.59,0.96,1.73,0.50,2.82,-717.59,0.00,-1.48,2.45 
1747830526.81,0,2.55,-717.19,0.97,2.21,0.63,2.55,-717.19,0.00,-1.62,2.63 
1747830527.01,0,2.29,-716.66,1.35,1.76,0.48,2.29,-716.66,0.00,-1.56,2.64 
1747830527.11,0,2.20,-716.41,1.41,1.89,0.44,2.20,-716.41,0.00,-1.48,2.62 
1747830527.21,0,1.96,-715.96,0.76,4.70,0.48,1.96,-715.96,0.00,-1.58,2.82 
1747830527.31,0,1.76,-715.58,0.90,3.86,0.51,1.76,-715.58,0.00,-1.63,2.93 
1747830527.51,0,1.43,-715.13,1.74,2.03,1.08,1.43,-715.13,0.00,-1.63,2.78 
1747830527.61,0,1.32,-714.87,1.20,1.80,0.49,1.32,-714.87,0.00,-1.58,2.77 
1747830527.71,0,1.20,-714.63,0.90,1.88,0.49,1.20,-714.63,0.00,-1.54,2.73 
1747830527.91,0,0.90,-714.03,0.90,1.66,0.64,0.90,-714.03,0.00,-1.53,2.78 
1747830528.01,0,0.77,-713.74,1.18,1.66,0.47,0.77,-713.74,0.00,-1.51,2.79 
1747830528.11,0,0.64,-713.45,1.17,1.63,0.60,0.64,-713.45,0.00,-1.49,2.81 
1747830528.21,0,0.48,-713.15,0.87,1.69,0.51,0.48,-713.15,0.00,-1.50,2.83 
1747830528.31,0,0.19,-712.71,0.86,2.27,0.63,0.19,-712.71,0.00,-1.64,2.99 
1747830528.41,0,0.05,-712.41,1.21,1.73,0.57,0.05,-712.41,0.00,-1.62,3.00 
1747830528.51,0,-0.15,-712.11,0.97,1.71,0.59,-0.15,-712.11,0.00,-1.66,3.00 
1747830528.61,0,-0.41,-711.67,1.00,2.14,0.59,-0.41,-711.67,0.00,-1.76,3.14 
1747830528.71,0,-0.58,-711.41,1.03,1.96,0.63,-0.58,-711.41,0.00,-1.75,3.08 
1747830528.81,0,-0.78,-711.13,1.11,1.63,0.63,-0.78,-711.13,0.00,-1.78,3.05 
1747830528.91,0,-1.02,-710.83,1.14,1.86,0.72,-1.02,-710.83,0.00,-1.84,3.05 
1747830529.01,0,-1.26,-710.57,1.32,1.97,1.18,-1.26,-710.57,0.00,-1.90,3.01 
1747830529.11,0,-1.49,-710.31,1.12,1.78,1.04,-1.49,-710.31,0.00,-1.94,2.96 
1747830529.21,0,-1.72,-710.01,1.00,1.88,0.66,-1.72,-710.01,0.00,-1.97,2.97 
1747830529.31,0,-2.03,-709.61,0.80,4.40,0.75,-2.03,-709.61,0.00,-2.09,3.07 
1747830529.41,0,-2.24,-709.33,0.73,1.68,0.82,-2.24,-709.33,0.00,-2.10,3.05 
1747830529.51,0,-2.42,-709.05,0.97,2.00,0.62,-2.42,-709.05,0.00,-2.07,3.02 
1747830529.61,0,-2.75,-708.63,1.00,2.51,0.65,-2.75,-708.63,0.00,-2.19,3.13 
1747830529.81,0,-3.31,-707.95,1.12,2.81,0.68,-3.31,-707.95,0.00,-2.32,3.19 
1747830530.01,0,-3.71,-707.37,0.57,2.28,0.73,-3.71,-707.37,0.00,-2.25,3.13 
1747830530.11,0,-3.86,-707.13,0.74,2.26,0.70,-3.86,-707.13,0.00,-2.18,3.06 
1747830530.21,0,-4.15,-706.70,0.78,2.68,0.56,-4.15,-706.70,0.00,-2.25,3.18 
1747830530.51,0,-4.87,-705.63,0.86,2.99,0.57,-4.87,-705.63,0.00,-2.29,3.30 
1747830530.61,0,-5.17,-705.23,0.98,3.94,0.63,-5.17,-705.23,0.00,-2.36,3.37 
1747830530.71,0,-5.44,-704.88,0.84,3.51,0.62,-5.44,-704.88,0.00,-2.40,3.39 
1747830530.81,0,-5.70,-704.51,0.82,3.50,0.69,-5.70,-704.51,0.00,-2.42,3.42 
1747830530.91,0,-5.94,-704.18,0.95,3.50,0.71,-5.94,-704.18,0.00,-2.42,3.40 
1747830531.01,0,-6.20,-703.82,0.84,3.56,0.59,-6.20,-703.82,0.00,-2.44,3.42 
1747830531.41,0,-7.18,-702.47,1.52,3.21,0.82,-7.18,-702.47,0.00,-2.44,3.41 
1747830532.11,0,-9.01,-700.21,1.23,3.23,0.66,-9.01,-700.21,0.00,-2.52,3.33 
1747830532.21,0,-9.10,-700.27,1.42,2.47,1.03,-9.10,-700.27,0.00,-2.38,2.98 
1747830532.41,0,-9.41,-699.80,0.58,2.22,0.82,-9.41,-699.80,0.00,-2.18,2.83 
1747830532.51,0,-9.78,-699.26,0.62,2.63,0.66,-9.78,-699.26,0.00,-2.38,3.15 
1747830532.71,0,-10.17,-698.59,0.75,1.69,1.08,-10.17,-698.59,0.00,-2.27,3.20 
1747830532.81,0,-10.50,-698.14,0.78,2.10,0.58,-10.50,-698.14,0.00,-2.40,3.37 
1747830533.31,0,-11.90,-696.21,0.88,2.35,0.82,-11.90,-696.21,0.00,-2.58,3.59 
1747830533.41,0,-12.20,-695.81,1.00,2.59,0.75,-12.20,-695.81,0.00,-2.62,3.63 
1747830533.51,0,-12.48,-695.42,0.85,3.32,0.69,-12.48,-695.42,0.00,-2.64,3.66 
1747830533.61,0,-12.77,-695.12,1.59,3.44,0.71,-12.77,-695.12,0.00,-2.67,3.58 
1747830533.91,0,-13.51,-694.06,1.42,3.37,0.68,-13.51,-694.06,0.00,-2.60,3.56 
1747830534.01,0,-13.79,-693.66,1.61,3.53,0.75,-13.79,-693.66,0.00,-2.62,3.61 
1747830534.51,0,-15.27,-691.73,1.55,3.72,0.81,-15.27,-691.73,0.00,-2.77,3.72 
1747830534.61,0,-15.59,-691.39,1.83,3.36,0.73,-15.59,-691.39,0.00,-2.81,3.69 
1747830534.71,0,-15.90,-690.99,1.52,3.34,0.78,-15.90,-690.99,0.00,-2.84,3.73 
1747830534.81,0,-16.21,-690.64,1.79,3.36,0.68,-16.21,-690.64,0.00,-2.87,3.69 
1747830535.01,0,-16.80,-689.92,1.11,3.15,0.61,-16.80,-689.92,0.00,-2.89,3.68 
1747830535.31,0,-17.69,-688.73,1.36,3.47,0.69,-17.69,-688.73,0.00,-2.91,3.76 
1747830535.51,0,-18.32,-687.95,1.44,3.41,0.74,-18.32,-687.95,0.00,-2.96,3.79 
1747830535.81,0,-19.15,-686.69,1.40,3.59,0.58,-19.15,-686.69,0.00,-2.90,3.92 
1747830535.91,0,-19.49,-686.27,1.80,3.52,0.57,-19.49,-686.27,0.00,-2.96,3.94 
1747830536.11,0,-18.42,-687.97,1.88,3.76,0.85,-18.42,-687.97,0.00,-1.25,1.39 
1747830536.71,0,-20.92,-684.79,1.90,4.70,0.79,-20.92,-684.79,0.00,-2.51,3.08 
1747830537.11,0,-23.07,-682.33,1.38,5.62,0.76,-23.07,-682.33,0.00,-3.57,4.22 
1747830537.21,0,-23.72,-681.47,1.05,4.90,0.70,-23.72,-681.47,0.00,-3.88,4.68 
1747830537.31,0,-24.24,-680.91,1.40,3.93,0.73,-24.24,-680.91,0.00,-4.03,4.78 
1747830537.51,0,-24.95,-680.04,1.87,3.87,1.52,-24.95,-680.04,0.00,-3.91,4.67 
1747830537.61,0,-23.35,-681.79,1.95,4.18,0.88,-23.35,-681.79,0.00,-1.51,2.00 
1747830537.91,0,-24.90,-680.00,1.36,8.23,0.74,-24.90,-680.00,0.00,-2.69,3.28 
1747830538.31,0,-26.93,-677.63,1.56,6.19,0.75,-26.93,-677.63,0.00,-3.57,4.26 
1747830538.61,0,-28.39,-675.88,1.07,4.74,0.82,-28.39,-675.88,0.00,-3.94,4.71 
1747830538.71,0,-28.71,-675.30,1.39,2.66,0.52,-28.71,-675.30,0.00,-3.87,4.82 
1747830538.81,0,-28.98,-674.90,1.15,2.26,0.60,-28.98,-674.90,0.00,-3.74,4.73 
1747830538.91,0,-29.44,-674.28,1.00,4.21,0.62,-29.44,-674.28,0.00,-3.84,4.90 
1747830539.01,0,-29.85,-673.73,0.93,3.86,0.63,-29.85,-673.73,0.00,-3.87,4.96 
1747830539.11,0,-30.25,-673.34,1.21,2.80,0.94,-30.25,-673.34,0.00,-3.88,4.85 
1747830539.21,0,-30.61,-672.85,1.04,3.45,0.76,-30.61,-672.85,0.00,-3.85,4.85 
1747830539.51,0,-31.63,-671.46,1.05,3.87,0.68,-31.63,-671.46,0.00,-3.71,4.78 
1747830539.61,0,-31.81,-671.31,2.22,3.19,1.17,-31.81,-671.31,0.00,-3.51,4.43 
1747830539.81,0,-32.48,-670.45,0.78,3.64,0.65,-32.48,-670.45,0.00,-3.48,4.40 
1747830539.91,0,-32.85,-670.04,1.00,3.62,0.65,-32.85,-670.04,0.00,-3.50,4.37 
1747830540.31,0,-34.06,-668.49,1.47,3.89,0.81,-34.06,-668.49,0.00,-3.33,4.20 
1747830540.41,0,-34.34,-668.13,0.90,3.81,0.64,-34.34,-668.13,0.00,-3.28,4.14 
1747830540.71,0,-35.00,-667.18,0.93,3.07,0.75,-35.00,-667.18,0.00,-2.96,3.84 
1747830541.01,0,-35.88,-666.10,1.58,3.38,0.58,-35.88,-666.10,0.00,-2.95,3.77 
1747830541.31,0,-36.78,-664.90,1.40,3.51,0.74,-36.78,-664.90,0.00,-2.96,3.83 
1747830541.41,0,-37.02,-664.53,1.19,3.54,0.52,-37.02,-664.53,0.00,-2.91,3.82 
1747830541.51,0,-37.31,-664.22,1.40,3.76,0.73,-37.31,-664.22,0.00,-2.91,3.74 
1747830541.61,0,-37.62,-663.90,1.43,3.37,0.71,-37.62,-663.90,0.00,-2.92,3.69 
1747830541.71,0,-37.90,-663.55,0.94,3.57,0.69,-37.90,-663.55,0.00,-2.91,3.67 
1747830541.81,0,-38.16,-663.17,1.50,3.47,0.68,-38.16,-663.17,0.00,-2.88,3.69 
1747830542.11,0,-39.06,-662.05,1.36,3.57,0.65,-39.06,-662.05,0.00,-2.92,3.69 
1747830542.31,0,-39.66,-661.39,1.65,3.54,0.79,-39.66,-661.39,0.00,-2.93,3.62 
1747830542.41,0,-39.92,-661.07,1.17,3.52,0.70,-39.92,-661.07,0.00,-2.89,3.57 
1747830542.51,0,-40.21,-660.71,1.31,3.34,0.68,-40.21,-660.71,0.00,-2.89,3.57 
1747830542.61,0,-40.47,-660.35,1.25,3.49,0.72,-40.47,-660.35,0.00,-2.86,3.58 
1747830542.71,0,-40.74,-659.99,1.64,3.39,0.50,-40.74,-659.99,0.00,-2.85,3.57 
1747830542.81,0,-41.03,-659.64,1.29,3.46,0.68,-41.03,-659.64,0.00,-2.85,3.57 
1747830543.01,0,-41.58,-658.95,1.56,3.27,0.54,-41.58,-658.95,0.00,-2.83,3.55 
1747830543.11,0,-41.88,-658.56,1.07,3.59,0.75,-41.88,-658.56,0.00,-2.85,3.58 
1747830543.31,0,-42.45,-657.81,1.72,3.53,0.91,-42.45,-657.81,0.00,-2.85,3.62 
1747830543.41,0,-42.71,-657.47,1.59,3.77,0.59,-42.71,-657.47,0.00,-2.83,3.59 
1747830543.51,0,-42.95,-657.17,1.55,3.76,0.62,-42.95,-657.17,0.00,-2.78,3.54 
1747830543.61,0,-42.00,-658.54,1.62,3.96,0.94,-42.00,-658.54,0.00,-1.49,1.71 
1747830543.81,0,-42.67,-657.63,1.78,4.53,0.84,-42.67,-657.63,0.00,-1.86,2.29 
1747830544.21,0,-44.01,-655.98,1.36,6.50,0.70,-44.01,-655.98,0.00,-2.38,2.92 
1747830544.51,0,-45.17,-654.47,1.98,5.55,0.85,-45.17,-654.47,0.00,-2.80,3.53 
1747830544.61,0,-45.63,-653.91,3.55,3.78,1.47,-45.63,-653.91,0.00,-2.99,3.74 
1747830544.71,0,-46.07,-653.35,1.23,4.47,0.76,-46.07,-653.35,0.00,-3.14,3.95 
1747830544.81,0,-46.47,-652.88,1.43,4.06,0.69,-46.47,-652.88,0.00,-3.23,4.03 
1747830545.01,0,-47.23,-652.25,1.88,3.97,0.69,-47.23,-652.25,0.00,-3.36,3.83 
1747830545.11,0,-47.53,-651.86,1.56,3.45,0.67,-47.53,-651.86,0.00,-3.31,3.84 
1747830545.31,0,-47.97,-651.20,1.16,2.80,0.81,-47.97,-651.20,0.00,-3.08,3.73 
1747830545.41,0,-48.29,-650.80,1.26,3.50,0.79,-48.29,-650.80,0.00,-3.09,3.76 
1747830545.51,0,-48.59,-650.39,1.63,3.43,0.56,-48.59,-650.39,0.00,-3.09,3.79 
1747830545.71,0,-49.18,-649.67,1.41,3.78,0.74,-49.18,-649.67,0.00,-3.06,3.75 
1747830545.81,0,-49.46,-649.29,1.70,3.37,0.89,-49.46,-649.29,0.00,-3.03,3.76 
1747830545.91,0,-49.80,-648.91,1.25,3.53,0.85,-49.80,-648.91,0.00,-3.07,3.76 
1747830546.11,0,-50.37,-648.21,1.41,3.85,0.69,-50.37,-648.21,0.00,-3.02,3.71 
1747830546.21,0,-50.65,-647.88,1.39,3.68,0.66,-50.65,-647.88,0.00,-3.00,3.66 
1747830546.41,0,-51.22,-647.17,1.39,3.75,0.64,-51.22,-647.17,0.00,-2.97,3.64 
1747830546.51,0,-51.46,-646.82,1.62,3.96,0.80,-51.46,-646.82,0.00,-2.91,3.62 
1747830546.71,0,-52.04,-646.08,1.67,3.62,0.88,-52.04,-646.08,0.00,-2.90,3.64 
1747830546.81,0,-52.31,-645.77,1.50,3.84,0.59,-52.31,-645.77,0.00,-2.88,3.58 
1747830547.01,0,-52.86,-645.10,1.45,3.70,0.63,-52.86,-645.10,0.00,-2.86,3.54 
1747830548.01,0,-55.24,-641.89,0.88,2.26,0.74,-55.24,-641.89,0.00,-2.69,3.42 
1747830548.11,0,-55.83,-641.29,0.95,2.62,0.74,-55.83,-641.29,0.00,-2.95,3.64 
1747830548.21,0,-56.21,-640.85,1.06,2.90,0.65,-56.21,-640.85,0.00,-3.06,3.73 
1747830548.31,0,-56.58,-640.37,1.03,3.90,0.79,-56.58,-640.37,0.00,-3.17,3.90 
1747830548.41,0,-56.94,-639.95,1.41,3.90,0.64,-56.94,-639.95,0.00,-3.25,3.96 
1747830548.61,0,-57.57,-639.17,1.48,3.55,0.56,-57.57,-639.17,0.00,-3.21,3.94 
1747830549.21,0,-59.41,-636.65,1.20,3.60,0.71,-59.41,-636.65,0.00,-3.13,4.08 
1747830549.31,0,-59.68,-636.23,1.15,3.60,0.69,-59.68,-636.23,0.00,-3.09,4.08 
1747830549.41,0,-59.96,-635.77,1.21,3.56,0.67,-59.96,-635.77,0.00,-3.06,4.14 
1747830549.61,0,-60.37,-635.13,0.94,2.71,0.72,-60.37,-635.13,0.00,-2.82,3.91 
1747830549.81,0,-61.08,-634.20,1.06,3.00,0.79,-61.08,-634.20,0.00,-2.99,4.09 
1747830549.91,0,-61.48,-633.73,1.20,3.26,0.53,-61.48,-633.73,0.00,-3.11,4.16 
1747830550.51,0,-63.28,-631.25,0.95,1.94,0.79,-63.28,-631.25,0.00,-3.06,4.15 
1747830550.61,0,-63.81,-630.63,1.04,2.25,0.57,-63.81,-630.63,0.00,-3.27,4.34 
1747830550.71,0,-64.25,-630.13,1.12,2.60,0.71,-64.25,-630.13,0.00,-3.39,4.42 
1747830550.81,0,-64.47,-629.77,1.11,2.49,0.67,-64.47,-629.77,0.00,-3.25,4.31 
1747830550.91,0,-64.92,-629.19,1.03,4.35,0.73,-64.92,-629.19,0.00,-3.40,4.51 
1747830551.11,0,-65.67,-628.19,1.58,4.06,0.61,-65.67,-628.19,0.00,-3.49,4.63 
1747830551.11,1,-133.65,-583.96,1.34,0.57,1.06,-133.65,-583.96,0.00,0.30,0.23 
1747830551.71,0,-68.04,-625.23,1.49,3.96,0.65,-68.04,-625.23,0.00,-3.71,4.77 
1747830551.81,0,-68.27,-624.88,0.99,2.34,0.68,-68.27,-624.88,0.00,-3.58,4.65 
1747830551.91,0,-68.61,-624.43,1.01,1.92,0.62,-68.61,-624.43,0.00,-3.56,4.64 
1747830552.11,0,-69.61,-623.30,1.04,2.40,0.86,-69.61,-623.30,0.00,-3.91,4.89 
1747830552.11,1,-134.21,-584.57,1.18,0.25,1.05,-134.21,-584.57,0.00,-0.41,-0.44 
1747830552.21,0,-69.88,-622.86,1.04,2.28,0.82,-69.88,-622.86,0.00,-3.76,4.82 
1747830552.21,1,-134.19,-584.59,0.91,0.38,0.95,-134.19,-584.59,0.00,-0.34,-0.41 
1747830552.31,0,-70.20,-622.40,0.93,2.03,0.82,-70.20,-622.40,0.00,-3.69,4.79 
1747830552.31,1,-134.14,-584.48,1.74,0.36,0.95,-134.14,-584.48,0.00,-0.24,-0.22 
1747830552.51,0,-71.12,-621.25,0.92,2.59,0.82,-71.12,-621.25,0.00,-3.90,5.01 
1747830552.61,0,-71.59,-620.65,0.93,4.08,0.79,-71.59,-620.65,0.00,-3.99,5.13 
1747830552.61,1,-133.79,-584.12,2.31,0.36,0.49,-133.79,-584.12,0.00,0.23,0.24 
1747830552.71,0,-72.10,-620.08,1.28,4.09,0.82,-72.10,-620.08,0.00,-4.12,5.19 
1747830552.71,1,-133.75,-584.03,1.01,0.42,0.88,-133.75,-584.03,0.00,0.25,0.31 
1747830552.81,0,-72.55,-619.56,1.29,3.64,0.77,-72.55,-619.56,0.00,-4.16,5.20 
1747830552.81,1,-133.69,-584.00,0.85,0.31,0.81,-133.69,-584.00,0.00,0.29,0.32 
1747830553.01,0,-73.38,-618.52,1.10,3.36,0.72,-73.38,-618.52,0.00,-4.16,5.20 
1747830553.01,1,-133.58,-583.89,0.89,0.37,1.53,-133.58,-583.89,0.00,0.35,0.37 
1747830553.11,0,-73.79,-618.01,1.15,3.68,0.71,-73.79,-618.01,0.00,-4.16,5.19 
1747830553.11,1,-133.59,-583.68,0.88,0.56,0.11,-133.59,-583.68,0.00,0.30,0.55 
1747830553.21,0,-74.23,-617.49,1.52,3.70,0.64,-74.23,-617.49,0.00,-4.19,5.20 
1747830553.21,1,-133.60,-583.73,1.27,0.49,0.89,-133.60,-583.73,0.00,0.26,0.44 
1747830553.31,0,-74.69,-616.96,1.57,3.79,0.63,-74.69,-616.96,0.00,-4.22,5.20 
1747830553.31,1,-133.63,-583.77,1.54,0.29,0.98,-133.63,-583.77,0.00,0.20,0.35 
1747830553.41,0,-75.12,-616.47,1.45,3.54,0.75,-75.12,-616.47,0.00,-4.24,5.17 
1747830553.41,1,-133.63,-583.82,1.19,0.54,0.93,-133.63,-583.82,0.00,0.18,0.26 
1747830553.51,0,-75.53,-615.98,1.46,3.92,0.63,-75.53,-615.98,0.00,-4.22,5.14 
1747830553.51,1,-133.56,-583.86,1.00,1.06,0.86,-133.56,-583.86,0.00,0.23,0.19 
1747830553.81,0,-76.77,-614.49,1.39,3.58,0.63,-76.77,-614.49,0.00,-4.19,5.09 
1747830553.81,1,-133.55,-583.89,1.50,0.35,0.87,-133.55,-583.89,0.00,0.18,0.11 
1747830554.01,0,-77.58,-613.50,1.37,3.60,0.64,-77.58,-613.50,0.00,-4.17,5.06 
1747830554.01,1,-133.51,-583.88,1.16,0.33,1.22,-133.51,-583.88,0.00,0.18,0.09 
1747830554.11,0,-77.99,-613.02,1.39,3.66,0.64,-77.99,-613.02,0.00,-4.16,5.03 
1747830554.51,0,-79.58,-611.10,1.35,3.57,0.71,-79.58,-611.10,0.00,-4.10,4.95 
1747830554.61,0,-80.00,-610.59,1.38,3.65,0.66,-80.00,-610.59,0.00,-4.11,4.97 
1747830554.71,0,-80.20,-610.29,1.25,3.02,0.62,-80.20,-610.29,0.00,-3.88,4.76 
1747830554.91,0,-81.07,-609.26,1.47,3.83,0.65,-81.07,-609.26,0.00,-3.98,4.85 
1747830555.01,0,-81.50,-608.76,1.45,3.60,0.68,-81.50,-608.76,0.00,-4.02,4.86 
1747830555.11,0,-81.90,-608.23,1.28,3.17,0.78,-81.90,-608.23,0.00,-4.02,4.91 
1747830555.21,0,-82.33,-607.72,1.08,3.57,0.84,-82.33,-607.72,0.00,-4.05,4.93 
1747830555.31,0,-82.73,-607.25,1.42,3.39,0.66,-82.73,-607.25,0.00,-4.04,4.90 
1747830555.41,0,-83.10,-606.74,1.23,3.24,0.75,-83.10,-606.74,0.00,-4.01,4.93 
1747830555.51,0,-83.48,-606.28,1.45,3.15,0.71,-83.48,-606.28,0.00,-3.99,4.89 
1747830555.91,0,-84.98,-604.35,1.21,3.41,0.65,-84.98,-604.35,0.00,-3.90,4.87 
1747830556.11,0,-85.74,-603.36,1.01,3.04,0.66,-85.74,-603.36,0.00,-3.88,4.89 
1747830556.21,0,-86.12,-602.91,1.35,3.33,0.68,-86.12,-602.91,0.00,-3.87,4.85 
1747830556.31,0,-86.50,-602.44,1.09,3.61,0.73,-86.50,-602.44,0.00,-3.86,4.83 
1747830556.41,0,-86.71,-602.10,1.29,2.93,0.62,-86.71,-602.10,0.00,-3.67,4.67 
1747830556.51,0,-86.98,-601.72,1.07,2.38,0.64,-86.98,-601.72,0.00,-3.56,4.57 
1747830556.51,1,-133.27,-583.74,1.47,0.40,1.07,-133.27,-583.74,0.00,0.17,0.19 
1747830556.61,0,-87.42,-601.22,1.16,2.72,0.80,-87.42,-601.22,0.00,-3.66,4.62 
1747830556.61,1,-133.24,-583.69,1.22,0.38,0.97,-133.24,-583.69,0.00,0.19,0.22 
1747830556.71,0,-87.79,-600.72,1.23,3.46,0.68,-87.79,-600.72,0.00,-3.65,4.67 
1747830556.71,1,-133.23,-583.71,1.16,0.70,0.66,-133.23,-583.71,0.00,0.18,0.18 
1747830556.81,0,-88.20,-600.21,1.41,3.91,0.68,-88.20,-600.21,0.00,-3.71,4.71 
1747830556.81,1,-133.22,-583.69,1.09,0.45,1.12,-133.22,-583.69,0.00,0.17,0.17 
1747830556.91,0,-88.62,-599.70,1.42,3.81,0.70,-88.62,-599.70,0.00,-3.76,4.75 
1747830556.91,1,-133.22,-583.67,0.95,0.55,1.33,-133.22,-583.67,0.00,0.15,0.17 
1747830557.01,0,-89.03,-599.20,0.82,3.69,0.82,-89.03,-599.20,0.00,-3.80,4.79 
1747830557.11,0,-89.44,-598.71,1.51,3.31,0.67,-89.44,-598.71,0.00,-3.83,4.79 
1747830557.21,0,-89.81,-598.23,1.10,3.22,0.76,-89.81,-598.23,0.00,-3.82,4.79 
1747830557.51,0,-90.93,-597.06,1.62,3.17,1.51,-90.93,-597.06,0.00,-3.80,4.54 
1747830557.91,0,-92.40,-595.12,1.19,3.38,0.73,-92.40,-595.12,0.00,-3.75,4.65 
1747830558.01,0,-92.76,-594.65,1.00,3.43,0.80,-92.76,-594.65,0.00,-3.73,4.66 
1747830558.11,0,-93.09,-594.19,1.39,3.52,0.63,-93.09,-594.19,0.00,-3.69,4.65 
1747830558.21,0,-93.44,-593.73,0.94,3.37,0.79,-93.44,-593.73,0.00,-3.67,4.64 
1747830558.41,0,-93.98,-593.03,1.19,2.90,0.95,-93.98,-593.03,0.00,-3.45,4.38 
1747830558.71,0,-94.72,-591.91,1.14,2.64,0.64,-94.72,-591.91,0.00,-3.16,4.19 
1747830558.91,0,-95.21,-591.09,1.40,1.85,0.61,-95.21,-591.09,0.00,-3.01,4.18 
1747830559.01,0,-95.44,-590.70,0.94,1.84,0.61,-95.44,-590.70,0.00,-2.94,4.14 
1747830559.11,0,-95.73,-590.39,1.41,1.98,1.05,-95.73,-590.39,0.00,-2.93,4.03 
1747830559.21,0,-96.05,-590.03,1.30,1.73,1.11,-96.05,-590.03,0.00,-2.96,3.98 
1747830559.31,0,-96.51,-589.43,1.25,2.40,0.79,-96.51,-589.43,0.00,-3.14,4.20 
1747830559.51,0,-97.19,-588.49,1.25,3.85,0.72,-97.19,-588.49,0.00,-3.19,4.31 
1747830559.61,0,-97.58,-587.94,1.26,4.25,0.77,-97.58,-587.94,0.00,-3.27,4.43 
1747830559.81,0,-98.22,-586.96,1.46,3.36,0.70,-98.22,-586.96,0.00,-3.25,4.53 
1747830559.91,0,-98.56,-586.48,1.20,3.63,0.62,-98.56,-586.48,0.00,-3.27,4.56 
1747830560.01,0,-98.87,-586.01,1.28,3.14,0.63,-98.87,-586.01,0.00,-3.25,4.58 
1747830560.01,1,-133.07,-583.65,1.60,0.54,1.25,-133.07,-583.65,0.00,0.15,0.15 
1747830560.11,0,-99.16,-585.48,1.68,3.54,0.66,-99.16,-585.48,0.00,-3.21,4.65 
1747830560.11,1,-133.07,-583.59,1.30,0.72,1.01,-133.07,-583.59,0.00,0.13,0.20 
1747830560.41,0,-100.12,-584.14,1.40,3.49,0.66,-100.12,-584.14,0.00,-3.21,4.60 
1747830560.61,0,-100.72,-583.25,1.02,3.52,0.62,-100.72,-583.25,0.00,-3.17,4.57 
1747830560.71,0,-101.03,-582.87,1.44,3.82,0.64,-101.03,-582.87,0.00,-3.16,4.49 
1747830560.81,0,-101.42,-582.50,1.90,3.74,0.31,-101.42,-582.50,0.00,-3.24,4.41 
1747830561.01,0,-101.98,-581.66,1.32,3.59,0.60,-101.98,-581.66,0.00,-3.15,4.37 
1747830561.21,0,-102.56,-580.83,1.27,3.56,0.61,-102.56,-580.83,0.00,-3.10,4.31 
1747830561.31,0,-102.83,-580.46,1.23,3.66,0.61,-102.83,-580.46,0.00,-3.06,4.25 
1747830561.41,0,-103.13,-580.03,1.25,3.58,0.61,-103.13,-580.03,0.00,-3.05,4.25 
1747830561.51,0,-103.41,-579.64,1.36,3.82,0.66,-103.41,-579.64,0.00,-3.02,4.22 
1747830561.61,0,-103.67,-579.20,1.13,3.53,0.69,-103.67,-579.20,0.00,-2.98,4.24 
1747830561.91,0,-102.94,-580.54,1.18,3.65,0.85,-102.94,-580.54,0.00,-1.42,1.73 
1747830562.01,0,-103.51,-579.60,1.28,4.29,0.63,-103.51,-579.60,0.00,-1.85,2.51 
1747830562.11,0,-104.06,-578.75,1.35,5.01,0.65,-104.06,-578.75,0.00,-2.23,3.13 
1747830562.31,0,-104.80,-577.67,1.50,6.13,0.64,-104.80,-577.67,0.00,-2.54,3.61 
1747830562.41,0,-105.24,-576.97,1.55,5.32,0.53,-105.24,-576.97,0.00,-2.74,3.98 
1747830562.61,0,-105.82,-576.04,1.20,2.18,0.78,-105.82,-576.04,0.00,-2.77,4.11 
1747830562.71,0,-106.26,-575.42,1.24,2.71,0.65,-106.26,-575.42,0.00,-2.95,4.33 
1747830562.81,0,-105.15,-577.12,1.27,2.82,0.85,-105.15,-577.12,0.00,-1.45,2.06 
1747830563.41,0,-107.33,-573.89,1.30,3.65,0.61,-107.33,-573.89,0.00,-2.35,3.42 
1747830563.81,0,-109.13,-571.24,1.30,5.87,0.60,-109.13,-571.24,0.00,-3.15,4.62 
1747830563.91,0,-109.71,-570.38,1.43,4.71,0.64,-109.71,-570.38,0.00,-3.42,5.03 
1747830564.01,0,-110.14,-569.74,1.32,3.99,0.58,-110.14,-569.74,0.00,-3.52,5.19 
1747830564.11,0,-110.51,-569.18,1.35,3.70,0.60,-110.51,-569.18,0.00,-3.55,5.24 
1747830564.31,0,-111.17,-568.21,1.36,3.69,0.58,-111.17,-568.21,0.00,-3.48,5.14 
1747830564.41,0,-111.50,-567.72,1.29,3.66,0.59,-111.50,-567.72,0.00,-3.46,5.12 
1747830564.51,0,-111.77,-567.31,1.32,3.90,0.61,-111.77,-567.31,0.00,-3.37,4.99 
1747830564.61,0,-112.09,-566.88,1.41,3.70,0.57,-112.09,-566.88,0.00,-3.35,4.92 
1747830564.81,0,-112.69,-565.98,1.29,3.88,0.59,-112.69,-565.98,0.00,-3.28,4.82 
1747830564.91,0,-113.01,-565.83,2.01,3.74,1.46,-113.01,-565.83,0.00,-3.26,4.45 
1747830565.31,0,-114.14,-563.95,1.62,3.41,0.65,-114.14,-563.95,0.00,-3.11,4.54 
1747830565.51,0,-114.59,-563.11,1.37,3.83,0.58,-114.59,-563.11,0.00,-2.94,4.47 
1747830565.61,0,-114.85,-562.69,1.39,3.53,0.57,-114.85,-562.69,0.00,-2.90,4.44 
1747830565.81,0,-115.34,-561.88,1.09,3.51,0.63,-115.34,-561.88,0.00,-2.81,4.36 
1747830565.81,1,-132.71,-582.91,0.52,1.40,0.58,-132.71,-582.91,0.00,0.05,0.22 
1747830565.91,0,-115.66,-561.49,1.63,3.45,0.76,-115.66,-561.49,0.00,-2.85,4.31 
1747830565.91,1,-132.74,-582.82,0.48,1.46,0.56,-132.74,-582.82,0.00,0.00,0.29 
1747830566.01,0,-115.91,-561.09,1.54,3.72,0.58,-115.91,-561.09,0.00,-2.82,4.28 
1747830566.01,1,-132.75,-582.78,0.52,1.19,0.81,-132.75,-582.78,0.00,-0.00,0.31 
1747830566.11,0,-116.15,-560.69,1.23,3.77,0.67,-116.15,-560.69,0.00,-2.77,4.25 
1747830566.11,1,-132.71,-582.80,0.52,1.12,0.62,-132.71,-582.80,0.00,0.04,0.25 
1747830566.21,0,-116.39,-560.25,1.13,3.39,0.57,-116.39,-560.25,0.00,-2.73,4.27 
1747830566.21,1,-132.70,-582.76,0.57,1.03,0.93,-132.70,-582.76,0.00,0.04,0.26 
1747830566.31,0,-116.49,-559.98,1.10,3.16,0.70,-116.49,-559.98,0.00,-2.54,4.10 
1747830566.31,1,-132.69,-582.76,0.71,1.19,0.97,-132.69,-582.76,0.00,0.05,0.23 
1747830566.51,0,-117.03,-559.14,1.41,3.66,0.53,-117.03,-559.14,0.00,-2.57,4.11 
1747830566.51,1,-132.68,-582.75,0.59,1.04,1.14,-132.68,-582.75,0.00,0.06,0.20 
1747830566.61,0,-117.32,-558.70,1.35,3.66,0.54,-117.32,-558.70,0.00,-2.60,4.15 
1747830566.61,1,-132.69,-582.72,0.43,1.12,1.10,-132.69,-582.72,0.00,0.04,0.20 
1747830566.71,0,-117.58,-558.25,1.04,3.48,0.67,-117.58,-558.25,0.00,-2.60,4.19 
1747830566.81,0,-117.87,-557.79,1.35,3.71,0.54,-117.87,-557.79,0.00,-2.63,4.22 
1747830566.91,0,-118.17,-557.34,1.54,3.84,0.51,-118.17,-557.34,0.00,-2.68,4.26 
1747830567.01,0,-118.44,-556.91,1.34,3.23,0.53,-118.44,-556.91,0.00,-2.68,4.26 
1747830567.11,0,-118.72,-556.46,1.29,3.62,0.56,-118.72,-556.46,0.00,-2.69,4.29 
1747830567.31,0,-119.28,-555.57,1.18,3.49,0.67,-119.28,-555.57,0.00,-2.71,4.32 
1747830567.41,0,-119.41,-555.28,1.27,2.92,0.53,-119.41,-555.28,0.00,-2.57,4.18 
1747830567.51,0,-119.68,-554.85,1.34,3.31,0.46,-119.68,-554.85,0.00,-2.58,4.19 
1747830567.91,0,-120.79,-553.06,1.34,3.87,0.54,-120.79,-553.06,0.00,-2.64,4.29 
1747830568.21,0,-121.54,-551.75,1.43,3.20,0.46,-121.54,-551.75,0.00,-2.60,4.31 
1747830568.31,0,-121.78,-551.32,1.38,3.38,0.42,-121.78,-551.32,0.00,-2.58,4.30 
1747830568.41,0,-122.05,-550.83,1.15,3.74,0.67,-122.05,-550.83,0.00,-2.60,4.37 
1747830568.51,0,-122.32,-550.34,1.22,3.38,0.65,-122.32,-550.34,0.00,-2.61,4.43 
1747830568.71,0,-122.90,-549.42,1.01,3.80,0.66,-122.90,-549.42,0.00,-2.67,4.47 
1747830568.81,0,-123.12,-548.97,1.41,3.62,0.45,-123.12,-548.97,0.00,-2.62,4.47 
1747830568.91,0,-123.33,-548.53,1.47,3.65,0.47,-123.33,-548.53,0.00,-2.56,4.47 
1747830569.21,0,-124.02,-547.18,1.60,3.38,0.46,-124.02,-547.18,0.00,-2.49,4.48 
1747830569.31,0,-124.19,-546.77,1.71,3.47,0.42,-124.19,-546.77,0.00,-2.41,4.44 
1747830569.41,0,-124.40,-546.32,1.68,3.76,0.44,-124.40,-546.32,0.00,-2.37,4.45 
1747830569.51,0,-124.63,-545.84,1.52,3.33,0.35,-124.63,-545.84,0.00,-2.36,4.48 
1747830569.61,0,-124.82,-545.39,1.50,3.13,0.36,-124.82,-545.39,0.00,-2.31,4.49 
1747830569.91,0,-125.39,-544.05,1.89,3.41,0.38,-125.39,-544.05,0.00,-2.19,4.47 
1747830570.11,0,-125.72,-543.14,1.61,3.20,0.36,-125.72,-543.14,0.00,-2.08,4.49 
1747830570.11,1,-132.77,-582.39,1.64,0.59,0.16,-132.77,-582.39,0.00,-0.23,0.09 
1747830570.21,0,-125.86,-542.64,1.79,3.56,0.30,-125.86,-542.64,0.00,-2.01,4.55 
1747830570.21,1,-132.97,-582.35,1.67,0.52,0.10,-132.97,-582.35,0.00,-0.41,0.12 
1747830570.31,0,-126.01,-542.11,1.69,3.63,0.32,-126.01,-542.11,0.00,-1.95,4.63 
1747830570.31,1,-133.15,-582.29,1.24,0.81,0.26,-133.15,-582.29,0.00,-0.56,0.17 
1747830570.41,0,-126.17,-541.64,1.46,3.23,0.29,-126.17,-541.64,0.00,-1.91,4.64 
1747830570.41,1,-133.17,-582.29,0.60,0.46,0.67,-133.17,-582.29,0.00,-0.52,0.15 
1747830570.51,0,-126.36,-541.16,0.97,3.51,0.46,-126.36,-541.16,0.00,-1.92,4.66 
1747830570.51,1,-133.13,-582.30,0.71,0.48,0.28,-133.13,-582.30,0.00,-0.42,0.12 
1747830570.71,0,-126.71,-540.23,1.52,3.29,0.29,-126.71,-540.23,0.00,-1.88,4.66 
1747830570.71,1,-133.08,-582.30,1.21,0.51,0.38,-133.08,-582.30,0.00,-0.28,0.10 
1747830570.71,2,-214.64,-484.46,0.73,0.29,0.82,-214.64,-484.46,0.00,0.65,0.68 
1747830570.81,0,-126.87,-539.71,1.46,3.45,0.20,-126.87,-539.71,0.00,-1.85,4.71 
1747830570.81,1,-133.03,-582.28,1.01,0.20,0.06,-133.03,-582.28,0.00,-0.19,0.10 
1747830570.81,2,-214.75,-484.59,0.77,0.35,0.05,-214.75,-484.59,0.00,0.47,0.48 
1747830571.01,0,-127.16,-538.71,1.69,3.45,0.34,-127.16,-538.71,0.00,-1.77,4.77 
1747830571.01,1,-133.07,-582.26,0.57,0.18,0.06,-133.07,-582.26,0.00,-0.19,0.10 
1747830571.01,2,-214.87,-484.73,0.90,0.37,0.50,-214.87,-484.73,0.00,0.26,0.24 
1747830571.21,0,-127.35,-537.94,1.51,2.71,0.18,-127.35,-537.94,0.00,-1.61,4.58 
1747830571.21,1,-133.11,-582.24,0.57,0.18,0.06,-133.11,-582.24,0.00,-0.19,0.10 
1747830571.21,2,-214.91,-484.69,0.98,0.44,1.01,-214.91,-484.69,0.00,0.16,0.23 
1747830571.41,0,-127.68,-536.87,1.36,4.01,0.27,-127.68,-536.87,0.00,-1.61,4.74 
1747830571.41,1,-133.15,-582.22,0.57,0.18,0.06,-133.15,-582.22,0.00,-0.19,0.10 
1747830571.51,0,-127.81,-536.35,1.13,3.32,0.26,-127.81,-536.35,0.00,-1.58,4.79 
1747830571.51,1,-133.17,-582.21,0.57,0.18,0.06,-133.17,-582.21,0.00,-0.19,0.10 
1747830571.61,0,-127.99,-535.78,1.41,4.10,0.21,-127.99,-535.78,0.00,-1.60,4.88 
1747830571.61,1,-133.19,-582.20,0.57,0.18,0.06,-133.19,-582.20,0.00,-0.19,0.10 
1747830571.71,0,-128.10,-535.27,1.24,3.18,0.23,-128.10,-535.27,0.00,-1.55,4.90 
1747830571.71,1,-133.21,-582.19,0.57,0.18,0.06,-133.21,-582.19,0.00,-0.19,0.10 
1747830571.91,0,-128.35,-534.23,1.22,3.82,0.15,-128.35,-534.23,0.00,-1.49,4.96 
1747830571.91,1,-133.25,-582.17,0.57,0.18,0.06,-133.25,-582.17,0.00,-0.19,0.10 
1747830571.91,2,-215.28,-485.18,0.78,0.42,0.97,-215.28,-485.18,0.00,-0.23,-0.27 
1747830572.31,0,-128.86,-532.20,1.42,3.43,0.28,-128.86,-532.20,0.00,-1.41,5.00 
1747830572.31,1,-133.32,-582.13,0.57,0.18,0.06,-133.32,-582.13,0.00,-0.19,0.10 
1747830572.41,0,-128.99,-531.66,1.57,3.70,0.14,-128.99,-531.66,0.00,-1.41,5.04 
1747830572.41,1,-133.34,-582.12,0.57,0.18,0.06,-133.34,-582.12,0.00,-0.19,0.10 
1747830572.41,2,-215.01,-484.79,1.00,0.52,0.42,-215.01,-484.79,0.00,0.10,0.18 
1747830572.51,0,-129.14,-531.08,1.57,3.87,0.07,-129.14,-531.08,0.00,-1.41,5.12 
1747830572.51,1,-133.36,-582.11,0.57,0.18,0.06,-133.36,-582.11,0.00,-0.19,0.10 
1747830572.51,2,-214.93,-484.60,1.17,0.55,0.86,-214.93,-484.60,0.00,0.17,0.35 
1747830572.61,0,-129.28,-530.60,1.46,3.43,0.23,-129.28,-530.60,0.00,-1.42,5.08 
1747830572.61,1,-133.38,-582.10,0.57,0.18,0.06,-133.38,-582.10,0.00,-0.19,0.10 
1747830572.61,2,-214.91,-484.64,1.78,0.62,0.86,-214.91,-484.64,0.00,0.17,0.27 
1747830572.81,0,-129.54,-529.56,1.11,3.44,0.28,-129.54,-529.56,0.00,-1.39,5.12 
1747830572.81,1,-133.42,-582.08,0.57,0.18,0.06,-133.42,-582.08,0.00,-0.19,0.10 
1747830572.81,2,-215.00,-484.64,0.91,0.94,0.74,-215.00,-484.64,0.00,0.04,0.20 
1747830572.91,0,-129.67,-528.99,1.60,3.68,0.41,-129.67,-528.99,0.00,-1.38,5.18 
1747830572.91,1,-133.44,-582.07,0.57,0.18,0.06,-133.44,-582.07,0.00,-0.19,0.10 
1747830573.01,0,-129.79,-528.47,1.14,3.42,0.24,-129.79,-528.47,0.00,-1.36,5.18 
1747830573.01,1,-133.46,-582.06,0.57,0.18,0.06,-133.46,-582.06,0.00,-0.19,0.10 
1747830573.11,0,-129.97,-527.94,1.52,3.51,0.23,-129.97,-527.94,0.00,-1.40,5.19 
1747830573.11,1,-133.48,-582.04,0.57,0.18,0.06,-133.48,-582.04,0.00,-0.19,0.10 
1747830573.31,0,-130.27,-526.97,1.61,3.69,0.26,-130.27,-526.97,0.00,-1.42,5.12 
1747830573.31,1,-133.52,-582.02,0.57,0.18,0.06,-133.52,-582.02,0.00,-0.19,0.10 
1747830573.31,2,-215.24,-484.98,0.96,0.48,0.96,-215.24,-484.98,0.00,-0.20,-0.20 
1747830573.41,0,-129.56,-528.37,1.70,3.86,0.18,-129.56,-528.37,0.00,-0.51,3.07 
1747830573.41,1,-133.54,-582.01,0.57,0.18,0.06,-133.54,-582.01,0.00,-0.19,0.10 
1747830573.41,2,-215.29,-485.00,0.94,0.65,0.96,-215.29,-485.00,0.00,-0.23,-0.19 
1747830573.51,0,-129.85,-527.60,1.82,4.46,0.22,-129.85,-527.60,0.00,-0.77,3.57 
1747830573.51,1,-133.56,-582.00,0.57,0.18,0.06,-133.56,-582.00,0.00,-0.19,0.10 
1747830573.51,2,-215.28,-485.09,1.15,0.50,1.15,-215.28,-485.09,0.00,-0.20,-0.26 
1747830573.61,0,-130.06,-526.84,1.45,6.17,0.17,-130.06,-526.84,0.00,-0.91,4.00 
1747830573.61,1,-133.58,-581.99,0.57,0.18,0.06,-133.58,-581.99,0.00,-0.19,0.10 
1747830573.61,2,-215.32,-485.12,1.25,0.45,1.30,-215.32,-485.12,0.00,-0.21,-0.27 
1747830573.81,0,-130.46,-525.68,2.19,5.44,0.23,-130.46,-525.68,0.00,-1.14,4.37 
1747830573.81,1,-133.62,-581.97,0.57,0.18,0.06,-133.62,-581.97,0.00,-0.19,0.10 
1747830573.81,2,-215.36,-485.18,1.79,0.46,1.02,-215.36,-485.18,0.00,-0.21,-0.28 
1747830574.01,0,-130.85,-524.47,1.74,5.04,0.22,-130.85,-524.47,0.00,-1.30,4.71 
1747830574.01,1,-133.65,-581.95,0.57,0.18,0.06,-133.65,-581.95,0.00,-0.19,0.10 
1747830574.01,2,-215.41,-485.25,1.17,0.40,1.02,-215.41,-485.25,0.00,-0.21,-0.29 
1747830574.11,0,-131.07,-523.80,1.62,4.39,0.23,-131.07,-523.80,0.00,-1.39,4.91 
1747830574.11,1,-133.67,-581.94,0.57,0.18,0.06,-133.67,-581.94,0.00,-0.19,0.10 
1747830574.11,2,-215.38,-485.25,1.47,0.56,1.05,-215.38,-485.25,0.00,-0.17,-0.26 
1747830574.31,0,-131.41,-522.67,1.38,3.98,0.29,-131.41,-522.67,0.00,-1.45,5.06 
1747830574.31,1,-133.71,-581.92,0.57,0.18,0.06,-133.71,-581.92,0.00,-0.19,0.10 
1747830574.31,2,-215.41,-485.30,0.59,0.54,1.17,-215.41,-485.30,0.00,-0.16,-0.26 
1747830574.41,0,-131.63,-521.97,1.24,4.60,0.34,-131.63,-521.97,0.00,-1.53,5.26 
1747830574.41,1,-133.73,-581.91,0.57,0.18,0.06,-133.73,-581.91,0.00,-0.19,0.10 
1747830574.41,2,-215.44,-485.30,0.73,0.56,1.38,-215.44,-485.30,0.00,-0.17,-0.24 
1747830574.71,0,-132.08,-520.35,1.45,3.46,0.21,-132.08,-520.35,0.00,-1.52,5.30 
1747830574.71,1,-133.79,-581.88,0.57,0.18,0.06,-133.79,-581.88,0.00,-0.19,0.10 
1747830575.11,0,-132.64,-518.07,1.51,3.81,0.13,-132.64,-518.07,0.00,-1.48,5.44 
1747830575.11,1,-133.87,-581.84,0.57,0.18,0.06,-133.87,-581.84,0.00,-0.19,0.10 
1747830575.31,0,-132.85,-516.95,1.56,3.32,0.14,-132.85,-516.95,0.00,-1.40,5.47 
1747830575.31,1,-133.91,-581.82,0.57,0.18,0.06,-133.91,-581.82,0.00,-0.19,0.10 
1747830575.51,0,-133.03,-515.93,1.58,3.74,0.18,-133.03,-515.93,0.00,-1.30,5.40 
1747830575.51,1,-133.95,-581.79,0.57,0.18,0.06,-133.95,-581.79,0.00,-0.19,0.10 
1747830575.51,2,-215.23,-484.90,1.76,0.79,0.97,-215.23,-484.90,0.00,0.15,0.21 
1747830576.01,0,-133.47,-513.42,1.70,3.51,0.17,-133.47,-513.42,0.00,-1.12,5.24 
1747830576.01,1,-134.04,-581.74,0.57,0.18,0.06,-134.04,-581.74,0.00,-0.19,0.10 
1747830576.01,2,-214.96,-484.41,2.00,0.65,1.17,-214.96,-484.41,0.00,0.31,0.53 
1747830576.21,0,-133.59,-512.38,1.58,3.50,0.16,-133.59,-512.38,0.00,-1.02,5.23 
1747830576.21,1,-134.08,-581.72,0.57,0.18,0.06,-134.08,-581.72,0.00,-0.19,0.10 
1747830576.21,2,-214.84,-484.31,1.35,0.56,0.97,-214.84,-484.31,0.00,0.36,0.52 
1747830576.31,0,-133.64,-511.95,1.43,3.46,0.13,-133.64,-511.95,0.00,-0.97,5.14 
1747830576.31,1,-134.10,-581.71,0.57,0.18,0.06,-134.10,-581.71,0.00,-0.19,0.10 
1747830576.31,2,-214.84,-484.35,1.63,0.64,1.05,-214.84,-484.35,0.00,0.33,0.42 
1747830576.41,0,-133.71,-511.44,1.46,3.40,0.16,-133.71,-511.44,0.00,-0.93,5.13 
1747830576.41,1,-134.12,-581.70,0.57,0.18,0.06,-134.12,-581.70,0.00,-0.19,0.10 
1747830576.41,2,-214.87,-484.34,1.74,0.90,1.15,-214.87,-484.34,0.00,0.26,0.39 
1747830576.51,0,-133.78,-510.98,1.41,3.50,0.15,-133.78,-510.98,0.00,-0.91,5.07 
1747830576.51,1,-134.14,-581.69,0.57,0.18,0.06,-134.14,-581.69,0.00,-0.19,0.10 
1747830576.51,2,-214.88,-484.49,2.17,0.72,0.98,-214.88,-484.49,0.00,0.22,0.17 
1747830576.61,0,-133.86,-510.44,1.46,3.64,0.16,-133.86,-510.44,0.00,-0.89,5.11 
1747830576.61,1,-134.16,-581.68,0.57,0.18,0.06,-134.16,-581.68,0.00,-0.19,0.10 
1747830576.81,0,-134.04,-509.41,1.36,3.40,0.08,-134.04,-509.41,0.00,-0.90,5.12 
1747830576.81,1,-134.20,-581.66,0.57,0.18,0.06,-134.20,-581.66,0.00,-0.19,0.10 
1747830577.21,0,-134.23,-507.34,1.81,3.17,0.21,-134.23,-507.34,0.00,-0.73,5.14 
1747830577.21,1,-134.28,-581.62,0.57,0.18,0.06,-134.28,-581.62,0.00,-0.19,0.10 
1747830577.31,0,-134.33,-506.75,1.42,3.65,0.08,-134.33,-506.75,0.00,-0.76,5.21 
1747830577.31,1,-134.30,-581.61,0.57,0.18,0.06,-134.30,-581.61,0.00,-0.19,0.10 
1747830577.41,0,-134.40,-506.23,1.34,3.43,0.16,-134.40,-506.23,0.00,-0.76,5.22 
1747830577.41,1,-134.32,-581.60,0.57,0.18,0.06,-134.32,-581.60,0.00,-0.19,0.10 
1747830577.51,0,-134.49,-505.65,1.33,3.78,0.11,-134.49,-505.65,0.00,-0.78,5.27 
1747830577.51,1,-134.34,-581.59,0.57,0.18,0.06,-134.34,-581.59,0.00,-0.19,0.10 
1747830577.51,2,-214.99,-484.91,1.68,0.25,1.15,-214.99,-484.91,0.00,-0.01,-0.30 
1747830577.61,0,-134.57,-505.13,1.33,3.36,0.13,-134.57,-505.13,0.00,-0.77,5.27 
1747830577.61,1,-134.36,-581.58,0.57,0.18,0.06,-134.36,-581.58,0.00,-0.19,0.10 
1747830577.61,2,-215.06,-485.00,1.64,0.35,1.30,-215.06,-485.00,0.00,-0.08,-0.37 
1747830577.81,0,-134.65,-504.09,1.42,3.45,0.19,-134.65,-504.09,0.00,-0.69,5.26 
1747830577.81,2,-215.13,-485.12,1.71,0.43,1.10,-215.13,-485.12,0.00,-0.14,-0.42 
1747830578.01,0,-134.81,-503.08,1.56,3.62,0.10,-134.81,-503.08,0.00,-0.71,5.21 
1747830578.01,2,-215.08,-485.10,1.70,0.55,0.67,-215.08,-485.10,0.00,-0.06,-0.31 
1747830578.11,0,-134.86,-502.58,1.42,3.34,0.10,-134.86,-502.58,0.00,-0.70,5.19 
1747830578.21,0,-134.92,-502.07,1.39,3.36,0.12,-134.92,-502.07,0.00,-0.68,5.18 
1747830578.31,0,-134.81,-504.25,1.44,3.49,0.42,-134.81,-504.25,0.00,-0.49,2.26 
1747830578.41,0,-134.87,-503.31,1.48,4.34,0.16,-134.87,-503.31,0.00,-0.51,3.03 
1747830578.61,0,-134.99,-501.97,1.70,7.31,0.13,-134.99,-501.97,0.00,-0.52,3.79 
1747830578.71,0,-135.03,-501.11,1.28,5.98,0.08,-135.03,-501.11,0.00,-0.51,4.29 
1747830578.81,0,-135.08,-500.31,1.36,5.53,0.11,-135.08,-500.31,0.00,-0.51,4.68 
1747830578.81,2,-214.86,-484.63,1.82,0.80,1.05,-214.86,-484.63,0.00,0.12,0.19 
1747830578.91,0,-135.12,-499.53,1.21,5.29,0.09,-135.12,-499.53,0.00,-0.50,5.01 
1747830578.91,2,-214.86,-484.57,1.86,0.94,1.27,-214.86,-484.57,0.00,0.10,0.23 
1747830579.01,0,-135.22,-498.78,1.63,5.27,0.12,-135.22,-498.78,0.00,-0.55,5.27 
1747830579.01,2,-214.82,-484.55,0.78,1.05,0.47,-214.82,-484.55,0.00,0.13,0.22 
1747830579.21,0,-135.35,-497.50,1.34,4.76,0.12,-135.35,-497.50,0.00,-0.57,5.50 
1747830579.31,0,-135.42,-496.82,1.38,4.06,0.14,-135.42,-496.82,0.00,-0.59,5.63 
1747830579.41,0,-135.48,-496.15,1.42,4.11,0.16,-135.48,-496.15,0.00,-0.58,5.75 
1747830579.51,0,-135.55,-495.53,1.30,3.68,0.09,-135.55,-495.53,0.00,-0.60,5.79 
1747830579.61,0,-135.62,-494.92,1.49,3.82,0.09,-135.62,-494.92,0.00,-0.61,5.83 
1747830579.81,0,-135.74,-493.79,1.64,3.47,0.16,-135.74,-493.79,0.00,-0.61,5.79 
1747830579.91,0,-135.80,-493.23,1.49,3.28,0.12,-135.80,-493.23,0.00,-0.61,5.77 
1747830580.01,0,-135.84,-492.67,1.49,3.49,0.08,-135.84,-492.67,0.00,-0.59,5.75 
1747830580.11,0,-135.88,-492.14,0.88,3.71,0.12,-135.88,-492.14,0.00,-0.56,5.71 
1747830580.21,0,-135.93,-491.60,1.23,3.57,0.02,-135.93,-491.60,0.00,-0.56,5.68 
1747830580.31,0,-135.96,-491.06,0.76,3.59,0.19,-135.96,-491.06,0.00,-0.53,5.65 
1747830580.61,0,-136.07,-489.42,1.15,3.79,0.08,-136.07,-489.42,0.00,-0.49,5.59 
1747830580.71,0,-136.07,-489.04,3.22,1.53,1.45,-136.07,-489.04,0.00,-0.43,5.41 
1747830580.91,0,-136.31,-488.20,3.69,1.69,0.99,-136.31,-488.20,0.00,-0.59,5.16 
1747830581.01,0,-136.35,-487.63,1.19,3.77,0.21,-136.35,-487.63,0.00,-0.57,5.22 
1747830581.11,0,-136.21,-489.81,1.24,3.91,0.32,-136.21,-489.81,0.00,-0.36,2.32 
1747830581.31,0,-136.17,-491.25,1.31,4.08,0.30,-136.17,-491.25,0.00,-0.24,0.32 
1747830581.31,2,-214.78,-484.33,2.59,0.89,1.53,-214.78,-484.33,0.00,0.05,0.26 
1747830581.41,0,-136.23,-489.70,1.29,5.56,0.01,-136.23,-489.70,0.00,-0.28,1.93 
1747830581.41,2,-214.76,-484.29,1.94,0.89,1.54,-214.76,-484.29,0.00,0.06,0.27 
1747830581.61,0,-136.32,-487.89,1.36,6.56,0.10,-136.32,-487.89,0.00,-0.32,3.40 
1747830581.61,2,-214.74,-484.28,2.02,0.81,1.54,-214.74,-484.28,0.00,0.07,0.23 
1747830581.71,0,-136.41,-486.62,1.59,6.95,0.22,-136.41,-486.62,0.00,-0.37,4.37 
1747830581.81,0,-136.45,-485.47,2.19,7.69,0.14,-136.45,-485.47,0.00,-0.38,5.13 
1747830581.91,0,-136.50,-484.43,6.59,1.79,1.56,-136.50,-484.43,0.00,-0.40,5.68 
1747830582.01,0,-136.56,-483.53,1.54,5.66,0.14,-136.56,-483.53,0.00,-0.42,6.04 
1747830582.11,0,-136.62,-482.67,1.28,5.17,0.07,-136.62,-482.67,0.00,-0.43,6.30 
1747830582.51,0,-136.81,-479.96,1.24,4.26,0.12,-136.81,-479.96,0.00,-0.45,6.47 
1747830582.71,0,-136.88,-478.85,0.94,2.20,0.40,-136.88,-478.85,0.00,-0.42,6.29 
1747830582.81,0,-136.87,-478.37,0.78,2.47,0.17,-136.87,-478.37,0.00,-0.37,6.13 
1747830582.91,0,-136.85,-477.66,1.39,2.21,1.52,-136.85,-477.66,0.00,-0.32,6.23 
1747830583.11,0,-137.00,-476.43,1.61,3.33,0.05,-137.00,-476.43,0.00,-0.40,6.22 
1747830583.11,2,-214.49,-484.59,0.67,1.75,0.22,-214.49,-484.59,0.00,0.22,-0.09 
1747830583.21,0,-137.37,-475.91,2.12,3.38,0.19,-137.37,-475.91,0.00,-0.77,6.10 
1747830583.21,2,-214.44,-484.67,0.24,1.69,0.30,-214.44,-484.67,0.00,0.26,-0.17 
1747830583.41,0,-137.45,-474.74,1.55,3.40,0.05,-137.45,-474.74,0.00,-0.69,6.06 
1747830583.41,2,-214.34,-484.87,0.55,1.48,1.42,-214.34,-484.87,0.00,0.31,-0.35 
1747830583.61,0,-137.45,-473.59,1.66,3.60,0.08,-137.45,-473.59,0.00,-0.55,5.99 
1747830583.61,2,-214.31,-484.91,0.41,1.84,0.38,-214.31,-484.91,0.00,0.28,-0.31 
1747830583.71,0,-137.45,-472.98,1.25,3.43,0.18,-137.45,-472.98,0.00,-0.49,6.01 
1747830583.71,2,-214.27,-484.85,0.24,1.74,0.08,-214.27,-484.85,0.00,0.29,-0.22 
1747830584.11,0,-137.58,-470.74,1.56,3.71,0.10,-137.58,-470.74,0.00,-0.43,5.86 
1747830584.11,2,-214.22,-484.59,0.29,1.83,0.47,-214.22,-484.59,0.00,0.23,0.09 
1747830584.31,0,-137.63,-469.69,1.46,3.67,0.09,-137.63,-469.69,0.00,-0.40,5.73 
1747830584.31,2,-214.26,-484.49,0.37,1.84,0.17,-214.26,-484.49,0.00,0.15,0.17 
1747830584.41,0,-137.64,-469.16,1.21,3.66,0.17,-137.64,-469.16,0.00,-0.36,5.69 
1747830584.51,0,-137.65,-468.64,1.40,3.40,0.12,-137.65,-468.64,0.00,-0.34,5.64 
1747830584.81,0,-137.73,-467.05,1.38,3.62,0.13,-137.73,-467.05,0.00,-0.31,5.54 
1747830585.01,0,-137.65,-466.28,1.57,2.86,0.01,-137.65,-466.28,0.00,-0.17,5.19 
1747830585.11,0,-137.64,-465.67,0.95,3.83,0.11,-137.64,-465.67,0.00,-0.14,5.28 
1747830585.51,0,-137.79,-463.52,1.61,3.33,0.08,-137.79,-463.52,0.00,-0.22,5.31 
1747830585.51,2,-214.20,-484.80,0.48,2.11,0.16,-214.20,-484.80,0.00,0.11,-0.20 
1747830585.71,0,-137.85,-462.60,0.88,2.04,0.41,-137.85,-462.60,0.00,-0.24,5.18 
1747830585.81,0,-137.82,-462.19,1.00,2.25,0.17,-137.82,-462.19,0.00,-0.18,5.06 
1747830585.91,0,-137.67,-464.73,1.02,2.33,0.27,-137.67,-464.73,0.00,-0.00,1.75 
1747830586.01,0,-137.69,-463.46,1.07,2.88,0.12,-137.69,-463.46,0.00,-0.02,2.98 
1747830586.01,2,-214.18,-484.46,0.67,2.46,0.53,-214.18,-484.46,0.00,0.06,0.20 
1747830586.11,0,-137.75,-462.35,1.13,3.52,0.06,-137.75,-462.35,0.00,-0.09,3.90 
1747830586.11,2,-214.19,-484.29,0.66,2.23,0.54,-214.19,-484.29,0.00,0.04,0.37 
1747830586.31,0,-137.81,-460.77,1.20,4.19,0.15,-137.81,-460.77,0.00,-0.14,4.78 
1747830586.31,2,-214.21,-484.20,1.78,0.85,1.53,-214.21,-484.20,0.00,0.01,0.40 
1747830586.51,0,-137.90,-459.17,1.50,5.89,0.17,-137.90,-459.17,0.00,-0.20,5.46 
1747830586.51,2,-214.17,-484.21,0.40,2.23,0.29,-214.17,-484.21,0.00,0.05,0.30 
1747830586.61,0,-137.97,-458.27,1.42,4.95,0.13,-137.97,-458.27,0.00,-0.25,5.84 
1747830586.61,2,-214.12,-484.29,0.40,2.19,0.37,-214.12,-484.29,0.00,0.09,0.18 
1747830586.81,0,-138.03,-456.85,1.32,4.27,0.13,-138.03,-456.85,0.00,-0.27,6.10 
1747830587.11,0,-138.00,-454.91,1.32,3.67,0.08,-138.00,-454.91,0.00,-0.16,6.21 
1747830587.31,0,-138.06,-453.64,1.52,3.33,0.17,-138.06,-453.64,0.00,-0.18,6.23 
1747830587.41,0,-138.04,-452.98,1.24,3.71,0.15,-138.04,-452.98,0.00,-0.15,6.27 
1747830587.51,0,-138.05,-452.41,1.12,3.69,0.09,-138.05,-452.41,0.00,-0.15,6.21 
1747830587.51,2,-214.06,-484.66,1.67,1.28,0.69,-214.06,-484.66,0.00,0.05,-0.24 
1747830587.71,0,-138.08,-451.22,1.68,3.41,0.08,-138.08,-451.22,0.00,-0.14,6.15 
1747830587.71,2,-213.90,-485.04,0.48,3.54,0.54,-213.90,-485.04,0.00,0.22,-0.59 
1747830587.91,0,-138.08,-450.16,3.85,1.64,1.50,-138.08,-450.16,0.00,-0.12,5.98 
1747830587.91,2,-213.79,-485.32,0.47,2.21,0.63,-213.79,-485.32,0.00,0.29,-0.76 
1747830588.01,0,-138.06,-449.60,1.22,3.46,0.13,-138.06,-449.60,0.00,-0.09,5.94 
1747830588.01,2,-213.68,-485.51,0.33,2.30,0.47,-213.68,-485.51,0.00,0.37,-0.88 
1747830588.11,0,-138.06,-449.13,1.33,3.80,0.15,-138.06,-449.13,0.00,-0.08,5.81 
1747830588.11,2,-213.62,-485.60,0.32,1.73,0.49,-213.62,-485.60,0.00,0.39,-0.88 
1747830588.21,0,-138.01,-448.63,2.10,3.70,0.01,-138.01,-448.63,0.00,-0.01,5.73 
1747830588.21,2,-213.63,-485.62,0.37,1.86,0.35,-213.63,-485.62,0.00,0.34,-0.80 
1747830588.31,0,-137.93,-448.09,1.47,3.31,0.05,-137.93,-448.09,0.00,0.08,5.69 
1747830588.31,2,-213.67,-485.41,0.43,2.06,0.50,-213.67,-485.41,0.00,0.26,-0.49 
1747830588.41,0,-137.90,-447.57,1.34,3.90,0.14,-137.90,-447.57,0.00,0.10,5.63 
1747830588.41,2,-213.76,-485.21,0.50,2.21,0.11,-213.76,-485.21,0.00,0.13,-0.22 
1747830588.51,0,-137.85,-447.05,1.36,3.38,0.08,-137.85,-447.05,0.00,0.14,5.59 
1747830588.61,0,-137.89,-446.68,1.89,3.37,0.79,-137.89,-446.68,0.00,0.08,5.38 
1747830588.61,2,-213.98,-484.65,0.97,2.23,1.45,-213.98,-484.65,0.00,-0.11,0.38 
1747830588.71,0,-137.84,-446.11,3.76,1.61,1.44,-137.84,-446.11,0.00,0.12,5.42 
1747830588.71,2,-213.99,-484.60,0.60,1.68,0.63,-213.99,-484.60,0.00,-0.11,0.40 
1747830588.81,0,-137.81,-445.60,1.81,3.42,0.02,-137.81,-445.60,0.00,0.15,5.39 
1747830588.81,2,-213.96,-484.72,0.68,2.86,0.27,-213.96,-484.72,0.00,-0.06,0.23 
1747830588.91,0,-137.81,-445.04,1.30,3.40,0.07,-137.81,-445.04,0.00,0.13,5.41 
1747830589.01,0,-137.79,-444.54,1.70,3.60,0.05,-137.79,-444.54,0.00,0.14,5.37 
1747830589.11,0,-137.77,-443.97,3.73,1.59,1.51,-137.77,-443.97,0.00,0.15,5.40 
1747830589.11,2,-213.47,-485.56,0.22,3.47,0.52,-213.47,-485.56,0.00,0.41,-0.63 
1747830589.21,0,-137.73,-443.45,1.91,3.62,0.02,-137.73,-443.45,0.00,0.18,5.38 
1747830589.21,2,-213.43,-485.64,0.37,1.70,0.68,-213.43,-485.64,0.00,0.41,-0.65 
1747830589.31,0,-137.68,-442.94,3.41,1.71,1.45,-137.68,-442.94,0.00,0.20,5.35 
1747830589.31,2,-213.44,-485.56,0.39,2.84,0.44,-213.44,-485.56,0.00,0.36,-0.50 
1747830589.51,0,-137.59,-441.90,1.42,3.51,0.10,-137.59,-441.90,0.00,0.26,5.32 
1747830589.61,0,-137.55,-441.44,1.49,3.59,0.13,-137.55,-441.44,0.00,0.27,5.25 
1747830589.81,0,-137.47,-440.44,1.15,3.37,0.02,-137.47,-440.44,0.00,0.29,5.19 
1747830589.81,2,-213.72,-484.86,0.28,1.69,0.36,-213.72,-484.86,0.00,-0.01,0.27 
1747830589.91,0,-137.42,-439.92,0.93,3.48,0.05,-137.42,-439.92,0.00,0.32,5.20 
1747830589.91,2,-213.79,-484.73,0.35,1.75,1.02,-213.79,-484.73,0.00,-0.08,0.38 
1747830590.01,0,-137.55,-439.45,1.22,3.55,1.47,-137.55,-439.45,0.00,0.14,5.15 
1747830590.01,2,-213.77,-484.70,0.33,1.35,0.41,-213.77,-484.70,0.00,-0.05,0.37 
1747830590.11,0,-137.44,-438.96,3.29,1.60,1.55,-137.44,-438.96,0.00,0.25,5.12 
1747830590.11,2,-213.74,-484.65,0.33,1.03,0.50,-213.74,-484.65,0.00,-0.01,0.37 
1747830590.31,0,-137.37,-438.01,1.51,3.90,0.04,-137.37,-438.01,0.00,0.27,5.05 
1747830590.31,2,-213.71,-484.64,0.20,1.37,0.59,-213.71,-484.64,0.00,0.01,0.31 
1747830590.41,0,-137.31,-437.52,1.08,3.43,0.12,-137.31,-437.52,0.00,0.30,5.03 
1747830590.41,2,-213.70,-484.62,0.14,1.41,0.71,-213.70,-484.62,0.00,0.03,0.30 
1747830590.51,0,-137.21,-436.99,3.70,1.40,1.52,-137.21,-436.99,0.00,0.38,5.06 
1747830590.51,2,-213.70,-484.58,0.23,1.12,0.63,-213.70,-484.58,0.00,0.02,0.31 
1747830590.61,0,-137.16,-436.54,3.59,1.24,1.56,-137.16,-436.54,0.00,0.39,5.00 
1747830590.61,2,-213.68,-484.59,0.21,1.57,0.47,-213.68,-484.59,0.00,0.04,0.27 
1747830590.71,0,-137.09,-436.08,1.03,3.61,0.02,-137.09,-436.08,0.00,0.42,4.96 
1747830590.81,0,-137.04,-435.58,3.38,0.99,1.52,-137.04,-435.58,0.00,0.43,4.96 
1747830590.81,2,-213.65,-484.61,0.12,1.16,0.71,-213.65,-484.61,0.00,0.07,0.20 
1747830591.01,0,-137.00,-434.75,3.60,1.20,0.97,-137.00,-434.75,0.00,0.39,4.79 
1747830591.01,2,-213.64,-484.57,0.11,0.79,0.59,-213.64,-484.57,0.00,0.06,0.20 
1747830591.21,0,-136.88,-433.78,3.46,1.63,1.48,-136.88,-433.78,0.00,0.42,4.81 
1747830591.21,2,-213.63,-484.53,0.09,0.75,0.59,-213.63,-484.53,0.00,0.06,0.20 
1747830591.51,0,-136.70,-432.32,3.17,1.18,1.56,-136.70,-432.32,0.00,0.48,4.83 
1747830591.51,2,-213.61,-484.47,0.09,0.75,0.59,-213.61,-484.47,0.00,0.06,0.20 
1747830591.61,0,-136.64,-431.85,3.37,1.70,1.56,-136.64,-431.85,0.00,0.49,4.81 
1747830591.61,2,-213.60,-484.45,0.09,0.75,0.59,-213.60,-484.45,0.00,0.06,0.20 
1747830591.71,0,-136.61,-431.40,3.46,1.59,1.36,-136.61,-431.40,0.00,0.47,4.78 
1747830591.71,2,-213.60,-484.43,0.09,0.75,0.59,-213.60,-484.43,0.00,0.06,0.20 
1747830591.81,0,-136.53,-430.93,3.14,1.12,1.53,-136.53,-430.93,0.00,0.51,4.77 
1747830591.81,2,-213.59,-484.41,0.09,0.75,0.59,-213.59,-484.41,0.00,0.06,0.20 
1747830592.01,0,-136.47,-429.96,1.58,3.63,0.02,-136.47,-429.96,0.00,0.46,4.79 
1747830592.01,2,-213.58,-484.37,0.09,0.75,0.59,-213.58,-484.37,0.00,0.06,0.20 
1747830592.21,0,-136.37,-429.00,3.61,1.64,1.46,-136.37,-429.00,0.00,0.47,4.79 
1747830592.21,2,-213.57,-484.33,0.09,0.75,0.59,-213.57,-484.33,0.00,0.06,0.20 
1747830592.31,0,-136.34,-428.57,3.60,1.57,1.42,-136.34,-428.57,0.00,0.45,4.74 
1747830592.31,2,-213.56,-484.31,0.09,0.75,0.59,-213.56,-484.31,0.00,0.06,0.20 
1747830592.41,0,-136.32,-428.11,3.46,1.71,1.42,-136.32,-428.11,0.00,0.42,4.73 
1747830593.01,0,-136.14,-425.44,3.72,1.56,1.56,-136.14,-425.44,0.00,0.38,4.61 
1747830593.21,0,-136.12,-424.48,3.72,1.61,1.54,-136.12,-424.48,0.00,0.31,4.65 
1747830593.31,0,-136.06,-423.95,1.09,3.76,0.05,-136.06,-423.95,0.00,0.35,4.72 
1747830593.41,0,-136.04,-423.51,3.67,1.57,1.44,-136.04,-423.51,0.00,0.33,4.68 
1747830593.81,0,-135.96,-421.70,3.66,1.46,1.55,-135.96,-421.70,0.00,0.28,4.62 
1747830594.01,0,-135.93,-420.83,3.67,1.44,1.51,-135.93,-420.83,0.00,0.25,4.56 
1747830594.21,0,-135.86,-419.98,0.83,3.63,0.16,-135.86,-419.98,0.00,0.27,4.49 
1747830594.31,0,-135.87,-419.62,3.87,1.49,1.50,-135.87,-419.62,0.00,0.24,4.39 
1747830594.41,0,-135.79,-419.43,0.89,3.02,0.15,-135.79,-419.43,0.00,0.29,4.12 
1747830594.51,0,-135.77,-419.00,0.86,3.58,0.15,-135.77,-419.00,0.00,0.29,4.15 
1747830594.61,0,-135.75,-418.52,1.59,3.13,1.56,-135.75,-418.52,0.00,0.27,4.22 
1747830594.71,0,-135.77,-418.03,3.84,1.52,1.56,-135.77,-418.03,0.00,0.23,4.29 
1747830595.11,0,-135.75,-416.31,1.41,3.56,0.08,-135.75,-416.31,0.00,0.16,4.30 
1747830595.11,2,-213.04,-484.69,0.18,1.24,0.80,-213.04,-484.69,0.00,0.23,-0.07 
1747830595.31,0,-135.77,-415.43,1.10,3.57,0.24,-135.77,-415.43,0.00,0.11,4.31 
1747830595.31,2,-213.05,-484.83,0.23,1.26,0.97,-213.05,-484.83,0.00,0.18,-0.17 
1747830595.41,0,-135.72,-414.94,1.04,3.80,0.11,-135.72,-414.94,0.00,0.14,4.38 
1747830595.41,2,-213.00,-484.80,0.36,1.24,0.66,-213.00,-484.80,0.00,0.21,-0.13 
1747830595.81,0,-135.67,-413.16,3.66,1.50,1.41,-135.67,-413.16,0.00,0.14,4.40 
1747830595.91,0,-135.71,-412.69,1.57,3.72,0.03,-135.71,-412.69,0.00,0.08,4.44 
1747830596.01,0,-135.64,-412.53,0.93,3.08,0.19,-135.64,-412.53,0.00,0.16,4.13 
1747830596.11,0,-135.58,-412.32,0.90,2.91,0.13,-135.58,-412.32,0.00,0.21,3.90 
1747830596.21,0,-135.55,-411.80,0.97,4.11,0.15,-135.55,-411.80,0.00,0.21,4.05 
1747830596.51,0,-135.69,-412.57,1.05,4.30,0.21,-135.69,-412.57,0.00,-0.00,1.97 
1747830596.71,0,-135.63,-413.60,1.14,4.54,0.30,-135.63,-413.60,0.00,0.07,0.47 
1747830596.81,0,-135.78,-413.67,1.30,4.79,0.24,-135.78,-413.67,0.00,-0.10,0.34 
1747830597.31,0,-135.70,-413.44,1.60,5.54,0.24,-135.70,-413.44,0.00,-0.01,0.51 
1747830597.71,0,-135.76,-410.96,2.25,5.56,1.45,-135.76,-410.96,0.00,-0.06,2.53 
1747830597.71,2,-212.90,-484.37,0.38,0.75,0.58,-212.90,-484.37,0.00,0.16,0.16 
1747830597.81,0,-135.60,-410.08,2.53,6.18,0.08,-135.60,-410.08,0.00,0.10,3.14 
1747830597.81,2,-212.89,-484.36,0.21,0.68,0.58,-212.89,-484.36,0.00,0.16,0.16 
1747830597.91,0,-135.67,-409.40,2.86,6.89,0.26,-135.67,-409.40,0.00,0.01,3.51 
1747830597.91,2,-212.87,-484.34,0.21,0.68,0.58,-212.87,-484.34,0.00,0.16,0.16 
1747830598.11,0,-135.63,-408.16,3.25,7.69,0.12,-135.63,-408.16,0.00,0.05,4.10 
1747830598.11,2,-212.84,-484.31,0.21,0.68,0.58,-212.84,-484.31,0.00,0.16,0.16 
1747830598.51,0,-135.76,-405.86,3.59,8.63,0.11,-135.76,-405.86,0.00,-0.08,4.72 
1747830598.51,2,-213.15,-484.10,0.23,0.77,1.41,-213.15,-484.10,0.00,-0.09,0.26 
1747830598.61,0,-135.66,-405.35,4.11,9.32,0.23,-135.66,-405.35,0.00,0.02,4.76 
1747830598.61,2,-213.19,-484.15,0.25,0.88,1.34,-213.19,-484.15,0.00,-0.11,0.20 
1747830598.71,0,-135.72,-404.62,11.86,4.92,1.56,-135.72,-404.62,0.00,-0.05,5.03 
1747830598.71,2,-213.20,-484.14,0.22,1.52,1.34,-213.20,-484.14,0.00,-0.11,0.20 
1747830598.81,0,-135.57,-404.13,6.14,11.45,0.16,-135.57,-404.13,0.00,0.13,5.02 
1747830598.81,2,-213.24,-484.13,1.45,0.39,0.03,-213.24,-484.13,0.00,-0.14,0.19 
1747830598.91,0,-135.69,-403.38,10.58,4.72,1.52,-135.69,-403.38,0.00,-0.03,5.30 
1747830599.01,0,-135.69,-402.70,5.61,9.67,0.22,-135.69,-402.70,0.00,-0.02,5.48 
1747830599.11,0,-135.59,-402.48,5.65,14.54,0.20,-135.59,-402.48,0.00,0.10,5.10 
1747830599.21,0,-135.46,-402.28,5.65,14.90,0.24,-135.46,-402.28,0.00,0.24,4.74 
1747830599.41,0,-135.63,-401.02,4.61,10.32,0.04,-135.63,-401.02,0.00,0.00,5.07 
1747830599.51,0,-135.70,-400.36,10.01,4.75,1.42,-135.70,-400.36,0.00,-0.07,5.25 
1747830599.61,0,-135.74,-399.78,9.91,4.42,1.48,-135.74,-399.78,0.00,-0.11,5.30 
1747830599.91,0,-135.88,-398.14,9.09,3.70,1.37,-135.88,-398.14,0.00,-0.21,5.35 
1747830600.31,0,-135.72,-396.54,5.17,11.92,0.03,-135.72,-396.54,0.00,0.00,4.87 
1747830600.41,0,-135.49,-396.07,5.94,9.09,0.19,-135.49,-396.07,0.00,0.23,4.85 
1747830600.51,0,-135.31,-395.68,5.98,9.72,0.17,-135.31,-395.68,0.00,0.39,4.76 
1747830600.61,0,-135.33,-395.55,4.54,13.30,0.06,-135.33,-395.55,0.00,0.32,4.37 
1747830600.81,0,-135.34,-394.57,9.78,4.41,1.47,-135.34,-394.57,0.00,0.24,4.49 
1747830601.21,0,-135.42,-392.41,8.88,3.98,1.27,-135.42,-392.41,0.00,0.08,4.83 
1747830601.31,0,-135.46,-391.82,8.36,3.73,1.29,-135.46,-391.82,0.00,0.03,4.94 
1747830601.41,0,-135.35,-391.45,9.84,4.53,1.54,-135.35,-391.45,0.00,0.14,4.81 
1747830601.51,0,-135.35,-390.80,7.98,4.20,1.22,-135.35,-390.80,0.00,0.12,4.99 
1747830601.71,0,-135.34,-389.76,7.65,3.71,1.26,-135.34,-389.76,0.00,0.11,5.04 
1747830601.81,0,-135.35,-389.20,7.62,3.55,1.25,-135.35,-389.20,0.00,0.09,5.10 
1747830601.91,0,-135.37,-388.67,7.16,3.75,1.23,-135.37,-388.67,0.00,0.06,5.12 
1747830602.11,0,-135.29,-387.55,6.50,3.76,1.11,-135.29,-387.55,0.00,0.13,5.23 
1747830602.21,0,-135.28,-387.02,6.90,3.30,1.29,-135.28,-387.02,0.00,0.12,5.24 
1747830602.51,0,-135.08,-385.53,5.68,4.70,0.94,-135.08,-385.53,0.00,0.28,5.16 
1747830602.61,0,-135.06,-385.02,6.02,3.56,1.20,-135.06,-385.02,0.00,0.28,5.16 
1747830602.71,0,-135.04,-384.46,6.00,3.76,1.20,-135.04,-384.46,0.00,0.26,5.20 
1747830602.81,0,-134.99,-383.94,5.52,3.50,1.15,-134.99,-383.94,0.00,0.29,5.20 
