7,0,6.840,-725.040,1.150,1.690,0.550,2.602,-717.688,0.000,-1.470,2.550
8,0,6.660,-723.790,1.100,2.330,0.690,4.601,-718.329,0.000,-0.690,1.830
9,0,5.700,-721.890,1.220,1.530,1.220,2.535,-714.857,0.000,-0.990,2.200
10,0,3.750,-719.670,0.860,1.770,0.520,-1.457,-713.231,0.000,-1.690,2.090
11,0,2.370,-716.740,1.240,2.020,0.470,-2.008,-708.293,0.000,-1.420,2.740
12,0,0.750,-713.650,1.120,1.840,0.470,-3.337,-705.745,0.000,-1.370,2.650
13,0,-1.520,-710.310,0.980,2.240,1.050,-7.261,-701.915,0.000,-1.990,2.910
14,0,-3.740,-707.430,0.680,2.220,0.730,-10.686,-698.159,0.000,-2.330,3.110
15,0,-6.270,-703.750,0.810,3.440,0.590,-13.668,-693.280,0.000,-2.480,3.510
16,0,-8.590,-700.660,1.100,3.050,0.650,-15.719,-691.144,0.000,-2.390,3.190
17,0,-11.200,-697.430,0.970,2.620,0.680,-18.956,-687.705,0.000,-2.600,3.260
18,0,-14.210,-693.300,1.630,3.460,0.620,-22.078,-682.896,0.000,-2.730,3.610
19,0,-16.820,-689.950,1.030,3.180,0.610,-25.319,-678.917,0.000,-2.850,3.700
20,0,-19.590,-686.280,1.700,3.420,0.570,-28.895,-674.048,0.000,-3.020,3.970
21,0,-23.010,-681.970,1.340,2.910,0.780,-32.552,-670.161,0.000,-3.200,3.960
22,0,-24.150,-680.900,1.330,5.240,0.730,-29.275,-675.139,0.000,-1.610,1.810
23,0,-29.770,-674.030,1.260,3.410,0.620,-42.529,-658.219,0.000,-4.140,5.130
24,0,-33.100,-669.760,1.130,3.370,0.700,-42.815,-657.453,0.000,-3.260,4.130
25,0,-35.700,-666.300,1.370,3.550,0.580,-44.887,-654.153,0.000,-2.980,3.940
26,0,-38.700,-662.310,1.050,3.610,0.620,-46.865,-651.373,0.000,-2.740,3.670
27,0,-41.900,-658.560,1.090,3.550,0.750,-50.171,-648.387,0.000,-2.870,3.530
28,0,-42.910,-657.210,1.130,3.710,0.700,-49.774,-648.284,0.000,-2.230,2.900
29,0,-47.450,-652.040,1.480,3.670,0.690,-58.106,-640.100,0.000,-3.570,4.000
30,0,-50.110,-648.530,1.620,3.660,0.530,-58.999,-637.761,0.000,-2.980,3.610
31,0,-52.290,-645.780,1.510,3.800,0.590,-61.168,-634.738,0.000,-2.790,3.470
32,0,-55.480,-641.720,1.000,2.830,0.740,-62.391,-632.306,0.000,-2.320,3.160
33,0,-58.390,-637.870,0.980,2.030,0.780,-66.357,-626.978,0.000,-2.670,3.650
34,0,-61.620,-633.390,1.120,2.440,0.740,-70.638,-620.789,0.000,-3.020,4.220
35,0,-65.410,-628.670,1.080,3.850,0.870,-76.000,-615.097,0.000,-3.550,4.550
36,0,-69.250,-623.720,1.120,2.470,0.680,-80.641,-609.317,0.000,-3.820,4.830
37,0,-73.350,-618.560,1.100,3.470,0.720,-85.103,-603.734,0.000,-3.940,4.970
38,0,-77.570,-613.540,1.400,3.510,0.640,-89.753,-598.879,0.000,-4.080,4.910
39,0,-81.650,-608.640,1.360,3.610,0.680,-93.761,-594.113,0.000,-4.060,4.870
41,0,-89.130,-599.090,0.830,3.830,0.820,-101.876,-583.449,0.000,-4.270,5.240
42,0,-92.770,-594.480,1.090,3.690,0.800,-103.926,-580.460,0.000,-3.740,4.700
43,0,-95.060,-591.100,1.170,1.650,0.610,-103.819,-578.702,0.000,-2.840,4.020
44,0,-98.860,-585.950,1.190,3.210,0.630,-108.614,-572.198,0.000,-3.270,4.610
45,0,-101.720,-582.080,1.350,3.800,0.650,-111.663,-568.863,0.000,-3.220,4.280
46,0,-104.730,-577.530,1.300,3.390,0.630,-112.971,-565.258,0.000,-2.760,4.110
47,0,-107.700,-573.270,0.950,2.220,0.590,-115.960,-561.429,0.000,-2.860,4.100
48,0,-110.100,-569.830,1.390,3.360,0.640,-119.167,-556.816,0.000,-2.940,4.220
49,0,-113.150,-565.570,1.570,3.920,0.670,-121.549,-553.823,0.000,-2.810,3.930
50,0,-115.480,-561.560,1.180,3.750,0.700,-123.611,-548.716,0.000,-2.640,4.170
51,0,-118.540,-556.810,1.460,3.380,0.530,-126.906,-543.962,0.000,-2.800,4.300
52,0,-121.080,-552.470,1.380,3.680,0.500,-128.811,-539.605,0.000,-2.590,4.310
53,0,-123.560,-548.030,1.490,3.450,0.540,-130.995,-534.772,0.000,-2.490,4.440
54,0,-125.460,-543.520,1.450,3.320,0.510,-131.573,-529.803,0.000,-2.050,4.600
55,0,-127.030,-538.890,1.120,2.810,0.340,-131.957,-525.184,0.000,-1.650,4.590
56,0,-128.410,-533.560,1.440,3.570,0.160,-132.647,-518.133,0.000,-1.420,5.170
57,0,-129.780,-528.510,1.140,3.480,0.240,-133.903,-513.211,0.000,-1.380,5.120
58,0,-130.770,-524.480,1.880,5.110,0.220,-134.709,-509.948,0.000,-1.320,4.870
59,0,-132.730,-517.780,1.610,3.670,0.130,-137.317,-501.480,0.000,-1.590,5.650
61,0,-133.950,-509.320,1.550,3.430,0.080,-137.322,-486.639,0.000,-1.060,7.130
62,0,-134.760,-503.270,0.930,3.720,0.230,-137.287,-485.364,0.000,-0.820,5.810
63,0,-135.150,-498.500,1.090,3.230,0.090,-136.539,-483.039,0.000,-0.450,5.010
64,0,-135.720,-493.760,1.670,3.520,0.160,-137.535,-477.394,0.000,-0.570,5.140
66,0,-136.640,-482.410,1.390,3.430,0.140,-137.714,-467.311,0.000,-0.360,5.060
67,0,-136.900,-477.030,0.990,3.680,0.070,-137.616,-460.862,0.000,-0.240,5.420
68,0,-137.390,-471.490,1.200,3.380,0.090,-138.553,-455.214,0.000,-0.390,5.460
69,0,-137.650,-466.290,1.570,2.830,0.010,-138.310,-450.880,0.000,-0.220,5.140
70,0,-137.840,-461.010,1.220,2.500,0.120,-138.019,-444.872,0.000,-0.060,5.410
71,0,-138.070,-456.220,1.240,3.270,0.130,-138.707,-438.034,0.000,-0.200,5.710
72,0,-138.100,-449.730,1.330,3.260,0.130,-138.249,-433.454,0.000,-0.050,5.460
73,0,-137.760,-444.020,3.830,1.570,1.510,-137.126,-428.740,0.000,0.220,5.300
74,0,-137.380,-440.390,1.140,3.040,0.020,-136.107,-423.716,0.000,0.400,5.240
75,0,-136.960,-434.800,3.490,1.730,0.970,-136.125,-420.959,0.000,0.280,4.640
76,0,-136.500,-429.870,1.530,3.660,0.020,-135.337,-415.492,0.000,0.390,4.820
77,0,-136.150,-425.540,3.790,1.540,1.570,-135.106,-412.181,0.000,0.350,4.480
78,0,-135.940,-420.830,3.660,1.410,1.510,-135.314,-407.168,0.000,0.210,4.580
79,0,-135.700,-416.930,1.530,2.210,1.560,-135.105,-405.052,0.000,0.200,3.990
80,0,-135.600,-412.790,0.960,2.530,0.190,-135.242,-400.512,0.000,0.120,4.120
81,0,-135.670,-411.630,0.320,1.870,0.030,-135.793,-404.662,0.000,-0.040,2.260
82,0,-135.710,-408.260,0.490,2.100,0.090,-135.621,-397.137,0.000,0.030,3.730
83,0,-135.540,-402.750,1.090,2.930,0.220,-135.301,-387.228,0.000,0.080,5.200
84,0,-135.640,-397.830,3.920,4.240,1.560,-136.177,-382.324,0.000,-0.180,5.200
