6,0,8.590,-728.220,1.790,4.120,0.770,6.276,-721.955,0.000,-0.750,2.030
7,0,7.370,-726.010,1.340,2.730,1.260,4.102,-719.659,0.000,-1.060,2.060
8,0,6.580,-724.040,1.900,3.790,0.690,4.372,-718.758,0.000,-0.740,1.770
9,0,5.650,-721.830,0.870,2.430,0.590,3.133,-715.866,0.000,-0.840,1.990
10,0,4.150,-719.740,1.070,1.770,0.510,-0.009,-712.962,0.000,-1.350,2.200
11,0,2.290,-716.660,1.350,1.760,0.480,-2.363,-708.785,0.000,-1.560,2.640
12,0,0.770,-713.740,1.180,1.660,0.470,-3.734,-705.417,0.000,-1.510,2.790
13,0,-1.260,-710.570,1.320,1.970,1.180,-6.931,-701.585,0.000,-1.900,3.010
14,0,-3.710,-707.370,0.570,2.280,0.730,-10.417,-698.039,0.000,-2.250,3.130
15,0,-6.200,-703.820,0.840,3.560,0.590,-13.479,-693.618,0.000,-2.440,3.420
16,0,-9.010,-700.210,1.230,3.230,0.660,-16.275,-690.610,0.000,-2.520,3.330
17,0,-10.500,-698.140,0.780,2.100,0.580,-18.139,-687.413,0.000,-2.400,3.370
18,0,-13.790,-693.660,1.610,3.530,0.750,-21.603,-682.895,0.000,-2.620,3.610
19,0,-16.800,-689.920,1.110,3.150,0.610,-25.418,-678.946,0.000,-2.890,3.680
20,0,-19.490,-686.270,1.800,3.520,0.570,-28.610,-674.131,0.000,-2.960,3.940
21,0,-23.070,-682.330,1.380,5.620,0.760,-33.359,-670.168,0.000,-3.570,4.220
22,0,-24.900,-680.000,1.360,8.230,0.740,-33.193,-669.888,0.000,-2.690,3.280
23,0,-29.850,-673.730,0.930,3.860,0.630,-41.390,-658.939,0.000,-3.870,4.960
24,0,-32.850,-670.040,1.000,3.620,0.650,-43.630,-656.580,0.000,-3.500,4.370
25,0,-35.880,-666.100,1.580,3.380,0.580,-44.680,-654.854,0.000,-2.950,3.770
26,0,-39.060,-662.050,1.360,3.570,0.650,-47.470,-651.423,0.000,-2.920,3.690
27,0,-41.580,-658.950,1.560,3.270,0.540,-50.019,-648.364,0.000,-2.830,3.550
28,0,-42.670,-657.630,1.780,4.530,0.840,-48.581,-650.352,0.000,-1.860,2.290
29,0,-47.230,-652.250,1.880,3.970,0.690,-57.260,-640.817,0.000,-3.360,3.830
30,0,-49.800,-648.910,1.250,3.530,0.850,-59.265,-637.318,0.000,-3.070,3.760
31,0,-52.860,-645.100,1.450,3.700,0.630,-61.389,-634.544,0.000,-2.860,3.540
32,0,-55.240,-641.890,0.880,2.260,0.740,-63.254,-631.702,0.000,-2.690,3.420
34,0,-61.480,-633.730,1.200,3.260,0.530,-71.077,-620.892,0.000,-3.110,4.160
35,0,-64.920,-629.190,1.030,4.350,0.730,-75.402,-615.286,0.000,-3.400,4.510
36,0,-68.610,-624.430,1.010,1.920,0.620,-79.582,-610.130,0.000,-3.560,4.640
37,0,-73.380,-618.520,1.100,3.360,0.720,-85.789,-603.008,0.000,-4.160,5.200
38,0,-77.580,-613.500,1.370,3.600,0.640,-90.032,-598.391,0.000,-4.170,5.060
39,0,-81.500,-608.760,1.450,3.600,0.680,-93.492,-594.263,0.000,-4.020,4.860
40,0,-84.980,-604.350,1.210,3.410,0.650,-97.004,-589.336,0.000,-3.900,4.870
41,0,-89.030,-599.200,0.820,3.690,0.820,-100.373,-584.902,0.000,-3.800,4.790
42,0,-92.760,-594.650,1.000,3.430,0.800,-103.887,-580.749,0.000,-3.730,4.660
43,0,-95.440,-590.700,0.940,1.840,0.610,-104.213,-578.346,0.000,-2.940,4.140
44,0,-98.870,-586.010,1.280,3.140,0.630,-108.565,-572.348,0.000,-3.250,4.580
45,0,-101.980,-581.660,1.320,3.590,0.600,-111.392,-568.602,0.000,-3.150,4.370
46,0,-103.510,-579.600,1.280,4.290,0.630,-109.034,-572.105,0.000,-1.850,2.510
47,0,-105.150,-577.120,1.270,2.820,0.850,-109.773,-570.553,0.000,-1.450,2.060
48,0,-110.140,-569.740,1.320,3.990,0.580,-120.644,-554.253,0.000,-3.520,5.190
49,0,-113.010,-565.830,2.010,3.740,1.460,-123.080,-552.084,0.000,-3.260,4.450
50,0,-115.910,-561.090,1.540,3.720,0.580,-124.314,-548.336,0.000,-2.820,4.280
51,0,-118.440,-556.910,1.340,3.230,0.530,-126.448,-544.181,0.000,-2.680,4.260
52,0,-120.790,-553.060,1.340,3.870,0.540,-128.934,-539.825,0.000,-2.640,4.290
53,0,-123.330,-548.530,1.470,3.650,0.470,-131.230,-534.736,0.000,-2.560,4.470
54,0,-125.390,-544.050,1.890,3.410,0.380,-132.140,-530.273,0.000,-2.190,4.470
55,0,-127.160,-538.710,1.690,3.450,0.340,-132.445,-524.467,0.000,-1.770,4.770
56,0,-128.350,-534.230,1.220,3.820,0.150,-132.945,-518.933,0.000,-1.490,4.960
57,0,-129.790,-528.470,1.140,3.420,0.240,-133.854,-512.992,0.000,-1.360,5.180
58,0,-130.850,-524.470,1.740,5.040,0.220,-134.729,-510.415,0.000,-1.300,4.710
59,0,-132.640,-518.070,1.510,3.810,0.130,-136.910,-502.376,0.000,-1.480,5.440
60,0,-133.470,-513.420,1.700,3.510,0.170,-136.812,-497.784,0.000,-1.120,5.240
61,0,-134.040,-509.410,1.360,3.400,0.080,-136.903,-493.123,0.000,-0.900,5.120
62,0,-134.810,-503.080,1.560,3.620,0.100,-136.927,-487.544,0.000,-0.710,5.210
63,0,-135.220,-498.780,1.630,5.270,0.120,-136.862,-483.044,0.000,-0.550,5.270
64,0,-135.840,-492.670,1.490,3.490,0.080,-137.601,-475.512,0.000,-0.590,5.750
65,0,-136.350,-487.630,1.190,3.770,0.210,-138.051,-472.054,0.000,-0.570,5.220
66,0,-136.560,-483.530,1.540,5.660,0.140,-137.813,-465.507,0.000,-0.420,6.040
67,0,-136.850,-477.660,1.390,2.210,1.520,-137.837,-458.453,0.000,-0.320,6.230
68,0,-137.580,-470.740,1.560,3.710,0.100,-138.819,-453.857,0.000,-0.430,5.860
69,0,-137.650,-466.280,1.570,2.860,0.010,-138.160,-450.720,0.000,-0.170,5.190
70,0,-137.690,-463.460,1.070,2.880,0.120,-137.750,-454.571,0.000,-0.020,2.980
71,0,-138.000,-454.910,1.320,3.670,0.080,-138.462,-436.994,0.000,-0.160,6.210
72,0,-138.060,-449.600,1.220,3.460,0.130,-138.328,-431.893,0.000,-0.090,5.940
73,0,-137.790,-444.540,1.700,3.600,0.050,-137.372,-428.521,0.000,0.140,5.370
74,0,-137.550,-439.450,1.220,3.550,1.470,-137.133,-424.093,0.000,0.140,5.150
75,0,-137.000,-434.750,3.600,1.200,0.970,-135.837,-420.461,0.000,0.390,4.790
76,0,-136.470,-429.960,1.580,3.630,0.020,-135.098,-415.671,0.000,0.460,4.790
77,0,-136.140,-425.440,3.720,1.560,1.560,-135.007,-411.693,0.000,0.380,4.610
78,0,-135.930,-420.830,3.670,1.440,1.510,-135.184,-407.228,0.000,0.250,4.560
79,0,-135.750,-416.310,1.410,3.560,0.080,-135.290,-403.939,0.000,0.160,4.300
80,0,-135.640,-412.530,0.930,3.080,0.190,-135.163,-400.223,0.000,0.160,4.130
81,0,-135.780,-413.670,1.300,4.790,0.240,-136.098,-412.588,0.000,-0.100,0.340
82,0,-135.670,-409.400,2.860,6.890,0.260,-135.639,-398.582,0.000,0.010,3.510
83,0,-135.690,-402.700,5.610,9.670,0.220,-135.750,-386.342,0.000,-0.020,5.480
84,0,-135.880,-398.140,9.090,3.700,1.370,-136.527,-381.651,0.000,-0.210,5.350
