1747830128.92,0,-158.76,-266.83,1.62,1.16,1.25,-158.76,-266.83,0.00,1.69,-4.18 
1747830129.82,0,-157.32,-270.96,1.55,0.13,0.41,-157.32,-270.96,0.00,1.65,-4.35 
1747830130.42,0,-156.40,-273.88,1.18,0.26,0.36,-156.40,-273.88,0.00,1.63,-4.47 
1747830130.52,0,-156.34,-274.27,1.26,0.32,0.35,-156.34,-274.27,0.00,1.59,-4.44 
1747830130.92,0,-155.79,-276.07,1.64,0.05,0.29,-155.79,-276.07,0.00,1.56,-4.46 
1747830131.32,0,-155.40,-277.93,1.65,0.07,0.55,-155.40,-277.93,0.00,1.48,-4.48 
1747830131.52,0,-155.18,-278.73,1.55,0.11,0.39,-155.18,-278.73,0.00,1.46,-4.45 
1747830131.62,0,-155.07,-279.18,1.56,0.14,0.46,-155.07,-279.18,0.00,1.44,-4.45 
1747830132.02,0,-154.57,-280.90,1.49,0.20,0.40,-154.57,-280.90,0.00,1.42,-4.43 
1747830132.22,0,-154.33,-281.79,1.53,0.26,0.65,-154.33,-281.79,0.00,1.41,-4.43 
1747830132.42,0,-154.10,-282.67,1.57,0.33,0.46,-154.10,-282.67,0.00,1.39,-4.43 
1747830132.52,0,-153.99,-283.06,1.52,0.46,0.67,-153.99,-283.06,0.00,1.38,-4.42 
1747830132.72,0,-153.70,-283.86,1.63,0.55,0.66,-153.70,-283.86,0.00,1.39,-4.39 
1747830133.02,0,-153.30,-285.14,0.95,1.45,1.38,-153.30,-285.14,0.00,1.38,-4.38 
1747830133.32,0,-153.00,-286.36,0.75,2.62,0.91,-153.00,-286.36,0.00,1.35,-4.35 
1747830133.42,0,-152.80,-286.84,0.84,2.87,0.99,-152.80,-286.84,0.00,1.37,-4.37 
1747830134.12,0,-151.99,-289.74,1.46,0.98,0.60,-151.99,-289.74,0.00,1.33,-4.32 
1747830134.22,0,-151.85,-290.15,2.22,0.91,1.50,-151.85,-290.15,0.00,1.33,-4.32 
1747830134.52,0,-151.42,-291.43,0.89,4.51,0.46,-151.42,-291.43,0.00,1.34,-4.32 
1747830135.02,0,-150.71,-293.52,1.51,1.62,1.45,-150.71,-293.52,0.00,1.35,-4.30 
1747830135.32,0,-150.23,-294.79,1.51,2.12,0.48,-150.23,-294.79,0.00,1.37,-4.29 
1747830135.52,0,-149.87,-295.60,1.55,2.58,0.78,-149.87,-295.60,0.00,1.40,-4.28 
1747830135.72,0,-149.52,-296.46,1.82,3.95,0.87,-149.52,-296.46,0.00,1.42,-4.28 
1747830135.82,0,-149.30,-296.90,1.68,3.94,0.88,-149.30,-296.90,0.00,1.44,-4.28 
1747830136.02,0,-149.06,-297.61,1.66,2.09,0.79,-149.06,-297.61,0.00,1.42,-4.24 
1747830136.12,0,-148.86,-298.03,1.80,2.45,0.71,-148.86,-298.03,0.00,1.44,-4.24 
1747830136.22,0,-148.72,-298.37,2.71,2.45,0.67,-148.72,-298.37,0.00,1.44,-4.22 
1747830136.32,0,-148.57,-298.74,2.36,2.63,0.54,-148.57,-298.74,0.00,1.44,-4.20 
1747830136.42,0,-148.44,-299.12,2.83,1.54,1.52,-148.44,-299.12,0.00,1.44,-4.19 
1747830136.52,0,-148.28,-299.56,1.82,3.37,0.33,-148.28,-299.56,0.00,1.44,-4.20 
1747830136.62,0,-148.08,-300.00,2.32,3.59,0.58,-148.08,-300.00,0.00,1.46,-4.20 
1747830136.72,0,-147.91,-300.44,1.18,3.25,0.49,-147.91,-300.44,0.00,1.47,-4.21 
1747830136.82,0,-147.71,-300.88,1.53,4.35,0.84,-147.71,-300.88,0.00,1.48,-4.21 
1747830137.12,0,-147.25,-302.05,2.86,2.46,0.54,-147.25,-302.05,0.00,1.49,-4.19 
1747830137.22,0,-147.07,-302.43,2.36,1.38,0.90,-147.07,-302.43,0.00,1.50,-4.18 
1747830137.42,0,-146.70,-303.26,2.31,1.86,0.92,-146.70,-303.26,0.00,1.52,-4.17 
1747830137.62,0,-146.30,-304.00,2.30,2.36,0.92,-146.30,-304.00,0.00,1.54,-4.15 
1747830138.02,0,-145.62,-305.59,2.00,2.99,1.57,-145.62,-305.59,0.00,1.56,-4.13 
1747830138.32,0,-145.07,-306.79,2.11,3.35,1.07,-145.07,-306.79,0.00,1.58,-4.12 
1747830138.62,0,-144.54,-307.87,2.88,1.45,0.59,-144.54,-307.87,0.00,1.60,-4.08 
1747830138.72,0,-144.37,-308.19,2.94,2.28,0.82,-144.37,-308.19,0.00,1.60,-4.05 
1747830138.82,0,-144.21,-308.56,1.47,0.81,0.33,-144.21,-308.56,0.00,1.60,-4.04 
1747830139.12,0,-143.74,-309.73,1.19,1.80,0.59,-143.74,-309.73,0.00,1.60,-4.03 
1747830139.32,0,-143.44,-310.52,1.18,0.71,0.66,-143.44,-310.52,0.00,1.59,-4.02 
1747830139.52,0,-143.13,-311.33,1.36,0.77,1.35,-143.13,-311.33,0.00,1.59,-4.03 
1747830139.62,0,-142.95,-311.71,1.62,0.30,0.44,-142.95,-311.71,0.00,1.60,-4.02 
1747830139.92,0,-142.46,-312.90,2.11,0.45,0.72,-142.46,-312.90,0.00,1.60,-4.01 
1747830140.02,0,-142.28,-313.32,0.91,1.41,0.95,-142.28,-313.32,0.00,1.61,-4.02 
1747830140.42,0,-141.67,-314.93,2.15,0.85,0.34,-141.67,-314.93,0.00,1.60,-4.02 
1747830140.72,0,-141.24,-316.21,3.17,0.97,1.14,-141.24,-316.21,0.00,1.58,-4.04 
1747830140.82,0,-141.12,-316.69,3.67,0.88,1.10,-141.12,-316.69,0.00,1.57,-4.06 
1747830141.02,0,-140.83,-317.57,3.40,1.28,1.00,-140.83,-317.57,0.00,1.57,-4.08 
1747830141.12,0,-140.68,-317.98,2.05,0.56,0.73,-140.68,-317.98,0.00,1.56,-4.08 
1747830141.22,0,-140.54,-318.39,1.79,0.85,0.51,-140.54,-318.39,0.00,1.56,-4.08 
1747830141.32,0,-140.42,-318.87,2.13,0.89,1.11,-140.42,-318.87,0.00,1.55,-4.10 
1747830141.42,0,-140.29,-319.29,2.36,0.73,0.45,-140.29,-319.29,0.00,1.54,-4.11 
1747830141.52,0,-140.16,-319.74,2.23,0.85,0.47,-140.16,-319.74,0.00,1.54,-4.12 
1747830141.62,0,-140.01,-320.18,2.33,0.59,0.71,-140.01,-320.18,0.00,1.53,-4.12 
1747830141.72,0,-139.89,-320.62,2.36,0.78,0.25,-139.89,-320.62,0.00,1.53,-4.13 
1747830142.02,0,-139.50,-321.94,2.63,0.88,0.48,-139.50,-321.94,0.00,1.51,-4.15 
1747830142.22,0,-139.32,-322.88,2.97,0.98,0.93,-139.32,-322.88,0.00,1.47,-4.18 
1747830142.32,0,-139.28,-323.39,3.33,1.09,0.59,-139.28,-323.39,0.00,1.44,-4.21 
1747830142.42,0,-139.22,-323.90,3.60,1.24,0.40,-139.22,-323.90,0.00,1.42,-4.23 
1747830142.62,0,-139.06,-324.86,4.07,1.37,0.58,-139.06,-324.86,0.00,1.39,-4.27 
1747830142.82,0,-139.06,-325.96,4.45,1.58,1.30,-139.06,-325.96,0.00,1.31,-4.34 
1747830143.22,0,-138.72,-327.87,4.84,1.85,1.30,-138.72,-327.87,0.00,1.26,-4.38 
1747830143.32,0,-138.76,-328.37,5.69,2.80,0.87,-138.76,-328.37,0.00,1.21,-4.40 
1747830143.42,0,-138.79,-328.89,6.13,1.34,0.61,-138.79,-328.89,0.00,1.17,-4.42 
1747830143.52,0,-138.83,-329.41,6.28,1.37,0.51,-138.83,-329.41,0.00,1.13,-4.44 
1747830143.62,0,-138.88,-330.01,6.43,1.76,1.38,-138.88,-330.01,0.00,1.08,-4.49 
1747830143.82,0,-138.79,-330.96,5.79,1.26,0.56,-138.79,-330.96,0.00,1.04,-4.50 
1747830144.42,0,-138.75,-333.82,1.41,0.40,0.90,-138.75,-333.82,0.00,0.89,-4.54 
1747830145.62,0,-140.49,-339.99,1.48,0.42,0.30,-140.49,-339.99,0.00,0.20,-4.71 
1747830145.92,0,-141.34,-341.42,1.54,0.44,0.32,-141.34,-341.42,0.00,-0.05,-4.71 
1747830146.72,0,-144.09,-345.17,1.60,0.47,0.18,-144.09,-345.17,0.00,-0.75,-4.71 
1747830147.32,0,-146.45,-347.66,1.66,0.49,0.05,-146.45,-347.66,0.00,-1.26,-4.62 
1747830147.42,0,-146.95,-348.01,1.69,0.55,0.88,-146.95,-348.01,0.00,-1.37,-4.58 
1747830147.52,0,-147.49,-348.37,1.75,0.59,0.36,-147.49,-348.37,0.00,-1.48,-4.56 
1747830147.62,0,-147.93,-348.70,1.81,0.63,0.45,-147.93,-348.70,0.00,-1.56,-4.52 
1747830147.72,0,-148.38,-349.02,1.87,0.67,0.43,-148.38,-349.02,0.00,-1.64,-4.48 
1747830148.32,0,-150.68,-351.18,1.94,0.72,0.34,-150.68,-351.18,0.00,-2.00,-4.34 
1747830149.22,0,-155.41,-353.58,2.01,0.76,0.06,-155.41,-353.58,0.00,-2.73,-3.96 
1747830149.32,0,-156.11,-353.68,2.04,0.89,1.25,-156.11,-353.68,0.00,-2.85,-3.88 
1747830150.52,0,-162.94,-354.77,2.10,0.97,0.14,-162.94,-354.77,0.00,-3.68,-2.99 
1747830150.92,0,-165.15,-355.00,2.14,1.07,1.13,-165.15,-355.00,0.00,-3.88,-2.73 
1747830151.02,0,-165.81,-354.84,2.19,1.21,1.12,-165.81,-354.84,0.00,-3.95,-2.61 
1747830151.12,0,-166.56,-354.64,2.21,1.66,0.64,-166.56,-354.64,0.00,-4.05,-2.48 
1747830151.22,0,-167.03,-354.45,2.32,1.78,1.53,-167.03,-354.45,0.00,-4.07,-2.36 
1747830151.52,0,-168.84,-354.21,2.41,2.03,1.01,-168.84,-354.21,0.00,-4.23,-2.10 
1747830151.72,0,-169.90,-354.15,2.50,2.30,0.90,-169.90,-354.15,0.00,-4.29,-1.96 
1747830151.92,0,-170.92,-354.02,2.62,2.55,0.96,-170.92,-354.02,0.00,-4.34,-1.82 
1747830152.02,0,-171.55,-353.70,2.74,2.92,0.86,-171.55,-353.70,0.00,-4.39,-1.68 
1747830152.32,0,-173.07,-353.59,2.87,3.35,0.77,-173.07,-353.59,0.00,-4.45,-1.51 
1747830152.62,0,-174.59,-352.81,3.13,3.59,1.22,-174.59,-352.81,0.00,-4.49,-1.18 
1747830152.72,0,-175.20,-352.34,3.30,4.19,0.70,-175.20,-352.34,0.00,-4.54,-1.02 
1747830159.62,0,-190.79,-312.95,3.83,4.55,1.34,-190.79,-312.95,0.00,-1.55,5.35 
1747830160.02,0,-190.61,-310.32,4.42,5.00,0.06,-190.61,-310.32,0.00,-1.31,5.50 
1747830160.22,0,-190.50,-309.13,7.56,0.97,0.31,-190.50,-309.13,0.00,-1.20,5.53 
1747830160.42,0,-190.38,-307.89,7.12,1.75,1.57,-190.38,-307.89,0.00,-1.09,5.57 
1747830160.82,0,-190.16,-305.56,4.46,5.23,1.26,-190.16,-305.56,0.00,-0.89,5.60 
1747830160.92,0,-190.03,-305.05,2.18,4.73,1.30,-190.03,-305.05,0.00,-0.82,5.58 
1747830161.22,0,-190.03,-303.36,4.38,3.90,0.97,-190.03,-303.36,0.00,-0.75,5.59 
1747830161.32,0,-189.90,-302.81,1.29,5.05,1.45,-189.90,-302.81,0.00,-0.68,5.58 
1747830161.52,0,-189.87,-301.71,4.12,2.72,0.18,-189.87,-301.71,0.00,-0.63,5.58 
1747830161.62,0,-189.76,-301.15,4.34,2.68,0.17,-189.76,-301.15,0.00,-0.58,5.58 
1747830161.82,0,-189.59,-300.09,1.36,4.21,1.45,-189.59,-300.09,0.00,-0.50,5.57 
1747830161.92,0,-189.52,-299.57,2.77,3.38,1.07,-189.52,-299.57,0.00,-0.46,5.55 
1747830162.02,0,-189.47,-299.06,3.34,1.92,0.25,-189.47,-299.06,0.00,-0.43,5.54 
1747830162.22,0,-189.46,-297.98,1.77,3.64,1.52,-189.46,-297.98,0.00,-0.41,5.53 
1747830162.72,0,-189.57,-295.31,3.01,3.51,0.01,-189.57,-295.31,0.00,-0.38,5.51 
1747830162.82,0,-189.53,-294.77,3.00,3.29,0.12,-189.53,-294.77,0.00,-0.36,5.50 
1747830163.02,0,-189.54,-293.76,2.15,3.76,0.28,-189.54,-293.76,0.00,-0.34,5.48 
1747830163.12,0,-189.53,-293.35,2.02,3.23,0.37,-189.53,-293.35,0.00,-0.33,5.44 
1747830163.22,0,-189.51,-292.91,2.15,4.77,0.27,-189.51,-292.91,0.00,-0.31,5.41 
1747830163.32,0,-189.49,-292.43,2.52,3.79,0.04,-189.49,-292.43,0.00,-0.30,5.39 
1747830163.42,0,-189.47,-291.97,2.08,2.57,0.48,-189.47,-291.97,0.00,-0.28,5.37 
1747830163.52,0,-189.45,-291.48,2.43,3.00,0.04,-189.45,-291.48,0.00,-0.27,5.35 
1747830163.62,0,-189.42,-290.96,2.82,2.96,0.12,-189.42,-290.96,0.00,-0.25,5.35 
1747830163.82,0,-189.43,-289.97,1.96,2.87,0.45,-189.43,-289.97,0.00,-0.24,5.32 
1747830163.92,0,-189.38,-289.50,2.87,3.30,1.07,-189.38,-289.50,0.00,-0.22,5.31 
1747830164.12,0,-189.41,-288.50,2.62,2.03,1.57,-189.41,-288.50,0.00,-0.22,5.29 
1747830164.22,0,-189.46,-288.04,3.58,2.31,0.96,-189.46,-288.04,0.00,-0.22,5.27 
1747830164.32,0,-189.48,-287.62,3.90,1.67,1.54,-189.48,-287.62,0.00,-0.22,5.24 
1747830164.42,0,-189.50,-287.14,1.75,3.59,0.05,-189.50,-287.14,0.00,-0.22,5.23 
1747830164.52,0,-189.55,-286.69,4.09,2.11,1.06,-189.55,-286.69,0.00,-0.23,5.21 
1747830164.72,0,-189.59,-285.68,1.77,3.33,0.11,-189.59,-285.68,0.00,-0.23,5.20 
1747830164.92,0,-189.61,-284.70,1.90,4.02,0.06,-189.61,-284.70,0.00,-0.22,5.18 
1747830165.62,0,-189.73,-281.16,2.12,3.27,0.02,-189.73,-281.16,0.00,-0.21,5.16 
1747830165.72,0,-189.76,-280.69,1.97,3.73,0.15,-189.76,-280.69,0.00,-0.21,5.14 
1747830166.02,0,-189.84,-279.25,2.51,4.16,0.27,-189.84,-279.25,0.00,-0.22,5.12 
1747830166.32,0,-189.91,-277.83,1.95,4.55,0.22,-189.91,-277.83,0.00,-0.22,5.08 
1747830166.52,0,-189.99,-277.01,2.36,3.60,0.08,-189.99,-277.01,0.00,-0.23,5.03 
1747830166.72,0,-189.93,-276.14,2.49,3.06,0.18,-189.93,-276.14,0.00,-0.20,4.99 
1747830166.92,1,-192.28,-285.91,1.42,0.11,0.81,-192.28,-285.91,0.00,0.29,5.72 
1747830167.12,1,-192.22,-284.76,1.89,0.13,0.81,-192.22,-284.76,0.00,0.29,5.72 
1747830167.22,0,-189.90,-274.14,1.87,1.54,0.33,-189.90,-274.14,0.00,-0.17,4.85 
1747830167.22,1,-192.34,-284.28,1.83,0.18,1.09,-192.34,-284.28,0.00,0.25,5.69 
1747830167.42,0,-189.89,-273.27,1.78,2.45,0.17,-189.89,-273.27,0.00,-0.15,4.82 
1747830167.42,1,-192.29,-283.15,1.09,0.12,1.09,-192.29,-283.15,0.00,0.25,5.69 
1747830167.62,0,-189.95,-272.31,1.86,2.75,0.04,-189.95,-272.31,0.00,-0.16,4.82 
1747830167.62,1,-192.24,-282.01,1.09,0.12,1.09,-192.24,-282.01,0.00,0.25,5.69 
1747830167.82,0,-190.04,-271.34,2.61,3.07,0.23,-190.04,-271.34,0.00,-0.18,4.82 
1747830167.82,1,-192.19,-280.87,1.09,0.12,1.09,-192.19,-280.87,0.00,0.25,5.69 
1747830167.92,0,-190.11,-270.84,2.29,4.32,0.15,-190.11,-270.84,0.00,-0.19,4.83 
1747830167.92,1,-192.17,-280.30,1.09,0.12,1.09,-192.17,-280.30,0.00,0.25,5.69 
1747830168.02,0,-190.17,-270.38,2.65,2.89,0.30,-190.17,-270.38,0.00,-0.21,4.82 
1747830168.02,1,-192.14,-279.73,1.09,0.12,1.09,-192.14,-279.73,0.00,0.25,5.69 
1747830168.12,0,-190.25,-269.89,2.81,4.22,0.15,-190.25,-269.89,0.00,-0.22,4.83 
1747830168.12,1,-192.12,-279.16,1.09,0.12,1.09,-192.12,-279.16,0.00,0.25,5.69 
1747830168.22,0,-190.34,-269.40,3.00,3.64,0.36,-190.34,-269.40,0.00,-0.24,4.83 
1747830168.22,1,-192.09,-278.59,1.09,0.12,1.09,-192.09,-278.59,0.00,0.25,5.69 
1747830168.32,0,-190.43,-268.94,2.93,3.51,0.48,-190.43,-268.94,0.00,-0.26,4.82 
1747830168.32,1,-192.07,-278.02,1.09,0.12,1.09,-192.07,-278.02,0.00,0.25,5.69 
1747830168.42,0,-190.47,-268.48,2.04,3.63,0.20,-190.47,-268.48,0.00,-0.26,4.81 
1747830168.42,1,-192.04,-277.46,1.09,0.12,1.09,-192.04,-277.46,0.00,0.25,5.69 
1747830168.52,0,-190.52,-267.97,2.03,4.11,0.32,-190.52,-267.97,0.00,-0.27,4.82 
1747830168.52,1,-192.02,-276.89,1.09,0.12,1.09,-192.02,-276.89,0.00,0.25,5.69 
1747830168.62,0,-190.57,-267.54,2.65,5.06,0.45,-190.57,-267.54,0.00,-0.28,4.81 
1747830168.62,1,-191.99,-276.32,1.09,0.12,1.09,-191.99,-276.32,0.00,0.25,5.69 
1747830168.72,0,-190.60,-267.08,2.06,3.74,0.21,-190.60,-267.08,0.00,-0.28,4.80 
1747830168.72,1,-191.97,-275.75,1.09,0.12,1.09,-191.97,-275.75,0.00,0.25,5.69 
1747830168.82,0,-190.61,-266.65,1.65,5.12,0.48,-190.61,-266.65,0.00,-0.27,4.79 
1747830168.82,1,-191.94,-275.18,1.09,0.12,1.09,-191.94,-275.18,0.00,0.25,5.69 
1747830169.02,0,-190.61,-265.66,2.95,3.91,0.33,-190.61,-265.66,0.00,-0.26,4.80 
1747830169.02,1,-191.90,-274.04,1.09,0.12,1.09,-191.90,-274.04,0.00,0.25,5.69 
1747830169.22,0,-190.67,-264.74,2.01,3.95,0.43,-190.67,-264.74,0.00,-0.26,4.79 
1747830169.22,1,-191.85,-272.90,1.09,0.12,1.09,-191.85,-272.90,0.00,0.25,5.69 
1747830169.32,0,-190.71,-264.27,2.22,3.67,0.35,-190.71,-264.27,0.00,-0.27,4.78 
1747830169.32,1,-191.82,-272.34,1.09,0.12,1.09,-191.82,-272.34,0.00,0.25,5.69 
1747830169.82,0,-190.89,-261.90,2.71,3.96,0.16,-190.89,-261.90,0.00,-0.28,4.78 
1747830169.92,0,-190.96,-261.48,2.78,3.75,0.18,-190.96,-261.48,0.00,-0.29,4.76 
1747830170.02,0,-191.03,-261.05,2.68,3.66,0.21,-191.03,-261.05,0.00,-0.30,4.75 
1747830170.12,0,-191.10,-260.63,2.97,3.73,0.26,-191.10,-260.63,0.00,-0.31,4.73 
1747830170.22,0,-191.17,-260.20,2.91,3.63,0.22,-191.17,-260.20,0.00,-0.32,4.72 
1747830170.32,0,-191.27,-259.77,4.00,3.81,0.73,-191.27,-259.77,0.00,-0.34,4.71 
1747830170.72,0,-191.49,-257.92,3.47,3.72,0.30,-191.49,-257.92,0.00,-0.37,4.70 
1747830170.82,0,-191.60,-257.48,3.40,3.50,0.31,-191.60,-257.48,0.00,-0.39,4.69 
1747830171.02,0,-191.74,-256.59,4.41,3.27,1.23,-191.74,-256.59,0.00,-0.40,4.68 
1747830171.12,0,-191.81,-256.14,2.58,3.10,0.26,-191.81,-256.14,0.00,-0.41,4.67 
1747830171.42,0,-191.96,-254.74,2.24,2.47,0.24,-191.96,-254.74,0.00,-0.42,4.67 
1747830171.52,0,-192.03,-254.35,2.35,2.95,0.28,-192.03,-254.35,0.00,-0.43,4.65 
1747830171.62,0,-192.11,-253.96,2.89,4.76,0.24,-192.11,-253.96,0.00,-0.44,4.63 
1747830171.72,0,-192.20,-253.53,2.81,3.21,0.25,-192.20,-253.53,0.00,-0.45,4.62 
1747830171.82,0,-192.29,-253.06,2.74,4.28,0.19,-192.29,-253.06,0.00,-0.47,4.62 
1747830172.02,0,-192.42,-252.20,2.85,4.72,0.08,-192.42,-252.20,0.00,-0.48,4.60 
1747830172.12,0,-192.52,-251.75,3.00,2.69,0.25,-192.52,-251.75,0.00,-0.49,4.60 
1747830172.22,0,-192.60,-251.28,2.26,4.30,0.08,-192.60,-251.28,0.00,-0.50,4.60 
1747830172.32,0,-192.68,-250.81,2.37,4.16,0.21,-192.68,-250.81,0.00,-0.51,4.61 
1747830172.52,0,-192.80,-249.95,2.33,4.96,0.20,-192.80,-249.95,0.00,-0.51,4.59 
1747830172.62,0,-192.85,-249.54,1.91,4.45,0.12,-192.85,-249.54,0.00,-0.51,4.57 
1747830172.92,0,-193.01,-248.17,2.27,2.76,0.14,-193.01,-248.17,0.00,-0.51,4.57 
1747830173.02,0,-193.07,-247.77,2.21,4.21,0.19,-193.07,-247.77,0.00,-0.52,4.56 
1747830173.32,0,-193.26,-246.47,2.69,4.44,0.19,-193.26,-246.47,0.00,-0.53,4.54 
1747830173.42,0,-193.35,-246.06,2.49,4.21,0.17,-193.35,-246.06,0.00,-0.54,4.53 
1747830173.62,0,-193.48,-245.21,2.60,3.90,0.25,-193.48,-245.21,0.00,-0.54,4.51 
1747830174.02,0,-193.74,-243.43,2.60,2.49,0.27,-193.74,-243.43,0.00,-0.55,4.50 
1747830174.22,0,-193.89,-242.57,2.60,3.78,0.14,-193.89,-242.57,0.00,-0.57,4.49 
1747830174.42,0,-194.07,-241.69,3.89,3.38,1.04,-194.07,-241.69,0.00,-0.58,4.49 
1747830174.62,0,-194.23,-240.81,3.27,3.50,1.21,-194.23,-240.81,0.00,-0.60,4.48 
1747830174.72,0,-194.30,-240.33,4.35,3.29,1.18,-194.30,-240.33,0.00,-0.60,4.49 
1747830174.82,0,-194.37,-239.87,2.77,2.81,1.07,-194.37,-239.87,0.00,-0.60,4.49 
1747830174.92,0,-194.44,-239.43,3.00,2.78,1.18,-194.44,-239.43,0.00,-0.61,4.49 
1747830175.02,0,-194.51,-239.00,1.91,3.22,0.20,-194.51,-239.00,0.00,-0.61,4.49 
1747830175.12,0,-194.56,-238.56,1.93,3.34,0.16,-194.56,-238.56,0.00,-0.60,4.48 
1747830175.22,0,-194.63,-238.11,1.85,3.36,0.22,-194.63,-238.11,0.00,-0.61,4.48 
1747830175.32,0,-194.69,-237.68,1.71,3.20,0.19,-194.69,-237.68,0.00,-0.61,4.48 
1747830175.42,0,-194.75,-237.22,1.85,2.99,0.17,-194.75,-237.22,0.00,-0.61,4.48 
1747830175.52,0,-194.80,-236.77,1.94,3.17,0.16,-194.80,-236.77,0.00,-0.60,4.48 
1747830175.62,0,-194.83,-236.32,2.18,3.48,1.12,-194.83,-236.32,0.00,-0.60,4.48 
1747830175.92,0,-195.06,-234.94,3.59,3.10,0.31,-195.06,-234.94,0.00,-0.61,4.49 
1747830176.02,0,-195.17,-234.45,4.31,3.26,0.03,-195.17,-234.45,0.00,-0.62,4.50 
1747830176.12,0,-195.22,-233.97,2.72,3.27,0.10,-195.22,-233.97,0.00,-0.62,4.51 
1747830176.42,0,-195.42,-232.55,1.81,4.48,0.20,-195.42,-232.55,0.00,-0.62,4.53 
1747830176.52,0,-195.50,-232.02,1.87,5.08,0.21,-195.50,-232.02,0.00,-0.63,4.55 
1747830177.52,0,-196.17,-227.29,1.71,4.58,0.18,-196.17,-227.29,0.00,-0.64,4.60 
1747830177.62,0,-196.26,-226.68,1.55,4.25,0.21,-196.26,-226.68,0.00,-0.65,4.64 
1747830177.82,0,-196.41,-225.63,1.53,3.35,0.09,-196.41,-225.63,0.00,-0.65,4.67 
1747830177.92,0,-196.48,-225.05,1.63,3.45,0.10,-196.48,-225.05,0.00,-0.65,4.70 
1747830178.12,0,-196.60,-224.00,2.18,3.22,0.27,-196.60,-224.00,0.00,-0.65,4.73 
1747830178.22,0,-196.69,-223.42,3.48,2.78,1.50,-196.69,-223.42,0.00,-0.66,4.77 
1747830178.42,0,-196.77,-222.34,2.48,3.26,0.04,-196.77,-222.34,0.00,-0.64,4.80 
1747830178.52,0,-196.82,-221.77,2.23,2.75,0.22,-196.82,-221.77,0.00,-0.64,4.83 
1747830178.72,0,-196.95,-220.73,1.73,2.76,0.13,-196.95,-220.73,0.00,-0.64,4.86 
1747830178.82,0,-197.05,-220.12,1.94,4.26,0.12,-197.05,-220.12,0.00,-0.65,4.90 
1747830178.92,0,-197.15,-219.50,1.88,4.70,0.14,-197.15,-219.50,0.00,-0.66,4.94 
1747830179.02,0,-197.25,-218.94,2.32,3.13,1.14,-197.25,-218.94,0.00,-0.67,4.96 
1747830179.12,0,-197.32,-218.39,2.61,2.06,1.47,-197.32,-218.39,0.00,-0.67,4.98 
1747830179.32,0,-197.46,-217.28,1.87,4.56,0.20,-197.46,-217.28,0.00,-0.67,5.01 
1747830179.42,0,-197.54,-216.71,2.96,2.12,1.43,-197.54,-216.71,0.00,-0.68,5.03 
1747830179.52,0,-197.61,-216.15,2.60,1.89,1.52,-197.61,-216.15,0.00,-0.68,5.05 
1747830179.62,0,-197.70,-215.57,1.70,3.52,0.08,-197.70,-215.57,0.00,-0.69,5.08 
1747830179.82,0,-197.85,-214.46,1.92,3.72,0.51,-197.85,-214.46,0.00,-0.69,5.11 
1747830180.02,0,-198.00,-213.33,2.01,3.80,0.47,-198.00,-213.33,0.00,-0.69,5.14 
1747830180.52,0,-198.35,-210.65,1.71,3.88,0.06,-198.35,-210.65,0.00,-0.69,5.17 
1747830180.62,0,-198.41,-210.06,2.05,2.57,0.18,-198.41,-210.06,0.00,-0.69,5.19 
1747830180.72,0,-198.48,-209.46,1.86,2.80,0.13,-198.48,-209.46,0.00,-0.69,5.22 
1747830180.82,0,-198.56,-208.77,1.87,3.52,0.16,-198.56,-208.77,0.00,-0.70,5.27 
1747830181.12,0,-198.76,-207.04,2.24,5.20,0.15,-198.76,-207.04,0.00,-0.69,5.31 
1747830181.22,0,-198.81,-206.42,2.18,4.15,0.14,-198.81,-206.42,0.00,-0.69,5.34 
1747830181.32,0,-198.85,-205.77,2.52,4.64,0.17,-198.85,-205.77,0.00,-0.68,5.37 
1747830181.52,0,-198.96,-204.63,3.25,1.98,1.54,-198.96,-204.63,0.00,-0.67,5.39 
1747830181.62,0,-199.00,-204.05,2.08,2.94,0.01,-199.00,-204.05,0.00,-0.66,5.40 
1747830181.72,0,-199.05,-203.39,2.11,3.69,0.01,-199.05,-203.39,0.00,-0.66,5.44 
1747830181.82,0,-199.09,-202.75,6.00,1.79,1.45,-199.09,-202.75,0.00,-0.65,5.47 
1747830181.92,0,-199.18,-202.18,3.64,2.54,0.24,-199.18,-202.18,0.00,-0.66,5.48 
1747830182.02,0,-199.22,-201.60,2.41,3.03,0.03,-199.22,-201.60,0.00,-0.65,5.48 
1747830182.12,0,-199.25,-201.03,3.13,2.41,0.17,-199.25,-201.03,0.00,-0.64,5.49 
1747830182.22,0,-199.30,-200.40,3.23,2.97,0.39,-199.30,-200.40,0.00,-0.64,5.51 
1747830182.42,0,-199.40,-199.25,2.24,3.64,0.01,-199.40,-199.25,0.00,-0.63,5.53 
1747830182.52,0,-199.44,-198.58,6.45,2.18,1.52,-199.44,-198.58,0.00,-0.62,5.56 
1747830182.72,0,-199.48,-197.43,7.01,3.80,1.06,-199.48,-197.43,0.00,-0.60,5.57 
1747830182.82,0,-199.49,-196.78,4.08,5.28,0.30,-199.49,-196.78,0.00,-0.58,5.60 
1747830183.22,0,-199.63,-194.42,7.46,2.92,1.37,-199.63,-194.42,0.00,-0.56,5.63 
1747830183.32,0,-199.62,-193.83,3.42,3.34,1.57,-199.62,-193.83,0.00,-0.54,5.64 
1747830183.42,0,-199.60,-193.22,4.39,2.05,0.85,-199.60,-193.22,0.00,-0.52,5.65 
1747830183.52,0,-199.58,-192.62,5.05,2.21,1.04,-199.58,-192.62,0.00,-0.50,5.66 
1747830183.62,0,-199.53,-191.91,5.66,2.42,1.31,-199.53,-191.91,0.00,-0.47,5.70 
1747830183.72,0,-199.48,-191.30,2.61,4.12,1.53,-199.48,-191.30,0.00,-0.44,5.71 
1747830183.82,0,-199.44,-190.62,3.58,4.00,1.49,-199.44,-190.62,0.00,-0.42,5.74 
1747830183.92,0,-199.38,-189.99,4.37,3.51,1.34,-199.38,-189.99,0.00,-0.39,5.76 
1747830184.12,0,-199.34,-188.79,8.66,3.34,0.90,-199.34,-188.79,0.00,-0.36,5.78 
1747830184.52,0,-199.22,-186.34,9.34,5.08,1.12,-199.22,-186.34,0.00,-0.28,5.81 
1747830184.72,0,-199.04,-185.13,10.22,5.91,0.91,-199.04,-185.13,0.00,-0.22,5.83 
1747830184.82,0,-198.82,-184.42,9.62,3.69,0.82,-198.82,-184.42,0.00,-0.15,5.86 
1747830184.92,0,-198.60,-183.70,9.33,4.03,0.96,-198.60,-183.70,0.00,-0.08,5.90 
1747830185.02,0,-198.40,-182.97,9.13,4.14,1.07,-198.40,-182.97,0.00,-0.02,5.94 
1747830185.12,0,-198.27,-182.37,9.51,4.03,0.85,-198.27,-182.37,0.00,0.01,5.94 
1747830185.22,0,-198.06,-181.66,9.39,3.46,0.81,-198.06,-181.66,0.00,0.07,5.97 
1747830185.52,0,-197.72,-179.79,10.04,6.20,0.89,-197.72,-179.79,0.00,0.16,6.00 
1747830185.62,0,-197.37,-179.10,10.39,6.76,0.91,-197.37,-179.10,0.00,0.25,6.02 
1747830185.72,0,-197.02,-178.45,10.66,6.51,0.74,-197.02,-178.45,0.00,0.35,6.03 
1747830185.82,0,-196.68,-177.78,10.65,5.64,0.81,-196.68,-177.78,0.00,0.43,6.05 
1747830185.92,0,-196.33,-177.13,10.64,5.59,0.66,-196.33,-177.13,0.00,0.52,6.06 
1747830186.12,0,-195.88,-175.89,11.14,7.02,0.76,-195.88,-175.89,0.00,0.62,6.07 
1747830186.22,0,-195.48,-175.24,11.43,6.58,0.74,-195.48,-175.24,0.00,0.71,6.09 
1747830186.32,0,-195.08,-174.62,10.63,7.58,0.75,-195.08,-174.62,0.00,0.81,6.09 
1747830186.42,0,-194.71,-173.99,8.25,8.79,1.10,-194.71,-173.99,0.00,0.89,6.10 
1747830186.52,0,-194.29,-173.38,11.70,6.14,0.49,-194.29,-173.38,0.00,0.98,6.10 
1747830186.72,0,-193.72,-172.19,11.44,8.24,0.61,-193.72,-172.19,0.00,1.09,6.09 
1747830186.82,0,-193.24,-171.62,11.92,7.95,0.54,-193.24,-171.62,0.00,1.19,6.08 
1747830186.92,0,-192.87,-171.11,12.39,7.30,0.43,-192.87,-171.11,0.00,1.26,6.05 
1747830187.02,0,-192.38,-170.54,12.22,7.82,0.54,-192.38,-170.54,0.00,1.36,6.04 
1747830187.12,0,-191.90,-169.99,12.03,7.76,0.50,-191.90,-169.99,0.00,1.46,6.02 
1747830187.32,0,-191.38,-168.90,13.93,6.12,0.25,-191.38,-168.90,0.00,1.52,5.99 
1747830188.32,0,-188.06,-163.81,12.71,9.47,1.51,-188.06,-163.81,0.00,1.98,5.76 
1747830189.22,0,-182.69,-161.14,6.80,22.94,1.20,-182.69,-161.14,0.00,2.92,5.10 
1747830189.32,0,-181.69,-161.17,6.78,22.51,1.18,-181.69,-161.17,0.00,3.12,4.95 
1747830189.62,0,-179.37,-160.80,6.52,22.37,1.10,-179.37,-160.80,0.00,3.50,4.64 
1747830190.02,0,-176.08,-160.72,5.29,22.10,0.95,-176.08,-160.72,0.00,4.01,4.16 
1747830190.12,0,-175.23,-160.83,5.56,21.64,0.96,-175.23,-160.83,0.00,4.14,4.01 
1747830190.22,0,-174.38,-160.94,3.96,21.09,0.84,-174.38,-160.94,0.00,4.26,3.86 
1747830190.52,0,-172.63,-160.46,4.12,23.21,0.74,-172.63,-160.46,0.00,4.40,3.67 
1747830190.82,0,-170.39,-160.83,4.61,23.28,0.70,-170.39,-160.83,0.00,4.65,3.26 
1747830191.82,0,-164.38,-161.20,3.17,27.94,0.33,-164.38,-161.20,0.00,4.99,2.34 
1747830192.52,0,-160.32,-164.60,2.20,26.95,0.06,-160.32,-164.60,0.00,5.14,1.01 
1747830193.02,0,-157.89,-165.95,2.64,27.73,0.00,-157.89,-165.95,0.00,5.10,0.50 
1747830195.72,0,-153.93,-188.10,6.18,23.81,1.35,-153.93,-188.10,0.00,2.94,-4.27 
1747830196.52,0,-154.63,-194.88,14.53,3.96,0.60,-154.63,-194.88,0.00,2.15,-5.14 
1747830198.32,0,-156.51,-208.71,10.38,2.79,0.63,-156.51,-208.71,0.00,0.83,-6.17 
1747830200.02,0,-158.89,-221.33,7.94,2.30,0.90,-158.89,-221.33,0.00,-0.01,-6.65 
1747830201.12,0,-160.24,-229.13,7.45,3.30,0.83,-160.24,-229.13,0.00,-0.35,-6.76 
1747830201.72,0,-161.33,-233.76,6.66,5.73,1.37,-161.33,-233.76,0.00,-0.59,-6.92 
1747830202.12,0,-161.89,-236.64,5.40,4.90,0.02,-161.89,-236.64,0.00,-0.68,-6.95 
1747830202.22,0,-162.20,-237.46,5.06,4.54,0.28,-162.20,-237.46,0.00,-0.75,-6.99 
1747830202.42,0,-162.61,-238.93,5.18,4.42,0.09,-162.61,-238.93,0.00,-0.82,-7.01 
1747830202.82,0,-163.21,-241.84,5.03,4.08,0.05,-163.21,-241.84,0.00,-0.90,-7.04 
1747830202.92,0,-163.50,-242.56,4.24,3.79,0.07,-163.50,-242.56,0.00,-0.96,-7.04 
1747830203.02,0,-163.82,-243.23,1.26,5.09,1.24,-163.82,-243.23,0.00,-1.02,-7.03 
1747830203.22,0,-164.24,-244.71,1.81,4.99,1.37,-164.24,-244.71,0.00,-1.08,-7.05 
1747830203.32,0,-164.47,-245.32,3.24,2.92,0.20,-164.47,-245.32,0.00,-1.12,-7.03 
1747830203.62,0,-164.89,-247.38,1.57,4.06,0.92,-164.89,-247.38,0.00,-1.14,-7.01 
1747830203.72,0,-165.07,-248.02,2.13,2.27,0.49,-165.07,-248.02,0.00,-1.16,-7.00 
1747830204.02,0,-165.44,-250.08,2.44,2.42,1.43,-165.44,-250.08,0.00,-1.17,-6.99 
1747830204.42,0,-165.86,-252.94,2.12,3.51,0.09,-165.86,-252.94,0.00,-1.16,-7.00 
1747830204.92,0,-166.32,-256.38,3.21,2.27,0.11,-166.32,-256.38,0.00,-1.12,-6.99 
1747830205.02,0,-166.38,-256.92,3.52,2.52,0.83,-166.38,-256.92,0.00,-1.11,-6.94 
1747830205.22,0,-166.59,-258.19,2.71,3.67,0.92,-166.59,-258.19,0.00,-1.10,-6.91 
1747830205.32,0,-166.66,-258.89,2.15,3.45,0.15,-166.66,-258.89,0.00,-1.09,-6.91 
1747830205.42,0,-166.72,-259.47,3.52,2.20,0.81,-166.72,-259.47,0.00,-1.08,-6.88 
1747830205.62,0,-166.79,-260.85,3.96,3.44,0.06,-166.79,-260.85,0.00,-1.04,-6.88 
1747830205.72,0,-166.78,-261.54,3.39,3.78,0.18,-166.78,-261.54,0.00,-1.01,-6.88 
1747830205.82,0,-166.80,-262.20,3.19,4.14,0.18,-166.80,-262.20,0.00,-0.98,-6.87 
1747830206.22,0,-167.12,-264.81,3.34,2.99,0.14,-167.12,-264.81,0.00,-0.96,-6.83 
1747830206.32,0,-167.21,-265.40,3.06,2.03,1.00,-167.21,-265.40,0.00,-0.96,-6.81 
1747830206.52,0,-167.34,-266.61,3.76,3.23,0.52,-167.34,-266.61,0.00,-0.94,-6.76 
1747830206.72,0,-167.42,-267.81,4.14,2.20,0.70,-167.42,-267.81,0.00,-0.91,-6.72 
1747830207.62,0,-168.06,-273.79,3.81,3.74,0.17,-168.06,-273.79,0.00,-0.86,-6.70 
1747830207.72,0,-168.00,-274.33,3.72,4.99,0.27,-168.00,-274.33,0.00,-0.83,-6.67 
1747830208.52,0,-168.30,-278.94,2.06,2.16,0.25,-168.30,-278.94,0.00,-0.74,-6.48 
1747830209.02,0,-168.51,-282.04,2.44,2.33,1.47,-168.51,-282.04,0.00,-0.69,-6.44 
1747830209.32,0,-168.69,-283.89,3.33,1.89,1.47,-168.69,-283.89,0.00,-0.68,-6.41 
1747830209.42,0,-168.66,-284.29,3.25,3.66,0.12,-168.66,-284.29,0.00,-0.65,-6.34 
1747830209.62,0,-168.61,-285.44,4.20,4.20,0.18,-168.61,-285.44,0.00,-0.60,-6.31 
1747830209.72,0,-168.60,-285.88,3.33,3.29,1.52,-168.60,-285.88,0.00,-0.58,-6.25 
1747830209.82,0,-168.59,-286.34,3.44,3.21,0.29,-168.59,-286.34,0.00,-0.56,-6.20 
1747830210.02,0,-168.65,-287.50,3.94,2.39,1.55,-168.65,-287.50,0.00,-0.54,-6.18 
1747830210.22,0,-168.67,-288.64,4.28,2.62,1.48,-168.67,-288.64,0.00,-0.52,-6.15 
1747830210.32,0,-168.66,-289.19,3.72,2.55,1.52,-168.66,-289.19,0.00,-0.50,-6.13 
1747830210.42,0,-168.68,-289.65,2.42,3.54,0.09,-168.68,-289.65,0.00,-0.49,-6.08 
1747830210.52,0,-168.71,-290.11,4.92,2.72,1.00,-168.71,-290.11,0.00,-0.48,-6.04 
1747830210.72,0,-168.75,-291.16,3.00,3.38,0.09,-168.75,-291.16,0.00,-0.47,-5.99 
1747830210.82,0,-168.73,-291.63,3.38,2.79,0.26,-168.73,-291.63,0.00,-0.45,-5.96 
1747830211.12,0,-168.82,-293.35,2.48,3.79,0.08,-168.82,-293.35,0.00,-0.43,-5.94 
1747830211.32,0,-168.92,-294.44,4.48,2.33,1.55,-168.92,-294.44,0.00,-0.44,-5.91 
1747830211.42,0,-168.95,-294.93,1.52,4.12,0.06,-168.95,-294.93,0.00,-0.43,-5.88 
1747830211.62,0,-168.98,-295.90,4.15,2.19,1.55,-168.98,-295.90,0.00,-0.42,-5.82 
1747830211.72,0,-169.00,-296.36,1.84,5.21,0.07,-169.00,-296.36,0.00,-0.41,-5.78 
1747830211.92,0,-169.05,-297.38,2.62,3.43,0.10,-169.05,-297.38,0.00,-0.40,-5.74 
1747830212.02,0,-169.09,-297.86,3.52,1.87,0.87,-169.09,-297.86,0.00,-0.40,-5.72 
1747830212.32,0,-169.14,-299.46,3.45,3.14,0.25,-169.14,-299.46,0.00,-0.38,-5.68 
1747830212.42,0,-169.17,-299.94,3.12,1.54,1.00,-169.17,-299.94,0.00,-0.38,-5.66 
1747830212.52,0,-169.18,-300.36,3.73,2.00,1.52,-169.18,-300.36,0.00,-0.37,-5.62 
1747830212.62,0,-169.24,-300.82,3.61,2.85,0.91,-169.24,-300.82,0.00,-0.38,-5.59 
1747830212.92,0,-169.29,-302.40,3.05,2.23,0.81,-169.29,-302.40,0.00,-0.36,-5.56 
1747830213.12,0,-169.33,-303.43,3.09,1.97,1.47,-169.33,-303.43,0.00,-0.35,-5.54 
1747830213.22,0,-169.33,-303.89,2.56,3.17,0.13,-169.33,-303.89,0.00,-0.34,-5.51 
1747830213.32,0,-169.33,-304.29,2.79,3.76,0.19,-169.33,-304.29,0.00,-0.33,-5.47 
1747830213.62,0,-169.44,-305.83,1.75,5.46,0.24,-169.44,-305.83,0.00,-0.33,-5.44 
1747830213.82,0,-169.52,-306.78,2.05,3.22,0.50,-169.52,-306.78,0.00,-0.34,-5.40 
1747830213.92,0,-169.55,-307.17,2.05,3.68,0.16,-169.55,-307.17,0.00,-0.34,-5.36 
1747830214.02,0,-169.56,-307.59,2.83,3.01,0.32,-169.56,-307.59,0.00,-0.33,-5.33 
1747830214.12,0,-169.57,-308.03,1.87,5.55,0.17,-169.57,-308.03,0.00,-0.32,-5.30 
1747830214.32,0,-169.62,-308.95,2.64,3.11,0.44,-169.62,-308.95,0.00,-0.32,-5.27 
1747830214.42,0,-169.64,-309.38,4.01,2.25,0.86,-169.64,-309.38,0.00,-0.32,-5.24 
1747830214.52,0,-169.63,-309.86,2.67,3.40,0.13,-169.63,-309.86,0.00,-0.30,-5.23 
1747830214.62,0,-169.62,-310.36,2.44,3.41,0.16,-169.62,-310.36,0.00,-0.29,-5.22 
1747830214.72,0,-169.64,-310.83,2.17,3.95,0.22,-169.64,-310.83,0.00,-0.29,-5.20 
1747830214.82,0,-169.68,-311.28,1.25,3.75,0.15,-169.68,-311.28,0.00,-0.29,-5.18 
1747830215.02,0,-169.71,-312.22,3.47,2.57,1.05,-169.71,-312.22,0.00,-0.28,-5.16 
1747830215.22,0,-169.75,-313.20,2.02,3.77,0.09,-169.75,-313.20,0.00,-0.28,-5.14 
1747830215.52,0,-169.77,-314.51,3.26,1.68,1.32,-169.77,-314.51,0.00,-0.26,-5.08 
1747830215.72,0,-169.78,-315.43,3.18,2.24,0.11,-169.78,-315.43,0.00,-0.25,-5.05 
1747830216.02,0,-169.78,-316.84,3.42,2.44,0.36,-169.78,-316.84,0.00,-0.23,-5.03 
1747830216.12,0,-169.76,-317.19,2.71,4.17,0.24,-169.76,-317.19,0.00,-0.22,-4.98 
1747830216.72,0,-169.67,-319.83,4.74,2.64,0.43,-169.67,-319.83,0.00,-0.16,-4.89 
1747830217.02,0,-169.57,-321.23,4.64,3.36,0.33,-169.57,-321.23,0.00,-0.12,-4.87 
1747830217.22,0,-169.41,-322.11,5.12,2.98,0.45,-169.41,-322.11,0.00,-0.07,-4.85 
1747830217.32,0,-169.29,-322.52,4.22,3.66,0.27,-169.29,-322.52,0.00,-0.04,-4.83 
1747830217.42,0,-169.15,-322.92,4.29,3.80,0.73,-169.15,-322.92,0.00,0.00,-4.80 
1747830217.52,0,-169.02,-323.32,4.15,4.05,0.86,-169.02,-323.32,0.00,0.04,-4.78 
1747830217.62,0,-168.89,-323.73,4.25,3.18,0.31,-168.89,-323.73,0.00,0.07,-4.76 
1747830217.72,0,-168.77,-324.14,4.66,3.46,0.35,-168.77,-324.14,0.00,0.11,-4.74 
1747830218.12,0,-168.60,-325.92,4.04,3.11,0.01,-168.60,-325.92,0.00,0.14,-4.71 
1747830218.32,0,-168.45,-326.79,4.22,3.74,0.60,-168.45,-326.79,0.00,0.18,-4.69 
1747830218.52,0,-168.33,-327.65,3.92,4.47,0.64,-168.33,-327.65,0.00,0.20,-4.67 
1747830219.01,0,-167.97,-329.86,5.91,2.91,0.39,-167.97,-329.86,0.00,0.27,-4.64 
1747830219.11,0,-167.68,-330.21,5.96,2.70,0.26,-167.68,-330.21,0.00,0.35,-4.60 
1747830219.31,0,-167.36,-331.00,6.27,2.83,0.50,-167.36,-331.00,0.00,0.42,-4.57 
1747830219.41,0,-167.12,-331.36,5.41,3.06,0.32,-167.12,-331.36,0.00,0.47,-4.54 
1747830219.51,0,-166.92,-331.69,5.07,3.14,0.39,-166.92,-331.69,0.00,0.52,-4.51 
1747830219.72,0,-166.67,-332.51,4.35,2.69,0.27,-166.67,-332.51,0.00,0.56,-4.48 
1747830219.82,0,-166.50,-332.91,3.81,3.21,0.28,-166.50,-332.91,0.00,0.59,-4.47 
1747830220.02,0,-166.31,-333.78,3.10,2.69,0.25,-166.31,-333.78,0.00,0.61,-4.46 
1747830220.12,0,-166.25,-334.14,2.07,2.54,0.28,-166.25,-334.14,0.00,0.61,-4.44 
1747830220.22,0,-166.15,-334.59,2.41,2.83,0.30,-166.15,-334.59,0.00,0.62,-4.44 
1747830220.52,0,-165.90,-335.87,3.22,2.98,0.27,-165.90,-335.87,0.00,0.64,-4.42 
1747830220.72,0,-165.70,-336.70,3.26,2.59,0.26,-165.70,-336.70,0.00,0.66,-4.41 
1747830220.81,0,-165.59,-337.12,2.07,2.17,0.43,-165.59,-337.12,0.00,0.67,-4.40 
1747830221.01,0,-165.34,-337.96,2.48,2.28,0.35,-165.34,-337.96,0.00,0.71,-4.39 
1747830221.21,0,-164.98,-338.75,3.23,2.27,0.36,-164.98,-338.75,0.00,0.77,-4.37 
1747830221.61,0,-164.49,-340.42,3.61,2.51,0.38,-164.49,-340.42,0.00,0.82,-4.34 
1747830221.72,0,-164.26,-340.91,3.65,3.16,0.34,-164.26,-340.91,0.00,0.86,-4.36 
1747830221.82,0,-164.13,-341.41,1.24,3.68,0.75,-164.13,-341.41,0.00,0.87,-4.38 
1747830222.22,0,-163.57,-343.08,1.97,3.42,0.49,-163.57,-343.08,0.00,0.93,-4.35 
1747830222.41,0,-163.17,-343.86,2.61,3.38,0.75,-163.17,-343.86,0.00,0.99,-4.33 
1747830222.61,0,-162.80,-344.63,4.91,1.44,0.72,-162.80,-344.63,0.00,1.04,-4.31 
1747830222.81,0,-162.43,-345.57,4.69,2.12,0.22,-162.43,-345.57,0.00,1.08,-4.32 
1747830223.12,0,-161.91,-346.77,4.92,1.95,0.91,-161.91,-346.77,0.00,1.13,-4.30 
1747830223.22,0,-161.58,-347.22,4.77,2.74,0.62,-161.58,-347.22,0.00,1.19,-4.30 
1747830223.42,0,-161.15,-348.09,3.96,5.16,0.59,-161.15,-348.09,0.00,1.25,-4.31 
1747830223.62,0,-160.74,-348.91,4.24,2.85,0.50,-160.74,-348.91,0.00,1.29,-4.30 
1747830223.72,0,-160.48,-349.38,3.50,4.79,0.23,-160.48,-349.38,0.00,1.33,-4.31 
1747830224.02,0,-159.98,-350.64,3.28,2.57,0.62,-159.98,-350.64,0.00,1.36,-4.30 
1747830224.12,0,-159.73,-351.05,3.47,1.96,0.42,-159.73,-351.05,0.00,1.39,-4.29 
1747830224.32,0,-159.41,-351.88,2.47,2.74,0.65,-159.41,-351.88,0.00,1.40,-4.28 
1747830224.42,0,-159.20,-352.35,2.31,2.78,0.56,-159.20,-352.35,0.00,1.42,-4.30 
1747830224.52,0,-158.99,-352.77,2.93,1.83,0.41,-158.99,-352.77,0.00,1.44,-4.29 
1747830224.72,0,-158.61,-353.60,3.44,2.63,0.58,-158.61,-353.60,0.00,1.46,-4.28 
1747830225.21,0,-157.68,-355.67,4.97,2.70,0.46,-157.68,-355.67,0.00,1.52,-4.27 
1747830225.62,0,-156.85,-357.44,3.78,6.28,0.66,-156.85,-357.44,0.00,1.58,-4.28 
1747830225.72,0,-156.57,-357.84,3.54,2.72,0.51,-156.57,-357.84,0.00,1.61,-4.27 
1747830225.82,0,-156.25,-358.25,4.02,2.54,0.51,-156.25,-358.25,0.00,1.65,-4.27 
1747830226.02,0,-155.79,-359.10,3.62,5.10,0.29,-155.79,-359.10,0.00,1.69,-4.27 
1747830226.12,0,-155.50,-359.55,3.50,4.88,0.27,-155.50,-359.55,0.00,1.72,-4.28 
1747830226.62,0,-154.45,-361.75,3.47,5.69,0.55,-154.45,-361.75,0.00,1.77,-4.29 
1747830226.92,0,-153.79,-363.09,2.97,4.80,0.28,-153.79,-363.09,0.00,1.81,-4.31 
1747830227.32,0,-152.95,-364.74,3.36,2.63,0.46,-152.95,-364.74,0.00,1.84,-4.29 
1747830227.42,0,-152.68,-365.15,2.82,2.56,0.45,-152.68,-365.15,0.00,1.86,-4.28 
1747830227.52,0,-152.42,-365.64,2.34,5.02,0.27,-152.42,-365.64,0.00,1.89,-4.30 
1747830227.72,0,-151.91,-366.52,3.35,4.93,0.48,-151.91,-366.52,0.00,1.92,-4.30 
1747830227.82,0,-151.62,-366.93,3.07,4.46,0.30,-151.62,-366.93,0.00,1.95,-4.30 
1747830227.92,0,-151.35,-367.36,3.24,3.56,0.16,-151.35,-367.36,0.00,1.97,-4.30 
1747830228.01,0,-151.06,-367.74,3.31,4.69,0.32,-151.06,-367.74,0.00,2.00,-4.29 
1747830228.32,0,-150.42,-369.05,2.11,4.76,0.30,-150.42,-369.05,0.00,2.01,-4.29 
1747830228.42,0,-150.21,-369.50,1.70,5.04,0.32,-150.21,-369.50,0.00,2.01,-4.30 
1747830228.52,0,-150.01,-369.91,1.82,3.75,0.43,-150.01,-369.91,0.00,2.01,-4.29 
1747830228.62,0,-149.86,-370.33,2.47,3.35,0.05,-149.86,-370.33,0.00,2.00,-4.29 
1747830228.72,0,-149.66,-370.87,2.23,5.94,0.28,-149.66,-370.87,0.00,2.00,-4.32 
1747830228.92,0,-149.21,-371.74,2.51,4.98,0.33,-149.21,-371.74,0.00,2.01,-4.32 
1747830229.21,0,-148.54,-373.03,2.83,4.90,0.43,-148.54,-373.03,0.00,2.03,-4.32 
1747830229.31,0,-148.32,-373.46,1.92,4.03,0.19,-148.32,-373.46,0.00,2.04,-4.32 
1747830229.41,0,-148.14,-373.86,3.23,2.70,1.15,-148.14,-373.86,0.00,2.03,-4.31 
1747830229.51,0,-147.93,-374.25,2.07,4.07,0.49,-147.93,-374.25,0.00,2.03,-4.30 
1747830229.62,0,-147.72,-374.69,1.61,4.77,0.35,-147.72,-374.69,0.00,2.03,-4.30 
1747830229.72,0,-147.51,-375.13,1.55,4.74,0.30,-147.51,-375.13,0.00,2.04,-4.31 
1747830229.92,0,-147.09,-376.00,1.92,4.72,0.35,-147.09,-376.00,0.00,2.04,-4.31 
1747830230.02,0,-146.90,-376.39,3.82,1.64,1.55,-146.90,-376.39,0.00,2.03,-4.30 
1747830230.12,0,-146.67,-376.83,2.25,4.67,0.17,-146.67,-376.83,0.00,2.04,-4.30 
1747830230.22,0,-146.47,-377.23,1.96,3.72,0.45,-146.47,-377.23,0.00,2.04,-4.29 
1747830230.32,0,-146.27,-377.70,1.91,5.10,0.30,-146.27,-377.70,0.00,2.04,-4.30 
1747830230.42,0,-146.06,-378.17,1.95,5.27,0.25,-146.06,-378.17,0.00,2.04,-4.31 
1747830230.52,0,-145.87,-378.65,2.35,5.25,0.37,-145.87,-378.65,0.00,2.04,-4.33 
1747830230.72,0,-145.55,-379.53,3.38,3.52,1.49,-145.55,-379.53,0.00,2.01,-4.33 
1747830230.82,0,-145.39,-379.99,2.95,3.27,0.46,-145.39,-379.99,0.00,2.00,-4.34 
1747830231.12,0,-144.88,-381.32,4.02,3.66,1.51,-144.88,-381.32,0.00,1.97,-4.35 
1747830231.52,0,-144.10,-383.05,1.58,3.73,0.35,-144.10,-383.05,0.00,1.97,-4.34 
1747830231.62,0,-143.91,-383.46,1.70,3.48,0.34,-143.91,-383.46,0.00,1.97,-4.34 
1747830231.71,0,-143.75,-383.81,1.72,4.37,0.35,-143.75,-383.81,0.00,1.96,-4.32 
1747830231.92,0,-143.42,-384.70,3.73,2.71,1.54,-143.42,-384.70,0.00,1.94,-4.32 
1747830232.02,0,-143.27,-385.17,3.71,2.69,1.10,-143.27,-385.17,0.00,1.93,-4.33 
1747830232.22,0,-142.91,-386.08,4.02,1.88,1.57,-142.91,-386.08,0.00,1.92,-4.34 
1747830232.71,0,-142.00,-388.14,1.77,7.71,0.49,-142.00,-388.14,0.00,1.91,-4.32 
1747830233.22,0,-141.06,-390.31,1.86,6.93,0.35,-141.06,-390.31,0.00,1.90,-4.32 
1747830233.42,0,-140.62,-391.31,1.65,6.52,0.33,-140.62,-391.31,0.00,1.92,-4.35 
1747830234.02,0,-139.42,-393.96,2.03,3.72,0.56,-139.42,-393.96,0.00,1.93,-4.37 
1747830234.12,0,-139.19,-394.42,2.03,3.68,0.55,-139.19,-394.42,0.00,1.94,-4.37 
1747830234.82,0,-137.73,-397.71,1.86,6.82,0.33,-137.73,-397.71,0.00,1.97,-4.43 
1747830235.12,0,-137.10,-399.04,1.97,6.37,0.37,-137.10,-399.04,0.00,1.98,-4.43 
1747830235.22,0,-136.84,-399.54,2.01,6.56,0.35,-136.84,-399.54,0.00,2.00,-4.45 
1747830235.52,0,-136.18,-400.93,1.99,3.93,0.53,-136.18,-400.93,0.00,2.02,-4.46 
1747830235.62,0,-135.99,-401.47,1.53,4.50,0.02,-135.99,-401.47,0.00,2.01,-4.49 
1747830235.72,0,-135.74,-401.95,1.96,3.70,0.55,-135.74,-401.95,0.00,2.03,-4.50 
1747830235.82,0,-135.55,-402.48,1.77,4.50,0.03,-135.55,-402.48,0.00,2.02,-4.52 
1747830236.12,0,-134.84,-403.91,2.28,4.53,1.41,-134.84,-403.91,0.00,2.05,-4.55 
1747830236.12,2,-155.91,-374.34,0.19,1.17,1.22,-155.91,-374.34,0.00,1.27,-3.35 
1747830236.42,0,-134.15,-405.37,2.33,5.89,0.34,-134.15,-405.37,0.00,2.08,-4.57 
1747830236.42,2,-155.53,-375.34,0.19,1.17,1.22,-155.53,-375.34,0.00,1.27,-3.35 
1747830237.22,0,-132.48,-408.98,2.93,7.06,0.33,-132.48,-408.98,0.00,2.08,-4.56 
1747830237.22,2,-154.51,-378.02,0.19,1.17,1.22,-154.51,-378.02,0.00,1.27,-3.35 
1747830237.42,0,-132.06,-409.84,3.15,7.15,0.29,-132.06,-409.84,0.00,2.08,-4.55 
1747830237.42,2,-154.26,-378.69,0.19,1.17,1.22,-154.26,-378.69,0.00,1.27,-3.35 
1747830237.52,0,-131.77,-410.28,2.72,3.51,0.60,-131.77,-410.28,0.00,2.10,-4.54 
1747830237.52,2,-154.13,-379.03,0.19,1.17,1.22,-154.13,-379.03,0.00,1.27,-3.35 
1747830237.52,3,-211.74,-484.19,0.95,0.50,0.17,-211.74,-484.19,0.00,-0.17,-0.14 
1747830237.62,0,-131.49,-410.76,2.70,3.84,0.92,-131.49,-410.76,0.00,2.12,-4.55 
1747830237.62,2,-154.01,-379.36,0.19,1.17,1.22,-154.01,-379.36,0.00,1.27,-3.35 
1747830237.62,3,-211.78,-484.21,1.69,0.36,0.06,-211.78,-484.21,0.00,-0.17,-0.14 
1747830238.22,0,-130.31,-413.39,2.69,4.97,0.90,-130.31,-413.39,0.00,2.10,-4.52 
1747830238.22,2,-153.25,-381.37,0.19,1.17,1.22,-153.25,-381.37,0.00,1.27,-3.35 
1747830238.22,3,-211.84,-484.33,1.53,0.70,1.34,-211.84,-484.33,0.00,-0.16,-0.16 
1747830238.32,0,-130.11,-413.81,2.73,7.60,0.91,-130.11,-413.81,0.00,2.09,-4.51 
1747830238.32,2,-153.12,-381.71,0.19,1.17,1.22,-153.12,-381.71,0.00,1.27,-3.35 
1747830238.32,3,-211.85,-484.37,1.01,2.06,1.30,-211.85,-484.37,0.00,-0.16,-0.16 
1747830238.42,0,-129.88,-414.34,4.01,7.25,0.84,-129.88,-414.34,0.00,2.10,-4.54 
1747830238.42,2,-152.99,-382.04,0.19,1.17,1.22,-152.99,-382.04,0.00,1.27,-3.35 
1747830238.42,3,-211.90,-484.38,1.76,0.49,0.26,-211.90,-484.38,0.00,-0.17,-0.16 
1747830238.62,0,-129.40,-415.40,3.23,6.58,0.32,-129.40,-415.40,0.00,2.12,-4.58 
1747830238.62,2,-152.74,-382.71,0.19,1.17,1.22,-152.74,-382.71,0.00,1.27,-3.35 
1747830238.62,3,-211.97,-484.38,1.47,0.61,0.16,-211.97,-484.38,0.00,-0.18,-0.15 
1747830238.72,0,-129.16,-415.85,3.20,6.50,0.35,-129.16,-415.85,0.00,2.12,-4.58 
1747830238.72,2,-152.61,-383.05,0.19,1.17,1.22,-152.61,-383.05,0.00,1.27,-3.35 
1747830238.72,3,-211.97,-484.39,0.70,2.21,1.43,-211.97,-484.39,0.00,-0.17,-0.15 
1747830239.11,0,-128.24,-417.67,3.16,6.91,0.88,-128.24,-417.67,0.00,2.15,-4.57 
1747830239.11,3,-212.04,-484.46,1.91,0.41,0.03,-212.04,-484.46,0.00,-0.17,-0.15 
1747830239.21,0,-128.01,-418.10,3.03,7.26,0.99,-128.01,-418.10,0.00,2.15,-4.56 
1747830239.21,3,-212.02,-484.50,0.70,2.14,1.54,-212.02,-484.50,0.00,-0.16,-0.16 
1747830239.41,0,-127.64,-418.91,3.08,7.67,0.92,-127.64,-418.91,0.00,2.13,-4.53 
1747830239.41,3,-211.98,-484.60,0.84,2.25,0.62,-211.98,-484.60,0.00,-0.14,-0.18 
1747830239.61,0,-127.27,-419.72,3.08,7.77,0.92,-127.27,-419.72,0.00,2.12,-4.51 
1747830239.61,3,-211.95,-484.63,0.61,2.41,1.17,-211.95,-484.63,0.00,-0.12,-0.18 
1747830239.72,0,-126.95,-420.24,3.75,3.77,1.36,-126.95,-420.24,0.00,2.15,-4.53 
1747830239.72,3,-211.96,-484.63,0.53,1.38,1.36,-211.96,-484.63,0.00,-0.12,-0.17 
1747830240.12,0,-125.95,-422.08,3.27,7.67,0.53,-125.95,-422.08,0.00,2.19,-4.53 
1747830240.12,3,-212.01,-484.69,0.47,1.66,1.45,-212.01,-484.69,0.00,-0.12,-0.17 
1747830240.52,0,-124.93,-423.91,2.91,7.40,0.50,-124.93,-423.91,0.00,2.23,-4.54 
1747830240.52,3,-212.03,-484.77,0.72,2.08,1.04,-212.03,-484.77,0.00,-0.11,-0.17 
1747830240.72,0,-124.38,-424.86,2.87,7.56,0.77,-124.38,-424.86,0.00,2.26,-4.55 
1747830240.72,3,-212.06,-484.78,0.80,1.94,1.33,-212.06,-484.78,0.00,-0.12,-0.17 
1747830240.92,0,-123.83,-425.78,2.73,7.37,0.56,-123.83,-425.78,0.00,2.29,-4.55 
1747830240.92,3,-212.09,-484.80,0.55,1.78,1.39,-212.09,-484.80,0.00,-0.12,-0.16 
1747830241.02,0,-123.61,-426.23,2.56,5.02,0.94,-123.61,-426.23,0.00,2.29,-4.55 
1747830241.02,3,-212.08,-484.84,0.69,2.52,1.24,-212.08,-484.84,0.00,-0.11,-0.17 
1747830241.31,0,-122.86,-427.62,2.88,7.22,0.90,-122.86,-427.62,0.00,2.31,-4.56 
1747830241.41,0,-122.56,-428.10,3.21,7.33,0.97,-122.56,-428.10,0.00,2.33,-4.57 
1747830241.51,0,-122.25,-428.56,5.60,5.12,1.51,-122.25,-428.56,0.00,2.35,-4.57 
1747830241.61,0,-121.98,-429.07,3.18,7.41,0.85,-121.98,-429.07,0.00,2.36,-4.58 
1747830242.52,0,-119.87,-433.18,2.62,4.99,0.93,-119.87,-433.18,0.00,2.35,-4.58 
1747830242.92,0,-118.75,-435.17,3.09,6.89,1.02,-118.75,-435.17,0.00,2.40,-4.62 
1747830243.02,0,-118.43,-435.76,2.27,4.80,0.07,-118.43,-435.76,0.00,2.43,-4.66 
1747830243.02,3,-212.11,-485.26,0.68,2.30,1.24,-212.11,-485.26,0.00,-0.07,-0.19 
1747830243.31,0,-117.62,-437.24,3.23,3.70,1.12,-117.62,-437.24,0.00,2.45,-4.68 
1747830243.31,3,-212.11,-485.32,0.49,1.86,1.12,-212.11,-485.32,0.00,-0.06,-0.19 
1747830243.62,0,-116.73,-438.78,3.21,6.57,1.02,-116.73,-438.78,0.00,2.49,-4.72 
1747830243.62,3,-212.13,-485.39,0.66,1.92,1.26,-212.13,-485.39,0.00,-0.06,-0.19 
1747830243.82,0,-116.19,-439.81,2.75,4.42,0.16,-116.19,-439.81,0.00,2.51,-4.75 
1747830243.82,3,-212.11,-485.43,0.96,2.21,1.19,-212.11,-485.43,0.00,-0.06,-0.19 
1747830244.71,0,-113.96,-444.16,3.70,2.73,1.30,-113.96,-444.16,0.00,2.50,-4.77 
1747830244.81,0,-113.80,-444.70,3.84,3.62,1.40,-113.80,-444.70,0.00,2.48,-4.78 
1747830244.81,3,-212.13,-485.65,0.46,2.23,0.84,-212.13,-485.65,0.00,-0.04,-0.20 
1747830244.91,0,-113.57,-445.33,3.65,5.86,0.33,-113.57,-445.33,0.00,2.47,-4.83 
1747830244.91,3,-212.14,-485.67,0.52,1.78,1.15,-212.14,-485.67,0.00,-0.05,-0.20 
1747830245.11,0,-112.93,-446.39,2.77,6.28,0.90,-112.93,-446.39,0.00,2.51,-4.85 
1747830245.11,3,-212.16,-485.72,0.57,1.70,1.20,-212.16,-485.72,0.00,-0.05,-0.21 
1747830245.31,0,-112.36,-447.47,2.39,5.98,0.30,-112.36,-447.47,0.00,2.53,-4.88 
1747830245.31,3,-212.17,-485.79,0.69,1.75,1.18,-212.17,-485.79,0.00,-0.05,-0.21 
1747830245.41,0,-112.07,-447.94,2.17,3.38,0.55,-112.07,-447.94,0.00,2.54,-4.88 
1747830245.41,3,-212.16,-485.84,0.90,2.56,1.16,-212.16,-485.84,0.00,-0.05,-0.22 
1747830245.51,0,-111.75,-448.49,2.07,5.61,0.55,-111.75,-448.49,0.00,2.56,-4.90 
1747830245.51,3,-212.13,-485.94,1.79,1.92,1.11,-212.13,-485.94,0.00,-0.03,-0.24 
1747830245.71,0,-111.19,-449.51,3.41,4.50,1.20,-111.19,-449.51,0.00,2.58,-4.91 
1747830245.71,3,-212.09,-486.01,0.42,1.74,0.73,-212.09,-486.01,0.00,-0.02,-0.25 
1747830246.01,0,-110.41,-450.97,1.85,3.43,0.55,-110.41,-450.97,0.00,2.58,-4.91 
1747830246.01,3,-212.11,-486.07,0.61,2.10,0.88,-212.11,-486.07,0.00,-0.03,-0.25 
1747830246.11,0,-110.18,-451.51,2.07,3.79,0.26,-110.18,-451.51,0.00,2.57,-4.92 
1747830246.11,3,-212.14,-486.07,0.50,1.97,1.01,-212.14,-486.07,0.00,-0.03,-0.24 
1747830246.21,0,-109.96,-452.07,2.39,4.07,0.29,-109.96,-452.07,0.00,2.56,-4.94 
1747830246.21,3,-212.13,-486.08,0.39,1.47,0.78,-212.13,-486.08,0.00,-0.03,-0.24 
1747830246.51,0,-109.15,-453.60,2.98,4.80,1.03,-109.15,-453.60,0.00,2.57,-4.96 
1747830246.51,3,-212.11,-486.18,0.34,1.89,0.60,-212.11,-486.18,0.00,-0.02,-0.24 
1747830246.61,0,-108.85,-454.12,2.55,4.72,0.87,-108.85,-454.12,0.00,2.58,-4.96 
1747830246.61,3,-212.10,-486.19,0.37,1.18,0.66,-212.10,-486.19,0.00,-0.02,-0.24 
1747830246.71,0,-108.60,-454.67,1.92,4.53,0.30,-108.60,-454.67,0.00,2.58,-4.98 
1747830246.71,3,-212.09,-486.22,0.32,1.68,0.62,-212.09,-486.22,0.00,-0.01,-0.24 
1747830246.91,0,-108.06,-455.68,2.45,4.73,0.87,-108.06,-455.68,0.00,2.59,-4.98 
1747830246.91,3,-212.09,-486.27,0.32,1.49,0.55,-212.09,-486.27,0.00,-0.01,-0.24 
1747830247.31,0,-107.02,-457.67,3.08,3.66,1.12,-107.02,-457.67,0.00,2.59,-4.98 
1747830247.31,3,-212.09,-486.36,0.27,1.26,0.58,-212.09,-486.36,0.00,-0.01,-0.24 
1747830247.61,0,-106.23,-459.23,3.90,3.99,0.92,-106.23,-459.23,0.00,2.59,-5.00 
1747830247.61,3,-212.08,-486.47,0.18,1.67,0.35,-212.08,-486.47,0.00,-0.01,-0.25 
1747830247.81,0,-105.72,-460.24,3.42,3.36,1.20,-105.72,-460.24,0.00,2.59,-5.01 
1747830247.81,3,-212.06,-486.54,0.15,1.49,0.52,-212.06,-486.54,0.00,-0.00,-0.26 
1747830247.91,0,-105.45,-460.76,2.95,3.55,0.97,-105.45,-460.76,0.00,2.60,-5.01 
1747830247.91,3,-212.07,-486.52,0.20,1.51,0.62,-212.07,-486.52,0.00,-0.00,-0.24 
1747830248.01,0,-105.27,-461.30,4.02,4.37,0.23,-105.27,-461.30,0.00,2.57,-5.02 
1747830248.01,3,-212.08,-486.54,0.23,1.65,0.71,-212.08,-486.54,0.00,-0.01,-0.24 
1747830249.01,0,-102.71,-466.40,3.55,3.57,0.94,-102.71,-466.40,0.00,2.57,-5.04 
1747830249.01,3,-212.11,-486.75,0.41,1.74,0.55,-212.11,-486.75,0.00,-0.01,-0.24 
1747830249.41,0,-101.77,-468.50,2.59,4.29,0.30,-101.77,-468.50,0.00,2.55,-5.07 
1747830249.41,3,-212.13,-486.85,0.19,0.86,0.42,-212.13,-486.85,0.00,-0.02,-0.24 
1747830249.51,0,-101.59,-469.04,2.50,3.94,0.22,-101.59,-469.04,0.00,2.52,-5.08 
1747830249.51,3,-212.15,-486.86,0.23,1.36,0.45,-212.15,-486.86,0.00,-0.02,-0.23 
1747830249.61,0,-101.39,-469.59,2.28,4.04,0.40,-101.39,-469.59,0.00,2.51,-5.09 
1747830249.61,3,-212.16,-486.90,0.18,0.95,0.43,-212.16,-486.90,0.00,-0.02,-0.24 
1747830249.71,0,-101.20,-470.13,2.38,3.91,0.31,-101.20,-470.13,0.00,2.49,-5.10 
1747830249.71,3,-212.19,-486.92,0.24,0.97,1.30,-212.19,-486.92,0.00,-0.03,-0.23 
1747830250.01,0,-100.51,-471.71,2.25,3.89,0.31,-100.51,-471.71,0.00,2.48,-5.11 
1747830250.01,3,-212.23,-486.97,0.25,1.15,0.53,-212.23,-486.97,0.00,-0.04,-0.23 
1747830250.11,0,-100.33,-472.23,2.34,3.27,0.28,-100.33,-472.23,0.00,2.45,-5.11 
1747830250.11,3,-212.25,-486.96,0.25,1.95,0.37,-212.25,-486.96,0.00,-0.05,-0.22 
1747830250.21,0,-100.14,-472.74,2.29,4.71,0.32,-100.14,-472.74,0.00,2.44,-5.11 
1747830250.21,3,-212.29,-486.97,0.39,1.85,1.38,-212.29,-486.97,0.00,-0.06,-0.22 
1747830250.41,0,-99.67,-473.80,1.93,4.05,0.25,-99.67,-473.80,0.00,2.43,-5.13 
1747830250.41,3,-212.32,-487.00,0.45,1.79,0.49,-212.32,-487.00,0.00,-0.06,-0.21 
1747830250.91,0,-98.51,-476.33,3.50,4.35,1.15,-98.51,-476.33,0.00,2.42,-5.11 
1747830250.91,3,-212.40,-487.07,0.39,2.24,0.79,-212.40,-487.07,0.00,-0.08,-0.20 
1747830251.11,0,-98.07,-477.41,2.14,3.76,0.31,-98.07,-477.41,0.00,2.40,-5.13 
1747830251.11,3,-212.45,-487.08,0.29,1.70,0.66,-212.45,-487.08,0.00,-0.09,-0.19 
1747830251.41,0,-97.55,-478.98,2.67,3.90,0.24,-97.55,-478.98,0.00,2.34,-5.14 
1747830251.41,3,-212.48,-487.11,0.11,1.41,0.37,-212.48,-487.11,0.00,-0.09,-0.18 
1747830251.51,0,-97.34,-479.56,2.07,3.84,0.24,-97.34,-479.56,0.00,2.33,-5.16 
1747830251.51,3,-212.50,-487.12,0.24,1.04,0.25,-212.50,-487.12,0.00,-0.09,-0.18 
1747830251.61,0,-97.15,-480.12,2.42,4.08,0.22,-97.15,-480.12,0.00,2.32,-5.17 
1747830251.61,3,-212.54,-487.11,0.28,1.11,0.06,-212.54,-487.11,0.00,-0.10,-0.17 
1747830251.71,0,-96.94,-480.68,1.90,3.67,0.23,-96.94,-480.68,0.00,2.31,-5.19 
1747830251.91,0,-96.50,-481.76,1.86,3.56,0.21,-96.50,-481.76,0.00,2.31,-5.20 
1747830252.01,0,-96.29,-482.33,1.85,3.70,0.23,-96.29,-482.33,0.00,2.30,-5.21 
1747830252.21,0,-96.02,-483.29,2.17,4.00,1.48,-96.02,-483.29,0.00,2.25,-5.19 
1747830252.61,0,-95.17,-485.35,2.18,4.71,0.24,-95.17,-485.35,0.00,2.23,-5.18 
1747830252.71,0,-94.99,-485.86,1.40,2.18,0.03,-94.99,-485.86,0.00,2.22,-5.18 
1747830253.21,0,-93.90,-488.50,1.46,3.59,0.30,-93.90,-488.50,0.00,2.21,-5.20 
1747830253.81,0,-92.59,-491.64,1.63,4.03,0.23,-92.59,-491.64,0.00,2.21,-5.20 
1747830253.91,0,-92.45,-492.11,2.93,2.40,1.23,-92.45,-492.11,0.00,2.19,-5.19 
1747830253.91,3,-212.93,-487.39,0.38,1.71,0.02,-212.93,-487.39,0.00,-0.13,-0.15 
1747830254.01,0,-92.24,-492.68,1.61,3.75,0.32,-92.24,-492.68,0.00,2.18,-5.20 
1747830254.01,3,-212.95,-487.39,0.38,1.84,0.55,-212.95,-487.39,0.00,-0.14,-0.15 
1747830254.11,0,-92.04,-493.26,1.63,3.49,0.47,-92.04,-493.26,0.00,2.18,-5.22 
1747830254.11,3,-212.95,-487.41,0.23,1.30,0.19,-212.95,-487.41,0.00,-0.13,-0.15 
1747830254.21,0,-91.85,-493.86,1.68,3.52,0.62,-91.85,-493.86,0.00,2.17,-5.24 
1747830254.21,3,-212.96,-487.45,0.14,1.18,0.20,-212.96,-487.45,0.00,-0.13,-0.16 
1747830254.41,0,-91.63,-494.69,1.83,3.98,0.52,-91.63,-494.69,0.00,2.11,-5.18 
1747830254.41,3,-212.98,-487.47,0.13,1.01,0.29,-212.98,-487.47,0.00,-0.13,-0.15 
1747830254.71,0,-91.01,-496.25,1.76,3.97,0.25,-91.01,-496.25,0.00,2.11,-5.18 
1747830254.71,3,-213.03,-487.50,0.15,1.08,0.27,-213.03,-487.50,0.00,-0.13,-0.15 
1747830254.81,0,-90.81,-496.80,1.80,4.15,0.22,-90.81,-496.80,0.00,2.10,-5.19 
1747830254.81,3,-213.04,-487.57,0.40,0.98,1.34,-213.04,-487.57,0.00,-0.13,-0.16 
1747830254.91,0,-90.59,-497.44,1.82,3.57,0.64,-90.59,-497.44,0.00,2.10,-5.22 
1747830254.91,3,-213.06,-487.58,1.29,0.23,1.34,-213.06,-487.58,0.00,-0.13,-0.16 
1747830255.21,0,-89.98,-499.06,1.77,3.82,0.35,-89.98,-499.06,0.00,2.10,-5.24 
1747830255.21,3,-213.09,-487.62,0.19,1.12,0.10,-213.09,-487.62,0.00,-0.13,-0.16 
1747830255.41,0,-89.59,-500.16,1.83,3.66,0.34,-89.59,-500.16,0.00,2.09,-5.26 
1747830255.41,3,-213.12,-487.65,0.13,1.29,0.08,-213.12,-487.65,0.00,-0.13,-0.16 
1747830255.61,0,-89.19,-501.25,1.71,3.63,0.35,-89.19,-501.25,0.00,2.08,-5.27 
1747830255.61,3,-213.13,-487.71,0.17,1.33,0.68,-213.13,-487.71,0.00,-0.13,-0.17 
1747830255.81,0,-88.80,-502.35,1.69,3.40,0.44,-88.80,-502.35,0.00,2.08,-5.28 
1747830255.81,3,-213.16,-487.73,0.13,1.13,0.17,-213.16,-487.73,0.00,-0.13,-0.16 
1747830256.21,0,-88.03,-504.53,2.14,3.29,0.47,-88.03,-504.53,0.00,2.06,-5.30 
1747830256.31,0,-87.87,-505.08,1.94,3.16,0.33,-87.87,-505.08,0.00,2.05,-5.31 
1747830256.31,3,-213.24,-487.77,0.39,1.41,1.40,-213.24,-487.77,0.00,-0.13,-0.15 
1747830256.61,0,-87.33,-506.70,1.83,3.16,0.18,-87.33,-506.70,0.00,2.03,-5.31 
1747830256.91,0,-86.78,-508.30,1.79,3.30,0.30,-86.78,-508.30,0.00,2.01,-5.32 
1747830257.01,0,-86.63,-508.87,1.86,3.05,0.41,-86.63,-508.87,0.00,1.99,-5.33 
1747830257.11,0,-86.60,-509.19,2.16,3.28,1.23,-86.60,-509.19,0.00,1.95,-5.27 
1747830257.31,0,-86.28,-510.22,1.45,2.56,0.09,-86.28,-510.22,0.00,1.93,-5.26 
1747830257.41,0,-86.17,-510.68,1.85,2.63,1.44,-86.17,-510.68,0.00,1.90,-5.24 
1747830257.51,0,-86.11,-511.02,2.17,2.79,1.37,-86.11,-511.02,0.00,1.87,-5.19 
1747830257.81,0,-85.59,-512.58,1.12,2.33,0.09,-85.59,-512.58,0.00,1.86,-5.19 
1747830258.01,0,-85.26,-513.65,1.04,2.48,0.04,-85.26,-513.65,0.00,1.85,-5.20 
1747830258.11,0,-85.11,-514.17,1.22,2.70,0.14,-85.11,-514.17,0.00,1.84,-5.20 
1747830258.21,0,-84.91,-514.83,1.37,2.98,0.63,-84.91,-514.83,0.00,1.84,-5.24 
1747830258.51,0,-84.40,-516.41,1.23,2.35,0.02,-84.40,-516.41,0.00,1.83,-5.24 
1747830258.61,0,-84.21,-516.99,1.37,4.18,0.34,-84.21,-516.99,0.00,1.83,-5.26 
1747830258.91,0,-83.67,-518.62,1.25,3.79,0.26,-83.67,-518.62,0.00,1.83,-5.27 
1747830259.01,0,-83.48,-519.26,1.75,3.68,0.56,-83.48,-519.26,0.00,1.83,-5.30 
1747830259.11,0,-83.31,-519.83,1.40,3.64,0.34,-83.31,-519.83,0.00,1.83,-5.31 
1747830259.41,0,-82.77,-521.49,1.61,3.95,0.44,-82.77,-521.49,0.00,1.82,-5.33 
1747830259.71,0,-82.22,-523.20,1.71,3.42,0.61,-82.22,-523.20,0.00,1.83,-5.36 
1747830260.21,0,-81.34,-525.93,1.62,3.59,0.38,-81.34,-525.93,0.00,1.82,-5.37 
1747830260.31,0,-81.18,-526.49,1.76,3.54,0.19,-81.18,-526.49,0.00,1.81,-5.38 
1747830260.61,0,-80.63,-528.19,1.27,2.79,0.64,-80.63,-528.19,0.00,1.81,-5.41 
1747830260.81,0,-80.28,-529.36,1.68,2.68,0.66,-80.28,-529.36,0.00,1.81,-5.43 
1747830261.01,0,-79.96,-530.44,1.44,3.50,0.38,-79.96,-530.44,0.00,1.80,-5.43 
1747830261.11,0,-79.81,-530.97,1.46,3.64,0.36,-79.81,-530.97,0.00,1.79,-5.42 
1747830261.21,0,-79.62,-531.56,0.75,2.52,0.48,-79.62,-531.56,0.00,1.79,-5.44 
1747830261.31,0,-79.44,-532.07,0.86,2.68,0.36,-79.44,-532.07,0.00,1.79,-5.43 
1747830261.61,0,-78.95,-533.77,0.98,2.92,0.40,-78.95,-533.77,0.00,1.78,-5.45 
1747830261.71,0,-78.79,-534.28,1.11,3.95,0.31,-78.79,-534.28,0.00,1.77,-5.44 
1747830261.81,0,-78.63,-534.87,1.40,2.23,0.55,-78.63,-534.87,0.00,1.77,-5.45 
1747830261.91,0,-78.46,-535.41,0.64,1.70,0.55,-78.46,-535.41,0.00,1.77,-5.45 
1747830262.21,0,-77.92,-537.07,0.57,2.07,0.47,-77.92,-537.07,0.00,1.77,-5.46 
1747830262.31,0,-77.76,-537.63,1.09,1.80,0.65,-77.76,-537.63,0.00,1.77,-5.46 
1747830262.41,0,-77.60,-538.13,0.66,4.01,0.41,-77.60,-538.13,0.00,1.76,-5.45 
1747830262.51,0,-77.48,-538.56,0.84,4.06,0.07,-77.48,-538.56,0.00,1.74,-5.41 
1747830262.61,0,-77.34,-539.08,1.37,3.48,0.38,-77.34,-539.08,0.00,1.73,-5.41 
1747830262.91,0,-76.86,-540.68,1.27,3.60,0.47,-76.86,-540.68,0.00,1.72,-5.40 
1747830263.51,0,-75.85,-543.94,1.21,2.07,0.64,-75.85,-543.94,0.00,1.72,-5.41 
1747830263.61,0,-75.70,-544.51,1.35,1.98,0.65,-75.70,-544.51,0.00,1.71,-5.42 
1747830263.71,0,-75.58,-545.01,1.04,3.69,0.60,-75.58,-545.01,0.00,1.70,-5.41 
1747830263.81,0,-75.63,-545.33,1.15,3.98,1.08,-75.63,-545.33,0.00,1.64,-5.34 
1747830263.91,0,-75.48,-545.83,1.04,3.69,0.28,-75.48,-545.83,0.00,1.63,-5.33 
1747830264.11,0,-75.15,-546.94,1.05,2.43,0.65,-75.15,-546.94,0.00,1.63,-5.35 
1747830264.51,0,-74.49,-549.02,1.32,3.79,0.40,-74.49,-549.02,0.00,1.63,-5.33 
1747830265.21,0,-73.34,-552.72,1.10,2.98,0.60,-73.34,-552.72,0.00,1.64,-5.32 
1747830265.41,0,-73.00,-553.72,1.35,3.63,0.37,-73.00,-553.72,0.00,1.64,-5.30 
1747830265.51,0,-72.82,-554.17,1.42,4.16,0.33,-72.82,-554.17,0.00,1.64,-5.28 
1747830265.61,0,-72.63,-554.66,1.06,3.03,0.58,-72.63,-554.66,0.00,1.65,-5.27 
1747830266.01,0,-71.92,-556.71,1.79,3.28,0.39,-71.92,-556.71,0.00,1.67,-5.25 
1747830266.41,0,-71.22,-558.76,1.48,3.40,0.40,-71.22,-558.76,0.00,1.68,-5.24 
1747830266.51,0,-71.02,-559.22,1.57,3.89,0.38,-71.02,-559.22,0.00,1.69,-5.22 
1747830266.81,0,-70.48,-560.72,1.52,3.49,0.45,-70.48,-560.72,0.00,1.70,-5.20 
1747830266.91,0,-70.34,-561.09,0.61,3.82,0.10,-70.34,-561.09,0.00,1.69,-5.16 
1747830267.21,0,-69.83,-562.63,0.49,1.66,0.10,-69.83,-562.63,0.00,1.69,-5.16 
1747830267.31,0,-69.67,-563.02,0.51,1.98,0.22,-69.67,-563.02,0.00,1.68,-5.12 
1747830267.61,0,-69.18,-564.44,0.57,2.19,0.18,-69.18,-564.44,0.00,1.68,-5.09 
1747830267.71,0,-69.00,-564.84,0.68,2.33,0.32,-69.00,-564.84,0.00,1.68,-5.06 
1747830268.01,0,-68.43,-566.38,0.76,2.58,0.69,-68.43,-566.38,0.00,1.70,-5.06 
1747830268.11,0,-68.18,-566.86,0.94,2.69,0.45,-68.18,-566.86,0.00,1.73,-5.05 
1747830268.51,0,-67.42,-568.85,1.16,2.77,0.42,-67.42,-568.85,0.00,1.74,-5.05 
1747830268.71,0,-66.99,-569.85,1.25,3.29,0.64,-66.99,-569.85,0.00,1.77,-5.04 
1747830269.01,0,-66.33,-571.42,1.16,3.47,0.79,-66.33,-571.42,0.00,1.80,-5.06 
1747830269.11,0,-66.04,-571.95,1.32,2.94,0.66,-66.04,-571.95,0.00,1.83,-5.07 
1747830269.21,0,-65.78,-572.49,1.00,3.11,0.76,-65.78,-572.49,0.00,1.85,-5.08 
1747830269.41,0,-65.37,-573.47,1.67,3.30,0.44,-65.37,-573.47,0.00,1.87,-5.06 
1747830269.81,0,-64.54,-575.43,2.19,3.03,0.53,-64.54,-575.43,0.00,1.89,-5.05 
1747830270.11,0,-63.87,-576.94,1.55,2.60,0.72,-63.87,-576.94,0.00,1.92,-5.04 
1747830270.21,0,-63.61,-577.39,1.93,3.37,0.54,-63.61,-577.39,0.00,1.94,-5.03 
1747830270.31,0,-63.44,-577.75,0.53,3.62,0.18,-63.44,-577.75,0.00,1.93,-4.99 
1747830270.41,0,-63.19,-578.23,0.73,3.57,0.50,-63.19,-578.23,0.00,1.94,-4.99 
1747830271.11,0,-61.73,-581.70,1.69,2.43,0.63,-61.73,-581.70,0.00,1.97,-4.98 
1747830271.11,4,-131.07,-583.35,0.70,1.38,0.48,-131.07,-583.35,0.00,-0.20,-0.00 
1747830271.61,0,-60.68,-584.07,1.83,2.78,0.41,-60.68,-584.07,0.00,1.99,-4.95 
1747830271.61,4,-131.18,-583.38,0.59,1.64,0.19,-131.18,-583.38,0.00,-0.20,-0.01 
1747830272.51,0,-58.79,-588.28,1.98,3.16,0.44,-58.79,-588.28,0.00,2.01,-4.89 
1747830272.51,4,-131.36,-583.43,0.51,1.05,0.31,-131.36,-583.43,0.00,-0.20,-0.02 
1747830273.01,0,-57.81,-590.41,0.80,3.63,0.21,-57.81,-590.41,0.00,2.01,-4.80 
1747830273.01,4,-131.48,-583.51,0.57,1.17,0.25,-131.48,-583.51,0.00,-0.21,-0.04 
1747830273.11,0,-57.52,-590.77,1.03,3.63,0.53,-57.52,-590.77,0.00,2.03,-4.77 
1747830273.11,4,-131.52,-583.53,0.62,1.43,0.26,-131.52,-583.53,0.00,-0.21,-0.05 
1747830273.21,0,-57.25,-591.18,1.67,3.49,0.53,-57.25,-591.18,0.00,2.05,-4.75 
1747830273.21,4,-131.54,-583.57,0.42,1.43,0.05,-131.54,-583.57,0.00,-0.21,-0.05 
1747830273.31,0,-57.00,-591.56,2.23,3.87,0.44,-57.00,-591.56,0.00,2.06,-4.72 
1747830273.31,4,-131.55,-583.58,0.39,0.86,0.06,-131.55,-583.58,0.00,-0.21,-0.06 
1747830273.41,0,-56.81,-591.89,1.08,2.91,0.51,-56.81,-591.89,0.00,2.06,-4.68 
1747830273.41,4,-131.56,-583.61,0.44,1.19,0.07,-131.56,-583.61,0.00,-0.21,-0.06 
1747830273.71,0,-56.20,-593.27,1.02,3.05,0.73,-56.20,-593.27,0.00,2.06,-4.67 
1747830273.71,4,-131.61,-583.63,1.08,0.48,1.55,-131.61,-583.63,0.00,-0.20,-0.06 
1747830274.01,0,-55.53,-594.63,1.40,3.50,0.51,-55.53,-594.63,0.00,2.07,-4.66 
1747830274.01,4,-131.68,-583.69,0.55,1.64,0.09,-131.68,-583.69,0.00,-0.20,-0.08 
1747830274.11,0,-55.40,-594.96,1.13,3.25,0.15,-55.40,-594.96,0.00,2.05,-4.62 
1747830274.11,4,-131.70,-583.71,0.38,1.20,0.05,-131.70,-583.71,0.00,-0.20,-0.08 
1747830274.21,0,-55.24,-595.34,1.10,2.56,0.13,-55.24,-595.34,0.00,2.03,-4.60 
1747830274.21,4,-131.72,-583.73,0.41,1.47,0.01,-131.72,-583.73,0.00,-0.20,-0.08 
1747830274.91,0,-53.82,-598.50,1.26,2.79,0.44,-53.82,-598.50,0.00,2.03,-4.58 
1747830274.91,4,-131.85,-583.79,1.15,0.46,1.47,-131.85,-583.79,0.00,-0.20,-0.08 
1747830275.71,0,-52.32,-601.96,1.25,3.13,0.15,-52.32,-601.96,0.00,2.00,-4.52 
1747830275.71,4,-132.02,-583.89,1.48,0.42,1.42,-132.02,-583.89,0.00,-0.20,-0.09 
1747830275.91,0,-52.03,-602.73,1.27,2.85,0.15,-52.03,-602.73,0.00,1.97,-4.49 
1747830275.91,4,-132.06,-583.92,1.19,0.41,1.35,-132.06,-583.92,0.00,-0.20,-0.10 
1747830276.31,0,-51.25,-604.53,0.48,1.57,0.15,-51.25,-604.53,0.00,1.97,-4.49 
1747830276.31,4,-132.13,-583.97,1.24,0.42,1.34,-132.13,-583.97,0.00,-0.20,-0.10 
1747830276.51,0,-50.91,-605.44,0.54,0.41,1.25,-50.91,-605.44,0.00,1.95,-4.49 
1747830276.51,4,-132.16,-583.98,0.46,0.94,0.06,-132.16,-583.98,0.00,-0.20,-0.10 
1747830276.71,0,-50.59,-606.24,0.51,0.66,0.46,-50.59,-606.24,0.00,1.93,-4.46 
1747830276.71,4,-132.19,-584.03,1.39,0.37,1.41,-132.19,-584.03,0.00,-0.20,-0.10 
1747830277.21,0,-49.64,-608.54,0.87,0.25,1.55,-49.64,-608.54,0.00,1.93,-4.48 
1747830277.21,4,-132.28,-584.12,1.00,0.39,1.36,-132.28,-584.12,0.00,-0.19,-0.12 
1747830277.71,0,-48.70,-610.65,0.87,0.36,0.42,-48.70,-610.65,0.00,1.92,-4.45 
1747830277.71,4,-132.36,-584.19,0.79,0.32,1.45,-132.36,-584.19,0.00,-0.19,-0.12 
1747830277.81,0,-48.55,-611.04,0.97,0.41,1.56,-48.55,-611.04,0.00,1.91,-4.43 
1747830277.81,4,-132.36,-584.27,0.24,1.10,0.03,-132.36,-584.27,0.00,-0.18,-0.14 
1747830277.91,0,-48.36,-611.44,0.94,0.61,0.51,-48.36,-611.44,0.00,1.91,-4.42 
1747830277.91,4,-132.38,-584.31,1.11,0.21,1.36,-132.38,-584.31,0.00,-0.18,-0.14 
1747830278.01,0,-48.19,-611.88,0.89,0.85,0.19,-48.19,-611.88,0.00,1.90,-4.42 
1747830278.01,4,-132.39,-584.32,0.69,0.23,1.10,-132.39,-584.32,0.00,-0.18,-0.14 
1747830278.31,0,-47.57,-613.25,0.92,1.08,0.49,-47.57,-613.25,0.00,1.92,-4.43 
1747830278.31,4,-132.44,-584.38,1.05,0.23,1.37,-132.44,-584.38,0.00,-0.18,-0.15 
1747830278.81,0,-46.53,-615.56,0.93,1.45,0.53,-46.53,-615.56,0.00,1.94,-4.46 
1747830278.81,4,-132.52,-584.46,0.89,0.30,1.43,-132.52,-584.46,0.00,-0.18,-0.15 
1747830279.01,0,-46.14,-616.47,0.23,1.46,0.44,-46.14,-616.47,0.00,1.94,-4.46 
1747830279.01,4,-132.53,-584.54,1.00,0.33,1.29,-132.53,-584.54,0.00,-0.17,-0.17 
1747830279.31,0,-45.50,-617.85,0.27,1.54,0.50,-45.50,-617.85,0.00,1.95,-4.47 
1747830279.31,4,-132.60,-584.59,0.67,0.28,1.18,-132.60,-584.59,0.00,-0.17,-0.16 
1747830279.41,0,-45.30,-618.31,0.50,1.57,0.51,-45.30,-618.31,0.00,1.96,-4.48 
1747830279.41,4,-132.58,-584.62,0.74,0.47,1.29,-132.58,-584.62,0.00,-0.17,-0.17 
1747830279.81,0,-44.44,-620.20,0.53,1.86,0.58,-44.44,-620.20,0.00,1.98,-4.51 
1747830279.81,4,-132.63,-584.73,1.26,0.50,1.18,-132.63,-584.73,0.00,-0.16,-0.18 
1747830279.91,0,-44.29,-620.59,0.33,2.40,0.47,-44.29,-620.59,0.00,1.97,-4.49 
1747830279.91,4,-132.68,-584.73,1.02,0.60,1.19,-132.68,-584.73,0.00,-0.17,-0.17 
1747830522.91,0,7.98,-726.76,1.92,4.35,1.26,7.98,-726.76,0.00,-0.39,1.45 
1747830523.01,0,7.87,-726.48,1.99,4.71,0.74,7.87,-726.48,0.00,-0.41,1.50 
1747830523.21,0,7.59,-725.99,2.00,4.20,1.24,7.59,-725.99,0.00,-0.48,1.57 
1747830523.31,0,7.54,-725.74,2.24,4.38,0.65,7.54,-725.74,0.00,-0.49,1.60 
1747830523.51,0,7.41,-725.35,1.88,4.39,0.66,7.41,-725.35,0.00,-0.50,1.63 
1747830524.01,0,7.06,-724.43,1.78,5.00,0.69,7.06,-724.43,0.00,-0.53,1.67 
1747830524.11,0,6.94,-724.16,1.77,4.82,0.64,6.94,-724.16,0.00,-0.56,1.70 
1747830524.21,0,6.75,-723.88,1.88,6.35,0.76,6.75,-723.88,0.00,-0.60,1.74 
1747830524.61,0,6.42,-722.97,1.08,3.58,0.48,6.42,-722.97,0.00,-0.63,1.81 
1747830525.41,0,5.65,-721.34,1.85,3.48,0.50,5.65,-721.34,0.00,-0.71,1.86 
1747830525.61,0,5.26,-720.83,2.00,3.43,0.55,5.26,-720.83,0.00,-0.78,1.90 
1747830525.81,0,4.84,-720.37,1.43,3.90,1.13,4.84,-720.37,0.00,-0.86,1.92 
1747830525.91,0,4.62,-720.10,1.54,2.88,0.51,4.62,-720.10,0.00,-0.90,1.95 
1747830526.11,0,4.30,-719.66,1.18,3.24,1.16,4.30,-719.66,0.00,-0.94,1.96 
1747830526.21,0,4.07,-719.27,1.16,6.05,0.50,4.07,-719.27,0.00,-0.98,2.02 
1747830526.31,0,3.92,-718.98,1.05,2.95,0.46,3.92,-718.98,0.00,-1.00,2.05 
1747830526.81,0,3.22,-717.76,1.12,3.49,0.63,3.22,-717.76,0.00,-1.05,2.10 
1747830526.91,0,3.06,-717.48,1.14,2.75,0.47,3.06,-717.48,0.00,-1.07,2.13 
1747830527.01,0,2.89,-717.18,1.30,3.10,0.48,2.89,-717.18,0.00,-1.09,2.15 
1747830527.11,0,2.73,-716.91,1.29,2.67,0.44,2.73,-716.91,0.00,-1.10,2.17 
1747830527.21,0,2.51,-716.54,1.08,6.24,0.48,2.51,-716.54,0.00,-1.14,2.21 
1747830527.31,0,2.32,-716.20,1.17,5.49,0.51,2.32,-716.20,0.00,-1.16,2.25 
1747830527.51,0,2.01,-715.73,1.24,2.93,1.08,2.01,-715.73,0.00,-1.18,2.26 
1747830527.61,0,1.85,-715.44,1.09,2.83,0.49,1.85,-715.44,0.00,-1.20,2.28 
1747830527.71,0,1.69,-715.17,1.02,2.65,0.49,1.69,-715.17,0.00,-1.21,2.29 
1747830528.01,0,1.27,-714.40,1.27,3.25,0.47,1.27,-714.40,0.00,-1.23,2.31 
1747830528.11,0,1.10,-714.09,1.12,3.21,0.60,1.10,-714.09,0.00,-1.24,2.34 
1747830528.31,0,0.74,-713.47,0.81,6.57,0.63,0.74,-713.47,0.00,-1.28,2.38 
1747830528.61,0,0.23,-712.58,1.24,6.61,0.59,0.23,-712.58,0.00,-1.31,2.44 
1747830528.71,0,0.03,-712.26,1.01,3.34,0.63,0.03,-712.26,0.00,-1.33,2.46 
1747830528.81,0,-0.18,-711.93,1.13,3.56,0.63,-0.18,-711.93,0.00,-1.36,2.48 
1747830529.01,0,-0.56,-711.37,1.20,3.88,1.18,-0.56,-711.37,0.00,-1.39,2.50 
1747830529.21,0,-0.95,-710.78,1.27,4.04,0.66,-0.95,-710.78,0.00,-1.42,2.53 
1747830529.31,0,-1.23,-710.39,0.92,6.64,0.75,-1.23,-710.39,0.00,-1.46,2.57 
1747830529.61,0,-1.83,-709.47,1.56,7.16,0.65,-1.83,-709.47,0.00,-1.51,2.61 
1747830529.71,0,-2.08,-709.15,1.38,3.72,0.64,-2.08,-709.15,0.00,-1.54,2.63 
1747830530.01,0,-2.65,-708.27,0.92,4.02,0.73,-2.65,-708.27,0.00,-1.57,2.66 
1747830530.11,0,-2.89,-707.94,1.02,3.49,0.70,-2.89,-707.94,0.00,-1.59,2.67 
1747830530.21,0,-3.17,-707.54,1.11,4.02,0.56,-3.17,-707.54,0.00,-1.63,2.71 
1747830530.31,0,-3.42,-707.20,1.01,3.57,0.72,-3.42,-707.20,0.00,-1.65,2.73 
1747830530.41,0,-3.70,-706.81,1.10,4.13,0.60,-3.70,-706.81,0.00,-1.68,2.76 
1747830530.51,0,-3.98,-706.42,1.21,4.69,0.57,-3.98,-706.42,0.00,-1.72,2.80 
1747830530.71,0,-4.43,-705.77,1.45,6.13,0.62,-4.43,-705.77,0.00,-1.75,2.82 
1747830530.91,0,-4.88,-705.11,1.34,6.14,0.71,-4.88,-705.11,0.00,-1.78,2.85 
1747830531.11,0,-5.36,-704.44,1.55,6.12,0.64,-5.36,-704.44,0.00,-1.81,2.88 
1747830531.21,0,-5.65,-704.06,1.45,6.22,0.59,-5.65,-704.06,0.00,-1.84,2.90 
1747830531.41,0,-6.12,-703.39,1.61,5.95,0.82,-6.12,-703.39,0.00,-1.87,2.93 
1747830531.51,0,-6.36,-703.08,1.20,2.68,0.74,-6.36,-703.08,0.00,-1.88,2.93 
1747830531.71,0,-6.81,-702.46,0.89,3.25,1.00,-6.81,-702.46,0.00,-1.90,2.94 
1747830531.81,0,-7.10,-702.09,0.98,3.70,0.64,-7.10,-702.09,0.00,-1.93,2.96 
1747830531.91,0,-7.39,-701.73,1.14,4.01,0.67,-7.39,-701.73,0.00,-1.96,2.98 
1747830532.31,0,-8.25,-700.53,1.16,3.07,0.98,-8.25,-700.53,0.00,-1.98,2.98 
1747830532.41,0,-8.52,-700.21,1.08,2.96,0.82,-8.52,-700.21,0.00,-2.00,2.99 
1747830532.71,0,-9.21,-699.23,0.97,3.63,1.08,-9.21,-699.23,0.00,-2.02,3.01 
1747830532.81,0,-9.53,-698.83,1.09,4.05,0.58,-9.53,-698.83,0.00,-2.06,3.04 
1747830532.91,0,-9.86,-698.45,1.27,4.39,0.73,-9.86,-698.45,0.00,-2.09,3.06 
1747830533.01,0,-10.18,-698.09,1.50,4.64,0.68,-10.18,-698.09,0.00,-2.12,3.07 
1747830533.11,0,-10.47,-697.73,1.56,5.30,0.66,-10.47,-697.73,0.00,-2.14,3.09 
1747830533.41,0,-11.22,-696.70,1.69,6.18,0.75,-11.22,-696.70,0.00,-2.17,3.12 
1747830533.51,0,-11.53,-696.30,1.18,5.89,0.69,-11.53,-696.30,0.00,-2.20,3.14 
1747830533.61,0,-11.84,-695.93,1.93,5.56,0.71,-11.84,-695.93,0.00,-2.22,3.16 
1747830533.71,0,-12.14,-695.53,1.64,5.80,0.65,-12.14,-695.53,0.00,-2.25,3.18 
1747830533.81,0,-12.45,-695.15,1.74,5.72,0.64,-12.45,-695.15,0.00,-2.27,3.20 
1747830534.21,0,-13.47,-693.77,1.52,6.13,0.80,-13.47,-693.77,0.00,-2.30,3.23 
1747830534.31,0,-13.80,-693.37,2.45,5.72,0.60,-13.80,-693.37,0.00,-2.33,3.25 
1747830534.41,0,-14.13,-692.99,2.46,5.40,0.56,-14.13,-692.99,0.00,-2.35,3.26 
1747830534.71,0,-14.94,-691.91,1.56,6.00,0.78,-14.94,-691.91,0.00,-2.38,3.29 
1747830534.81,0,-15.27,-691.50,2.16,5.81,0.68,-15.27,-691.50,0.00,-2.41,3.31 
1747830534.91,0,-15.62,-691.08,2.01,6.24,0.63,-15.62,-691.08,0.00,-2.44,3.34 
1747830535.01,0,-15.95,-690.68,1.64,5.38,0.61,-15.95,-690.68,0.00,-2.46,3.36 
1747830535.11,0,-16.27,-690.26,1.68,6.18,0.76,-16.27,-690.26,0.00,-2.49,3.38 
1747830535.41,0,-17.10,-689.16,1.54,5.65,0.70,-17.10,-689.16,0.00,-2.51,3.41 
1747830535.51,0,-17.44,-688.74,1.68,5.78,0.74,-17.44,-688.74,0.00,-2.53,3.43 
1747830535.81,0,-18.28,-687.61,1.20,6.08,0.58,-18.28,-687.61,0.00,-2.56,3.46 
1747830535.91,0,-18.63,-687.17,2.28,5.96,0.57,-18.63,-687.17,0.00,-2.58,3.48 
1747830536.01,0,-18.50,-687.39,2.43,6.40,0.85,-18.50,-687.39,0.00,-2.47,3.32 
1747830536.11,0,-18.46,-687.51,2.63,6.90,0.85,-18.46,-687.51,0.00,-2.39,3.19 
1747830536.21,0,-18.83,-687.05,1.93,6.54,0.90,-18.83,-687.05,0.00,-2.43,3.23 
1747830536.31,0,-19.21,-686.58,1.70,8.25,0.79,-19.21,-686.58,0.00,-2.47,3.28 
1747830536.41,0,-19.62,-686.13,2.13,8.30,0.83,-19.62,-686.13,0.00,-2.52,3.31 
1747830536.51,0,-19.99,-685.63,1.35,8.16,0.66,-19.99,-685.63,0.00,-2.55,3.36 
1747830536.71,0,-20.63,-684.81,1.58,8.23,0.79,-20.63,-684.81,0.00,-2.59,3.40 
1747830537.01,0,-21.58,-683.63,1.63,8.47,0.78,-21.58,-683.63,0.00,-2.64,3.45 
1747830537.11,0,-22.02,-683.13,1.79,8.22,0.76,-22.02,-683.13,0.00,-2.68,3.49 
1747830537.21,0,-22.43,-682.63,1.20,8.33,0.70,-22.43,-682.63,0.00,-2.73,3.53 
1747830537.31,0,-22.85,-682.15,1.82,7.65,0.73,-22.85,-682.15,0.00,-2.77,3.57 
1747830537.71,0,-23.54,-681.22,1.98,8.16,0.89,-23.54,-681.22,0.00,-2.65,3.43 
1747830537.81,0,-24.01,-680.68,1.78,9.23,0.73,-24.01,-680.68,0.00,-2.71,3.49 
1747830537.91,0,-24.47,-680.15,1.79,9.03,0.74,-24.47,-680.15,0.00,-2.76,3.53 
1747830538.01,0,-24.87,-679.67,1.16,5.44,0.68,-24.87,-679.67,0.00,-2.79,3.57 
1747830538.11,0,-25.29,-679.15,1.36,8.45,0.63,-25.29,-679.15,0.00,-2.83,3.62 
1747830538.21,0,-25.72,-678.65,1.90,8.35,0.75,-25.72,-678.65,0.00,-2.88,3.66 
1747830538.41,0,-26.45,-677.78,2.01,8.12,0.72,-26.45,-677.78,0.00,-2.92,3.70 
1747830538.61,0,-27.17,-676.90,0.92,7.92,0.82,-27.17,-676.90,0.00,-2.96,3.74 
1747830538.71,0,-27.56,-676.42,1.53,5.73,0.52,-27.56,-676.42,0.00,-2.99,3.77 
1747830539.21,0,-29.20,-674.37,1.09,7.42,0.76,-29.20,-674.37,0.00,-3.03,3.81 
1747830539.71,0,-30.88,-672.29,1.27,6.75,0.69,-30.88,-672.29,0.00,-3.07,3.86 
1747830539.81,0,-31.32,-671.75,0.99,6.79,0.65,-31.32,-671.75,0.00,-3.11,3.90 
1747830539.91,0,-31.76,-671.23,1.26,6.74,0.65,-31.76,-671.23,0.00,-3.14,3.94 
1747830540.11,0,-32.48,-670.35,1.82,5.69,0.74,-32.48,-670.35,0.00,-3.17,3.97 
1747830540.21,0,-32.91,-669.87,1.75,5.84,0.68,-32.91,-669.87,0.00,-3.20,3.99 
1747830540.41,0,-33.62,-668.99,0.97,5.45,0.64,-33.62,-668.99,0.00,-3.22,4.01 
1747830541.81,0,-38.11,-663.32,1.63,3.65,0.68,-38.11,-663.32,0.00,-3.22,4.02 
1747830542.41,0,-39.98,-660.94,1.16,3.79,0.67,-39.98,-660.94,0.00,-3.20,4.01 
1747830542.71,0,-40.89,-659.80,1.71,3.87,0.50,-40.89,-659.80,0.00,-3.19,4.00 
1747830543.81,0,-44.18,-655.60,1.59,4.85,0.84,-44.18,-655.60,0.00,-3.13,3.94 
1747830544.11,0,-45.00,-654.55,1.65,4.28,0.87,-45.00,-654.55,0.00,-3.10,3.91 
1747830544.21,0,-45.23,-654.31,1.55,4.68,0.70,-45.23,-654.31,0.00,-3.07,3.86 
1747830544.31,0,-45.50,-654.01,1.67,4.33,0.55,-45.50,-654.01,0.00,-3.06,3.84 
1747830544.41,0,-45.76,-653.70,1.48,4.23,0.72,-45.76,-653.70,0.00,-3.05,3.82 
1747830544.71,0,-46.63,-652.61,1.17,4.13,0.76,-46.63,-652.61,0.00,-3.04,3.80 
1747830545.51,0,-48.96,-649.74,1.56,4.66,0.56,-48.96,-649.74,0.00,-3.01,3.75 
1747830545.61,0,-49.16,-649.46,1.11,4.58,0.69,-49.16,-649.46,0.00,-2.98,3.72 
1747830545.71,0,-49.40,-649.20,1.72,4.77,0.74,-49.40,-649.20,0.00,-2.96,3.69 
1747830545.81,0,-49.65,-648.90,1.79,4.14,0.89,-49.65,-648.90,0.00,-2.94,3.67 
1747830546.31,0,-51.06,-647.18,1.57,4.67,0.63,-51.06,-647.18,0.00,-2.93,3.63 
1747830546.41,0,-51.33,-646.88,1.49,4.34,0.64,-51.33,-646.88,0.00,-2.92,3.61 
1747830546.51,0,-51.57,-646.57,1.53,4.47,0.80,-51.57,-646.57,0.00,-2.90,3.60 
1747830546.71,0,-52.13,-645.88,1.66,4.02,0.88,-52.13,-645.88,0.00,-2.90,3.59 
1747830546.81,0,-52.40,-645.57,1.57,4.28,0.59,-52.40,-645.57,0.00,-2.89,3.57 
1747830546.91,0,-52.58,-645.32,0.86,3.96,0.78,-52.58,-645.32,0.00,-2.86,3.54 
1747830547.11,0,-53.13,-644.64,0.86,3.92,0.77,-53.13,-644.64,0.00,-2.85,3.53 
1747830547.31,0,-53.68,-643.96,1.73,3.88,0.90,-53.68,-643.96,0.00,-2.84,3.52 
1747830547.41,0,-53.95,-643.61,1.10,3.63,0.68,-53.95,-643.61,0.00,-2.84,3.52 
1747830547.51,0,-54.25,-643.26,1.66,3.60,0.61,-54.25,-643.26,0.00,-2.84,3.52 
1747830547.61,0,-54.54,-642.92,1.50,3.67,0.66,-54.54,-642.92,0.00,-2.84,3.52 
1747830547.71,0,-54.84,-642.57,1.63,3.71,0.62,-54.84,-642.57,0.00,-2.85,3.52 
1747830547.91,0,-55.42,-641.86,1.32,3.72,0.74,-55.42,-641.86,0.00,-2.85,3.52 
1747830548.11,0,-56.01,-641.14,1.29,4.00,0.74,-56.01,-641.14,0.00,-2.86,3.52 
1747830548.21,0,-56.30,-640.78,1.35,3.62,0.65,-56.30,-640.78,0.00,-2.86,3.52 
1747830548.81,0,-58.03,-638.62,1.36,4.05,0.76,-58.03,-638.62,0.00,-2.86,3.54 
1747830549.01,0,-58.54,-637.93,1.28,2.58,0.78,-58.54,-637.93,0.00,-2.85,3.53 
1747830549.11,0,-58.80,-637.57,1.21,2.12,0.75,-58.80,-637.57,0.00,-2.84,3.53 
1747830549.21,0,-59.11,-637.15,1.24,2.63,0.71,-59.11,-637.15,0.00,-2.85,3.56 
1747830549.51,0,-60.01,-636.00,1.31,3.12,0.56,-60.01,-636.00,0.00,-2.86,3.58 
1747830549.61,0,-60.27,-635.62,1.44,1.84,0.72,-60.27,-635.62,0.00,-2.85,3.59 
1747830549.71,0,-60.60,-635.16,1.42,2.49,0.60,-60.60,-635.16,0.00,-2.86,3.62 
1747830549.81,0,-60.93,-634.72,1.53,2.93,0.79,-60.93,-634.72,0.00,-2.88,3.64 
1747830550.11,0,-61.87,-633.51,1.47,5.88,0.68,-61.87,-633.51,0.00,-2.90,3.67 
1747830550.81,0,-63.94,-630.80,1.55,3.55,0.67,-63.94,-630.80,0.00,-2.91,3.71 
1747830550.81,1,-133.70,-583.98,1.22,0.45,0.88,-133.70,-583.98,0.00,0.22,0.09 
1747830550.91,0,-64.36,-630.22,1.59,6.62,0.73,-64.36,-630.22,0.00,-2.95,3.77 
1747830550.91,1,-133.74,-583.95,0.89,0.56,0.85,-133.74,-583.95,0.00,0.20,0.10 
1747830551.01,0,-64.76,-629.67,1.68,6.35,0.66,-64.76,-629.67,0.00,-2.98,3.82 
1747830551.01,1,-133.66,-583.88,1.26,0.29,0.80,-133.66,-583.88,0.00,0.22,0.13 
1747830551.11,0,-65.15,-629.14,1.83,6.22,0.61,-65.15,-629.14,0.00,-3.00,3.86 
1747830551.11,1,-133.57,-583.85,1.07,0.55,1.06,-133.57,-583.85,0.00,0.25,0.14 
1747830551.21,0,-65.53,-628.63,1.53,6.06,0.72,-65.53,-628.63,0.00,-3.03,3.90 
1747830551.21,1,-133.45,-583.71,2.07,0.25,0.84,-133.45,-583.71,0.00,0.30,0.19 
1747830551.31,0,-65.92,-628.09,1.46,6.52,0.68,-65.92,-628.09,0.00,-3.05,3.94 
1747830551.31,1,-133.30,-583.51,2.21,0.30,0.80,-133.30,-583.51,0.00,0.35,0.28 
1747830551.41,0,-66.31,-627.58,1.42,6.21,0.60,-66.31,-627.58,0.00,-3.08,3.98 
1747830551.41,1,-133.24,-583.46,1.10,0.18,0.88,-133.24,-583.46,0.00,0.36,0.29 
1747830551.51,0,-66.70,-627.06,1.48,6.56,0.59,-66.70,-627.06,0.00,-3.10,4.01 
1747830551.51,1,-133.20,-583.40,1.08,0.24,0.89,-133.20,-583.40,0.00,0.36,0.30 
1747830551.61,0,-67.07,-626.54,1.31,6.05,0.66,-67.07,-626.54,0.00,-3.12,4.05 
1747830551.61,1,-133.21,-583.42,1.18,0.27,0.96,-133.21,-583.42,0.00,0.35,0.28 
1747830551.71,0,-67.47,-626.03,1.45,6.38,0.65,-67.47,-626.03,0.00,-3.15,4.08 
1747830551.71,1,-133.28,-583.49,1.43,0.28,0.83,-133.28,-583.49,0.00,0.30,0.24 
1747830551.81,0,-67.83,-625.56,1.11,3.47,0.69,-67.83,-625.56,0.00,-3.16,4.10 
1747830551.91,0,-68.18,-625.09,1.09,3.34,0.62,-68.18,-625.09,0.00,-3.17,4.12 
1747830552.01,0,-68.58,-624.59,1.18,3.89,0.68,-68.58,-624.59,0.00,-3.20,4.15 
1747830552.11,0,-69.00,-624.07,1.35,6.64,0.86,-69.00,-624.07,0.00,-3.23,4.18 
1747830552.21,0,-69.35,-623.60,1.39,3.06,0.82,-69.35,-623.60,0.00,-3.23,4.19 
1747830552.31,0,-69.70,-623.12,1.30,3.18,0.82,-69.70,-623.12,0.00,-3.24,4.21 
1747830552.41,0,-70.10,-622.62,1.31,3.93,0.83,-70.10,-622.62,0.00,-3.27,4.24 
1747830552.51,0,-70.51,-622.09,1.31,6.50,0.82,-70.51,-622.09,0.00,-3.29,4.27 
1747830552.61,0,-70.91,-621.57,1.29,6.34,0.79,-70.91,-621.57,0.00,-3.31,4.29 
1747830552.71,0,-71.32,-621.05,1.32,6.55,0.82,-71.32,-621.05,0.00,-3.34,4.32 
1747830552.91,0,-72.07,-620.11,1.28,6.16,0.85,-72.07,-620.11,0.00,-3.36,4.35 
1747830553.01,0,-72.48,-619.59,1.14,6.16,0.72,-72.48,-619.59,0.00,-3.39,4.37 
1747830553.11,0,-72.89,-619.07,1.16,6.33,0.71,-72.89,-619.07,0.00,-3.41,4.40 
1747830553.71,0,-75.06,-616.31,1.86,6.55,0.64,-75.06,-616.31,0.00,-3.44,4.43 
1747830554.41,0,-77.70,-613.00,1.88,7.33,0.71,-77.70,-613.00,0.00,-3.51,4.49 
1747830554.51,0,-78.22,-612.39,1.75,6.67,0.71,-78.22,-612.39,0.00,-3.56,4.54 
1747830554.61,0,-78.74,-611.78,1.89,7.08,0.66,-78.74,-611.78,0.00,-3.60,4.58 
1747830554.71,0,-79.16,-611.26,1.25,3.10,0.62,-79.16,-611.26,0.00,-3.62,4.60 
1747830554.81,0,-79.65,-610.69,1.33,3.68,0.74,-79.65,-610.69,0.00,-3.66,4.63 
1747830554.91,0,-80.13,-610.13,1.45,4.17,0.65,-80.13,-610.13,0.00,-3.69,4.66 
1747830555.01,0,-80.60,-609.58,1.82,6.01,0.68,-80.60,-609.58,0.00,-3.72,4.69 
1747830555.41,0,-82.19,-607.59,1.06,5.67,0.75,-82.19,-607.59,0.00,-3.76,4.72 
1747830555.51,0,-82.66,-607.04,1.72,4.88,0.71,-82.66,-607.04,0.00,-3.78,4.75 
1747830555.61,0,-83.12,-606.48,1.09,5.51,0.82,-83.12,-606.48,0.00,-3.81,4.77 
1747830555.71,0,-83.57,-605.95,1.66,5.02,0.66,-83.57,-605.95,0.00,-3.83,4.79 
1747830556.31,0,-85.94,-603.01,1.16,5.04,0.73,-85.94,-603.01,0.00,-3.85,4.81 
1747830556.41,0,-86.32,-602.52,1.13,1.78,0.62,-86.32,-602.52,0.00,-3.85,4.81 
1747830556.51,0,-86.69,-602.05,0.94,1.86,0.65,-86.69,-602.05,0.00,-3.85,4.81 
1747830556.71,0,-87.50,-601.03,0.98,2.29,0.68,-87.50,-601.03,0.00,-3.86,4.82 
1747830556.81,0,-87.93,-600.50,1.06,2.68,0.68,-87.93,-600.50,0.00,-3.87,4.84 
1747830556.91,0,-88.37,-599.97,1.15,3.08,0.70,-88.37,-599.97,0.00,-3.89,4.85 
1747830557.01,0,-88.79,-599.45,0.82,4.38,0.82,-88.79,-599.45,0.00,-3.90,4.87 
1747830557.31,0,-89.98,-597.98,1.38,3.64,0.64,-89.98,-597.98,0.00,-3.90,4.87 
1747830557.71,0,-91.56,-596.00,1.33,3.95,0.67,-91.56,-596.00,0.00,-3.91,4.88 
1747830557.91,0,-92.33,-595.03,0.93,3.51,0.73,-92.33,-595.03,0.00,-3.90,4.87 
1747830558.11,0,-93.09,-594.08,1.26,3.71,0.63,-93.09,-594.08,0.00,-3.90,4.87 
1747830558.21,0,-93.47,-593.61,0.99,3.59,0.79,-93.47,-593.61,0.00,-3.90,4.86 
1747830558.41,0,-94.17,-592.74,1.44,3.56,0.95,-94.17,-592.74,0.00,-3.87,4.83 
1747830558.51,0,-94.48,-592.32,1.33,3.32,0.62,-94.48,-592.32,0.00,-3.85,4.81 
1747830558.71,0,-95.14,-591.45,1.25,3.88,0.64,-95.14,-591.45,0.00,-3.82,4.79 
1747830558.91,0,-95.80,-590.56,1.77,3.39,0.61,-95.80,-590.56,0.00,-3.79,4.77 
1747830559.41,0,-97.63,-588.22,1.76,4.34,0.67,-97.63,-588.22,0.00,-3.77,4.76 
1747830559.51,0,-97.93,-587.80,1.46,4.70,0.72,-97.93,-587.80,0.00,-3.75,4.74 
1747830559.61,0,-98.25,-587.36,1.41,4.50,0.77,-98.25,-587.36,0.00,-3.73,4.73 
1747830559.71,0,-98.54,-586.94,1.73,4.71,0.67,-98.54,-586.94,0.00,-3.71,4.72 
1747830560.31,0,-100.62,-584.17,2.27,5.27,0.74,-100.62,-584.17,0.00,-3.67,4.70 
1747830560.61,0,-101.58,-582.84,1.95,5.18,0.62,-101.58,-582.84,0.00,-3.63,4.68 
1747830560.71,0,-101.83,-582.45,1.88,5.44,0.64,-101.83,-582.45,0.00,-3.60,4.66 
1747830560.91,0,-102.43,-581.60,1.91,5.41,0.65,-102.43,-581.60,0.00,-3.57,4.63 
1747830561.01,0,-102.67,-581.21,1.96,5.11,0.60,-102.67,-581.21,0.00,-3.53,4.61 
1747830561.21,0,-103.27,-580.36,1.90,5.15,0.61,-103.27,-580.36,0.00,-3.50,4.59 
1747830561.31,0,-103.53,-579.98,1.83,5.25,0.61,-103.53,-579.98,0.00,-3.48,4.57 
1747830561.41,0,-103.79,-579.57,1.83,5.09,0.61,-103.79,-579.57,0.00,-3.45,4.55 
1747830561.51,0,-104.06,-579.18,1.80,5.35,0.66,-104.06,-579.18,0.00,-3.43,4.54 
1747830561.61,0,-104.32,-578.76,1.58,5.03,0.69,-104.32,-578.76,0.00,-3.41,4.53 
1747830561.71,0,-104.59,-578.36,1.80,5.15,0.62,-104.59,-578.36,0.00,-3.39,4.51 
1747830561.81,0,-104.87,-577.95,1.83,4.96,0.58,-104.87,-577.95,0.00,-3.37,4.50 
1747830561.91,0,-104.71,-578.25,1.93,5.22,0.85,-104.71,-578.25,0.00,-3.22,4.28 
1747830562.21,0,-105.59,-577.01,1.70,3.29,0.64,-105.59,-577.01,0.00,-3.20,4.27 
1747830562.41,0,-106.19,-576.15,2.35,3.39,0.53,-106.19,-576.15,0.00,-3.19,4.27 
1747830562.51,0,-106.48,-575.70,1.84,3.25,0.60,-106.48,-575.70,0.00,-3.18,4.28 
1747830562.71,0,-107.08,-574.85,1.92,3.83,0.65,-107.08,-574.85,0.00,-3.17,4.28 
1747830562.81,0,-106.82,-575.23,2.00,4.06,0.85,-106.82,-575.23,0.00,-3.00,4.04 
1747830562.91,0,-107.13,-574.76,2.02,4.62,0.61,-107.13,-574.76,0.00,-3.00,4.06 
1747830563.11,0,-107.74,-573.88,1.90,4.68,0.59,-107.74,-573.88,0.00,-3.01,4.08 
1747830563.21,0,-108.04,-573.41,1.97,4.41,0.59,-108.04,-573.41,0.00,-3.01,4.10 
1747830563.31,0,-108.34,-572.94,2.15,4.29,0.66,-108.34,-572.94,0.00,-3.00,4.11 
1747830563.51,0,-108.94,-572.07,1.91,4.34,0.60,-108.94,-572.07,0.00,-3.00,4.13 
