10,3,-155.840,-276.680,1.940,1.120,0.290,-148.263,-299.611,0.000,1.520,-4.600
10,3,-155.840,-276.680,1.940,1.120,0.290,-140.686,-322.542,0.000,1.520,-4.600
10,3,-155.840,-276.680,1.940,1.120,0.290,-133.108,-345.473,0.000,1.520,-4.600
10,3,-155.840,-276.680,1.940,1.120,0.290,-125.531,-368.404,0.000,1.520,-4.600
11,3,-154.500,-281.310,1.480,0.540,0.500,-147.618,-303.030,0.000,1.410,-4.450
11,3,-154.500,-281.310,1.480,0.540,0.500,-140.736,-324.751,0.000,1.410,-4.450
11,3,-154.500,-281.310,1.480,0.540,0.500,-133.853,-346.471,0.000,1.410,-4.450
11,3,-154.500,-281.310,1.480,0.540,0.500,-126.971,-368.192,0.000,1.410,-4.450
12,3,-153.300,-285.030,1.310,0.240,1.380,-146.372,-306.710,0.000,1.390,-4.350
12,3,-153.300,-285.030,1.310,0.240,1.380,-139.444,-328.391,0.000,1.390,-4.350
12,3,-153.300,-285.030,1.310,0.240,1.380,-132.517,-350.071,0.000,1.390,-4.350
12,3,-153.300,-285.030,1.310,0.240,1.380,-125.589,-371.752,0.000,1.390,-4.350
13,3,-152.360,-288.740,1.580,0.870,0.480,-145.905,-310.444,0.000,1.270,-4.270
13,3,-152.360,-288.740,1.580,0.870,0.480,-139.449,-332.149,0.000,1.270,-4.270
13,3,-152.360,-288.740,1.580,0.870,0.480,-132.994,-353.853,0.000,1.270,-4.270
13,3,-152.360,-288.740,1.580,0.870,0.480,-126.538,-375.558,0.000,1.270,-4.270
14,3,-150.820,-293.190,1.090,1.270,1.440,-144.190,-314.027,0.000,1.330,-4.180
14,3,-150.820,-293.190,1.090,1.270,1.440,-137.560,-334.865,0.000,1.330,-4.180
14,3,-150.820,-293.190,1.090,1.270,1.440,-130.930,-355.702,0.000,1.330,-4.180
14,3,-150.820,-293.190,1.090,1.270,1.440,-124.300,-376.539,0.000,1.330,-4.180
15,3,-149.100,-297.350,1.350,1.660,0.790,-141.826,-318.125,0.000,1.460,-4.170
15,3,-149.100,-297.350,1.350,1.660,0.790,-134.553,-338.900,0.000,1.460,-4.170
15,3,-149.100,-297.350,1.350,1.660,0.790,-127.279,-359.675,0.000,1.460,-4.170
15,3,-149.100,-297.350,1.350,1.660,0.790,-120.005,-380.450,0.000,1.460,-4.170
16,3,-147.400,-301.590,1.470,1.710,0.290,-139.718,-322.490,0.000,1.540,-4.190
16,3,-147.400,-301.590,1.470,1.710,0.290,-132.037,-343.389,0.000,1.540,-4.190
16,3,-147.400,-301.590,1.470,1.710,0.290,-124.355,-364.289,0.000,1.540,-4.190
16,3,-147.400,-301.590,1.470,1.710,0.290,-116.674,-385.189,0.000,1.540,-4.190
17,3,-145.360,-305.390,1.600,2.470,1.570,-136.839,-325.571,0.000,1.710,-4.050
17,3,-145.360,-305.390,1.600,2.470,1.570,-128.318,-345.752,0.000,1.710,-4.050
17,3,-145.360,-305.390,1.600,2.470,1.570,-119.797,-365.933,0.000,1.710,-4.050
17,3,-145.360,-305.390,1.600,2.470,1.570,-111.276,-386.115,0.000,1.710,-4.050
18,3,-143.660,-309.150,1.400,1.200,0.340,-135.192,-328.875,0.000,1.700,-3.960
18,3,-143.660,-309.150,1.400,1.200,0.340,-126.725,-348.600,0.000,1.700,-3.960
18,3,-143.660,-309.150,1.400,1.200,0.340,-118.257,-368.324,0.000,1.700,-3.960
18,3,-143.660,-309.150,1.400,1.200,0.340,-109.789,-388.049,0.000,1.700,-3.960
19,3,-142.420,-312.300,1.340,0.390,0.480,-133.816,-332.773,0.000,1.660,-3.950
19,3,-142.420,-312.300,1.340,0.390,0.480,-125.212,-353.246,0.000,1.660,-3.950
19,3,-142.420,-312.300,1.340,0.390,0.480,-116.609,-373.719,0.000,1.660,-3.950
19,3,-142.420,-312.300,1.340,0.390,0.480,-108.005,-394.191,0.000,1.660,-3.950
21,3,-139.510,-321.960,2.840,0.890,0.480,-132.433,-343.242,0.000,1.420,-4.270
21,3,-139.510,-321.960,2.840,0.890,0.480,-125.355,-364.523,0.000,1.420,-4.270
21,3,-139.510,-321.960,2.840,0.890,0.480,-118.278,-385.805,0.000,1.420,-4.270
21,3,-139.510,-321.960,2.840,0.890,0.480,-111.201,-407.087,0.000,1.420,-4.270
22,3,-139.540,-327.510,3.950,1.250,0.670,-135.304,-351.234,0.000,0.850,-4.760
22,3,-139.540,-327.510,3.950,1.250,0.670,-131.067,-374.958,0.000,0.850,-4.760
22,3,-139.540,-327.510,3.950,1.250,0.670,-126.831,-398.682,0.000,0.850,-4.760
22,3,-139.540,-327.510,3.950,1.250,0.670,-122.594,-422.405,0.000,0.850,-4.760
23,3,-139.870,-332.650,2.610,1.320,0.220,-137.927,-357.067,0.000,0.390,-4.900
23,3,-139.870,-332.650,2.610,1.320,0.220,-135.983,-381.483,0.000,0.390,-4.900
23,3,-139.870,-332.650,2.610,1.320,0.220,-134.040,-405.900,0.000,0.390,-4.900
23,3,-139.870,-332.650,2.610,1.320,0.220,-132.097,-430.317,0.000,0.390,-4.900
24,3,-141.390,-338.160,3.970,2.180,1.100,-142.954,-362.361,0.000,-0.320,-4.950
24,3,-141.390,-338.160,3.970,2.180,1.100,-144.519,-386.561,0.000,-0.320,-4.950
24,3,-141.390,-338.160,3.970,2.180,1.100,-146.083,-410.762,0.000,-0.320,-4.950
24,3,-141.390,-338.160,3.970,2.180,1.100,-147.648,-434.962,0.000,-0.320,-4.950
25,3,-144.050,-342.270,6.520,5.720,0.840,-150.033,-366.303,0.000,-1.200,-4.820
25,3,-144.050,-342.270,6.520,5.720,0.840,-156.016,-390.335,0.000,-1.200,-4.820
25,3,-144.050,-342.270,6.520,5.720,0.840,-162.000,-414.368,0.000,-1.200,-4.820
25,3,-144.050,-342.270,6.520,5.720,0.840,-167.983,-438.400,0.000,-1.200,-4.820
26,3,-147.510,-346.690,7.020,5.000,0.540,-157.332,-369.975,0.000,-1.970,-4.670
26,3,-147.510,-346.690,7.020,5.000,0.540,-167.155,-393.259,0.000,-1.970,-4.670
26,3,-147.510,-346.690,7.020,5.000,0.540,-176.977,-416.544,0.000,-1.970,-4.670
26,3,-147.510,-346.690,7.020,5.000,0.540,-186.800,-439.828,0.000,-1.970,-4.670
27,3,-151.570,-350.000,4.860,8.650,1.530,-164.977,-370.933,0.000,-2.690,-4.200
27,3,-151.570,-350.000,4.860,8.650,1.530,-178.384,-391.866,0.000,-2.690,-4.200
27,3,-151.570,-350.000,4.860,8.650,1.530,-191.791,-412.798,0.000,-2.690,-4.200
27,3,-151.570,-350.000,4.860,8.650,1.530,-205.198,-433.731,0.000,-2.690,-4.200
28,3,-156.020,-352.770,6.800,12.570,1.330,-172.364,-371.257,0.000,-3.280,-3.710
28,3,-156.020,-352.770,6.800,12.570,1.330,-188.708,-389.744,0.000,-3.280,-3.710
28,3,-156.020,-352.770,6.800,12.570,1.330,-205.053,-408.231,0.000,-3.280,-3.710
28,3,-156.020,-352.770,6.800,12.570,1.330,-221.397,-426.718,0.000,-3.280,-3.710
29,3,-162.380,-353.160,6.660,10.550,1.360,-183.989,-365.906,0.000,-4.340,-2.560
29,3,-162.380,-353.160,6.660,10.550,1.360,-205.598,-378.652,0.000,-4.340,-2.560
29,3,-162.380,-353.160,6.660,10.550,1.360,-227.207,-391.399,0.000,-4.340,-2.560
29,3,-162.380,-353.160,6.660,10.550,1.360,-248.815,-404.145,0.000,-4.340,-2.560
30,3,-167.650,-352.830,7.310,10.970,1.130,-192.252,-360.759,0.000,-4.840,-1.560
30,3,-167.650,-352.830,7.310,10.970,1.130,-216.853,-368.689,0.000,-4.840,-1.560
30,3,-167.650,-352.830,7.310,10.970,1.130,-241.455,-376.618,0.000,-4.840,-1.560
30,3,-167.650,-352.830,7.310,10.970,1.130,-266.057,-384.548,0.000,-4.840,-1.560
31,3,-173.470,-350.630,5.600,11.320,0.860,-198.425,-351.676,0.000,-5.010,-0.210
31,3,-173.470,-350.630,5.600,11.320,0.860,-223.380,-352.722,0.000,-5.010,-0.210
31,3,-173.470,-350.630,5.600,11.320,0.860,-248.334,-353.768,0.000,-5.010,-0.210
31,3,-173.470,-350.630,5.600,11.320,0.860,-273.289,-354.814,0.000,-5.010,-0.210
32,3,-178.360,-348.020,6.790,12.190,0.650,-203.076,-344.283,0.000,-4.960,0.750
32,3,-178.360,-348.020,6.790,12.190,0.650,-227.791,-340.545,0.000,-4.960,0.750
32,3,-178.360,-348.020,6.790,12.190,0.650,-252.507,-336.808,0.000,-4.960,0.750
32,3,-178.360,-348.020,6.790,12.190,0.650,-277.223,-333.071,0.000,-4.960,0.750
33,3,-182.200,-343.610,7.640,10.620,0.780,-204.918,-333.746,0.000,-4.560,1.980
33,3,-182.200,-343.610,7.640,10.620,0.780,-227.636,-323.881,0.000,-4.560,1.980
33,3,-182.200,-343.610,7.640,10.620,0.780,-250.354,-314.017,0.000,-4.560,1.980
33,3,-182.200,-343.610,7.640,10.620,0.780,-273.072,-304.153,0.000,-4.560,1.980
35,3,-187.990,-334.410,9.120,12.380,0.090,-206.387,-316.318,0.000,-3.620,3.560
35,3,-187.990,-334.410,9.120,12.380,0.090,-224.784,-298.226,0.000,-3.620,3.560
35,3,-187.990,-334.410,9.120,12.380,0.090,-243.181,-280.134,0.000,-3.620,3.560
35,3,-187.990,-334.410,9.120,12.380,0.090,-261.577,-262.042,0.000,-3.620,3.560
36,3,-187.900,-326.520,5.270,8.130,0.000,-198.928,-299.789,0.000,-2.170,5.260
36,3,-187.900,-326.520,5.270,8.130,0.000,-209.956,-273.057,0.000,-2.170,5.260
36,3,-187.900,-326.520,5.270,8.130,0.000,-220.984,-246.326,0.000,-2.170,5.260
36,3,-187.900,-326.520,5.270,8.130,0.000,-232.012,-219.595,0.000,-2.170,5.260
37,3,-188.320,-319.020,8.510,3.720,1.460,-195.010,-291.333,0.000,-1.370,5.670
37,3,-188.320,-319.020,8.510,3.720,1.460,-201.699,-263.647,0.000,-1.370,5.670
37,3,-188.320,-319.020,8.510,3.720,1.460,-208.389,-235.960,0.000,-1.370,5.670
37,3,-188.320,-319.020,8.510,3.720,1.460,-215.079,-208.274,0.000,-1.370,5.670
38,3,-188.190,-314.630,5.080,3.220,1.470,-192.767,-286.047,0.000,-0.900,5.620
38,3,-188.190,-314.630,5.080,3.220,1.470,-197.345,-257.463,0.000,-0.900,5.620
38,3,-188.190,-314.630,5.080,3.220,1.470,-201.922,-228.880,0.000,-0.900,5.620
38,3,-188.190,-314.630,5.080,3.220,1.470,-206.500,-200.297,0.000,-0.900,5.620
39,3,-188.280,-308.550,2.970,4.380,0.060,-191.219,-280.701,0.000,-0.590,5.590
39,3,-188.280,-308.550,2.970,4.380,0.060,-194.159,-252.851,0.000,-0.590,5.590
39,3,-188.280,-308.550,2.970,4.380,0.060,-197.098,-225.002,0.000,-0.590,5.590
39,3,-188.280,-308.550,2.970,4.380,0.060,-200.038,-197.152,0.000,-0.590,5.590
40,3,-188.450,-303.570,2.180,3.170,0.150,-190.643,-276.861,0.000,-0.440,5.360
40,3,-188.450,-303.570,2.180,3.170,0.150,-192.835,-250.152,0.000,-0.440,5.360
40,3,-188.450,-303.570,2.180,3.170,0.150,-195.028,-223.443,0.000,-0.440,5.360
40,3,-188.450,-303.570,2.180,3.170,0.150,-197.220,-196.734,0.000,-0.440,5.360
41,3,-188.570,-298.960,1.640,1.680,0.250,-190.215,-273.536,0.000,-0.330,5.100
41,3,-188.570,-298.960,1.640,1.680,0.250,-191.860,-248.113,0.000,-0.330,5.100
41,3,-188.570,-298.960,1.640,1.680,0.250,-193.505,-222.689,0.000,-0.330,5.100
41,3,-188.570,-298.960,1.640,1.680,0.250,-195.150,-197.266,0.000,-0.330,5.100
42,3,-188.880,-294.090,2.040,2.780,0.280,-190.529,-269.005,0.000,-0.330,5.020
42,3,-188.880,-294.090,2.040,2.780,0.280,-192.178,-243.920,0.000,-0.330,5.020
42,3,-188.880,-294.090,2.040,2.780,0.280,-193.827,-218.835,0.000,-0.330,5.020
42,3,-188.880,-294.090,2.040,2.780,0.280,-195.476,-193.750,0.000,-0.330,5.020
43,3,-189.210,-288.860,1.400,1.860,1.560,-190.772,-264.792,0.000,-0.320,4.930
43,3,-189.210,-288.860,1.400,1.860,1.560,-192.334,-240.723,0.000,-0.320,4.930
43,3,-189.210,-288.860,1.400,1.860,1.560,-193.897,-216.655,0.000,-0.320,4.930
43,3,-189.210,-288.860,1.400,1.860,1.560,-195.459,-192.587,0.000,-0.320,4.930
44,3,-189.510,-284.710,2.020,1.790,0.340,-191.055,-260.682,0.000,-0.310,4.820
44,3,-189.510,-284.710,2.020,1.790,0.340,-192.601,-236.655,0.000,-0.310,4.820
44,3,-189.510,-284.710,2.020,1.790,0.340,-194.146,-212.627,0.000,-0.310,4.820
44,3,-189.510,-284.710,2.020,1.790,0.340,-195.691,-188.599,0.000,-0.310,4.820
45,3,-189.910,-280.030,1.960,2.890,0.270,-191.604,-256.211,0.000,-0.340,4.780
45,3,-189.910,-280.030,1.960,2.890,0.270,-193.298,-232.393,0.000,-0.340,4.780
45,3,-189.910,-280.030,1.960,2.890,0.270,-194.993,-208.574,0.000,-0.340,4.780
45,3,-189.910,-280.030,1.960,2.890,0.270,-196.687,-184.755,0.000,-0.340,4.780
46,3,-189.940,-275.230,1.380,0.770,0.570,-190.966,-252.657,0.000,-0.210,4.620
46,3,-189.940,-275.230,1.380,0.770,0.570,-191.992,-230.083,0.000,-0.210,4.620
46,3,-189.940,-275.230,1.380,0.770,0.570,-193.018,-207.510,0.000,-0.210,4.620
46,3,-189.940,-275.230,1.380,0.770,0.570,-194.044,-184.937,0.000,-0.210,4.620
47,3,-190.260,-270.530,1.030,2.660,0.150,-191.480,-247.843,0.000,-0.250,4.650
47,3,-190.260,-270.530,1.030,2.660,0.150,-192.700,-225.155,0.000,-0.250,4.650
47,3,-190.260,-270.530,1.030,2.660,0.150,-193.919,-202.468,0.000,-0.250,4.650
47,3,-190.260,-270.530,1.030,2.660,0.150,-195.139,-179.781,0.000,-0.250,4.650
48,3,-190.660,-266.620,2.170,3.690,0.330,-192.237,-242.665,0.000,-0.310,4.710
48,3,-190.660,-266.620,2.170,3.690,0.330,-193.813,-218.710,0.000,-0.310,4.710
48,3,-190.660,-266.620,2.170,3.690,0.330,-195.390,-194.755,0.000,-0.310,4.710
48,3,-190.660,-266.620,2.170,3.690,0.330,-196.967,-170.800,0.000,-0.310,4.710
49,3,-191.180,-261.810,2.040,2.860,0.180,-193.164,-237.652,0.000,-0.390,4.750
49,3,-191.180,-261.810,2.040,2.860,0.180,-195.147,-213.493,0.000,-0.390,4.750
49,3,-191.180,-261.810,2.040,2.860,0.180,-197.131,-189.335,0.000,-0.390,4.750
49,3,-191.180,-261.810,2.040,2.860,0.180,-199.114,-165.176,0.000,-0.390,4.750
50,3,-191.960,-257.280,2.150,3.570,0.160,-194.654,-233.542,0.000,-0.530,4.670
50,3,-191.960,-257.280,2.150,3.570,0.160,-197.348,-209.805,0.000,-0.530,4.670
50,3,-191.960,-257.280,2.150,3.570,0.160,-200.042,-186.067,0.000,-0.530,4.670
50,3,-191.960,-257.280,2.150,3.570,0.160,-202.736,-162.330,0.000,-0.530,4.670
56,3,-196.030,-229.680,3.530,3.090,1.280,-200.267,-206.899,0.000,-0.850,4.570
56,3,-196.030,-229.680,3.530,3.090,1.280,-204.505,-184.117,0.000,-0.850,4.570
56,3,-196.030,-229.680,3.530,3.090,1.280,-208.742,-161.336,0.000,-0.850,4.570
56,3,-196.030,-229.680,3.530,3.090,1.280,-212.979,-138.554,0.000,-0.850,4.570
57,3,-196.740,-223.790,2.050,3.450,0.180,-200.675,-198.237,0.000,-0.790,5.130
57,3,-196.740,-223.790,2.050,3.450,0.180,-204.610,-172.685,0.000,-0.790,5.130
57,3,-196.740,-223.790,2.050,3.450,0.180,-208.545,-147.132,0.000,-0.790,5.130
57,3,-196.740,-223.790,2.050,3.450,0.180,-212.480,-121.580,0.000,-0.790,5.130
58,3,-197.370,-218.960,1.590,3.560,0.140,-201.282,-192.442,0.000,-0.770,5.220
58,3,-197.370,-218.960,1.590,3.560,0.140,-205.193,-165.925,0.000,-0.770,5.220
58,3,-197.370,-218.960,1.590,3.560,0.140,-209.105,-139.407,0.000,-0.770,5.220
58,3,-197.370,-218.960,1.590,3.560,0.140,-213.016,-112.890,0.000,-0.770,5.220
59,3,-198.040,-213.220,2.040,2.600,0.440,-201.749,-185.783,0.000,-0.730,5.400
59,3,-198.040,-213.220,2.040,2.600,0.440,-205.458,-158.345,0.000,-0.730,5.400
59,3,-198.040,-213.220,2.040,2.600,0.440,-209.167,-130.908,0.000,-0.730,5.400
59,3,-198.040,-213.220,2.040,2.600,0.440,-212.877,-103.470,0.000,-0.730,5.400
60,3,-198.710,-207.470,1.860,3.660,0.220,-202.318,-179.367,0.000,-0.710,5.530
60,3,-198.710,-207.470,1.860,3.660,0.220,-205.926,-151.263,0.000,-0.710,5.530
60,3,-198.710,-207.470,1.860,3.660,0.220,-209.535,-123.160,0.000,-0.710,5.530
60,3,-198.710,-207.470,1.860,3.660,0.220,-213.143,-95.056,0.000,-0.710,5.530
61,3,-199.220,-201.180,2.400,2.510,0.030,-202.309,-173.275,0.000,-0.620,5.600
61,3,-199.220,-201.180,2.400,2.510,0.030,-205.399,-145.370,0.000,-0.620,5.600
61,3,-199.220,-201.180,2.400,2.510,0.030,-208.488,-117.466,0.000,-0.620,5.600
61,3,-199.220,-201.180,2.400,2.510,0.030,-211.578,-89.561,0.000,-0.620,5.600
62,3,-199.570,-195.150,3.190,3.400,1.350,-202.162,-166.492,0.000,-0.520,5.750
62,3,-199.570,-195.150,3.190,3.400,1.350,-204.753,-137.834,0.000,-0.520,5.750
62,3,-199.570,-195.150,3.190,3.400,1.350,-207.345,-109.176,0.000,-0.520,5.750
62,3,-199.570,-195.150,3.190,3.400,1.350,-209.937,-80.518,0.000,-0.520,5.750
63,3,-199.290,-189.580,3.530,3.520,1.340,-200.560,-159.665,0.000,-0.250,5.890
63,3,-199.290,-189.580,3.530,3.520,1.340,-201.829,-129.749,0.000,-0.250,5.890
63,3,-199.290,-189.580,3.530,3.520,1.340,-203.099,-99.834,0.000,-0.250,5.890
63,3,-199.290,-189.580,3.530,3.520,1.340,-204.369,-69.919,0.000,-0.250,5.890
65,3,-194.800,-176.210,9.090,4.900,0.710,-188.427,-145.490,0.000,1.280,6.170
65,3,-194.800,-176.210,9.090,4.900,0.710,-182.054,-114.769,0.000,1.280,6.170
65,3,-194.800,-176.210,9.090,4.900,0.710,-175.681,-84.049,0.000,1.280,6.170
65,3,-194.800,-176.210,9.090,4.900,0.710,-169.308,-53.328,0.000,1.280,6.170
66,3,-189.810,-170.650,7.640,5.450,0.540,-176.361,-141.212,0.000,2.700,5.910
66,3,-189.810,-170.650,7.640,5.450,0.540,-162.913,-111.775,0.000,2.700,5.910
66,3,-189.810,-170.650,7.640,5.450,0.540,-149.464,-82.337,0.000,2.700,5.910
66,3,-189.810,-170.650,7.640,5.450,0.540,-136.015,-52.899,0.000,2.700,5.910
67,3,-185.290,-166.330,10.830,6.050,0.180,-168.305,-140.080,0.000,3.410,5.270
67,3,-185.290,-166.330,10.830,6.050,0.180,-151.320,-113.830,0.000,3.410,5.270
67,3,-185.290,-166.330,10.830,6.050,0.180,-134.334,-87.580,0.000,3.410,5.270
67,3,-185.290,-166.330,10.830,6.050,0.180,-117.349,-61.331,0.000,3.410,5.270
68,3,-179.820,-163.310,6.940,14.070,1.280,-159.049,-141.145,0.000,4.170,4.450
68,3,-179.820,-163.310,6.940,14.070,1.280,-138.278,-118.979,0.000,4.170,4.450
68,3,-179.820,-163.310,6.940,14.070,1.280,-117.508,-96.814,0.000,4.170,4.450
68,3,-179.820,-163.310,6.940,14.070,1.280,-96.737,-74.648,0.000,4.170,4.450
69,3,-173.040,-163.230,5.120,12.540,0.970,-146.437,-147.745,0.000,5.240,3.050
69,3,-173.040,-163.230,5.120,12.540,0.970,-119.833,-132.260,0.000,5.240,3.050
69,3,-173.040,-163.230,5.120,12.540,0.970,-93.230,-116.775,0.000,5.240,3.050
69,3,-173.040,-163.230,5.120,12.540,0.970,-66.626,-101.291,0.000,5.240,3.050
70,3,-165.700,-164.990,6.170,13.010,0.760,-136.904,-158.762,0.000,5.780,1.250
70,3,-165.700,-164.990,6.170,13.010,0.760,-108.108,-152.535,0.000,5.780,1.250
70,3,-165.700,-164.990,6.170,13.010,0.760,-79.312,-146.307,0.000,5.780,1.250
70,3,-165.700,-164.990,6.170,13.010,0.760,-50.516,-140.080,0.000,5.780,1.250
71,3,-160.050,-168.760,4.780,13.670,0.220,-131.559,-171.151,0.000,5.720,-0.480
71,3,-160.050,-168.760,4.780,13.670,0.220,-103.067,-173.542,0.000,5.720,-0.480
71,3,-160.050,-168.760,4.780,13.670,0.220,-74.576,-175.933,0.000,5.720,-0.480
71,3,-160.050,-168.760,4.780,13.670,0.220,-46.085,-178.324,0.000,5.720,-0.480
72,3,-156.550,-172.040,17.000,5.800,1.510,-128.925,-179.866,0.000,5.330,-1.510
72,3,-156.550,-172.040,17.000,5.800,1.510,-101.299,-187.693,0.000,5.330,-1.510
72,3,-156.550,-172.040,17.000,5.800,1.510,-73.674,-195.519,0.000,5.330,-1.510
72,3,-156.550,-172.040,17.000,5.800,1.510,-46.048,-203.345,0.000,5.330,-1.510
77,3,-158.340,-207.880,6.570,3.340,0.800,-162.574,-241.303,0.000,-0.850,-6.710
77,3,-158.340,-207.880,6.570,3.340,0.800,-166.808,-274.725,0.000,-0.850,-6.710
77,3,-158.340,-207.880,6.570,3.340,0.800,-171.042,-308.148,0.000,-0.850,-6.710
77,3,-158.340,-207.880,6.570,3.340,0.800,-175.275,-341.570,0.000,-0.850,-6.710
78,3,-160.940,-215.450,4.860,1.760,1.500,-168.409,-252.287,0.000,-1.470,-7.250
78,3,-160.940,-215.450,4.860,1.760,1.500,-175.878,-289.124,0.000,-1.470,-7.250
78,3,-160.940,-215.450,4.860,1.760,1.500,-183.347,-325.962,0.000,-1.470,-7.250
78,3,-160.940,-215.450,4.860,1.760,1.500,-190.816,-362.799,0.000,-1.470,-7.250
79,3,-162.300,-223.200,1.790,0.560,0.900,-168.972,-258.949,0.000,-1.340,-7.180
79,3,-162.300,-223.200,1.790,0.560,0.900,-175.644,-294.698,0.000,-1.340,-7.180
79,3,-162.300,-223.200,1.790,0.560,0.900,-182.316,-330.448,0.000,-1.340,-7.180
79,3,-162.300,-223.200,1.790,0.560,0.900,-188.987,-366.197,0.000,-1.340,-7.180
80,3,-163.610,-230.540,2.660,1.870,0.830,-169.805,-264.588,0.000,-1.270,-6.980
80,3,-163.610,-230.540,2.660,1.870,0.830,-176.000,-298.637,0.000,-1.270,-6.980
80,3,-163.610,-230.540,2.660,1.870,0.830,-182.195,-332.685,0.000,-1.270,-6.980
80,3,-163.610,-230.540,2.660,1.870,0.830,-188.390,-366.734,0.000,-1.270,-6.980
81,3,-164.340,-236.610,2.870,4.420,0.570,-169.916,-271.065,0.000,-1.120,-6.920
81,3,-164.340,-236.610,2.870,4.420,0.570,-175.493,-305.519,0.000,-1.120,-6.920
81,3,-164.340,-236.610,2.870,4.420,0.570,-181.069,-339.974,0.000,-1.120,-6.920
81,3,-164.340,-236.610,2.870,4.420,0.570,-186.646,-374.429,0.000,-1.120,-6.920
82,3,-165.120,-243.440,1.460,2.770,1.240,-170.151,-277.759,0.000,-1.010,-6.890
82,3,-165.120,-243.440,1.460,2.770,1.240,-175.182,-312.078,0.000,-1.010,-6.890
82,3,-165.120,-243.440,1.460,2.770,1.240,-180.212,-346.397,0.000,-1.010,-6.890
82,3,-165.120,-243.440,1.460,2.770,1.240,-185.243,-380.716,0.000,-1.010,-6.890
83,3,-166.100,-251.010,2.920,3.490,0.130,-170.784,-284.626,0.000,-0.960,-6.890
83,3,-166.100,-251.010,2.920,3.490,0.130,-175.468,-318.243,0.000,-0.960,-6.890
83,3,-166.100,-251.010,2.920,3.490,0.130,-180.152,-351.859,0.000,-0.960,-6.890
83,3,-166.100,-251.010,2.920,3.490,0.130,-184.835,-385.475,0.000,-0.960,-6.890
84,3,-166.190,-256.970,3.340,2.860,0.830,-169.627,-290.791,0.000,-0.690,-6.790
84,3,-166.190,-256.970,3.340,2.860,0.830,-173.064,-324.612,0.000,-0.690,-6.790
84,3,-166.190,-256.970,3.340,2.860,0.830,-176.501,-358.433,0.000,-0.690,-6.790
84,3,-166.190,-256.970,3.340,2.860,0.830,-179.938,-392.254,0.000,-0.690,-6.790
85,3,-166.660,-263.510,2.990,2.370,0.190,-169.697,-296.869,0.000,-0.610,-6.700
85,3,-166.660,-263.510,2.990,2.370,0.190,-172.734,-330.229,0.000,-0.610,-6.700
85,3,-166.660,-263.510,2.990,2.370,0.190,-175.772,-363.588,0.000,-0.610,-6.700
85,3,-166.660,-263.510,2.990,2.370,0.190,-178.809,-396.947,0.000,-0.610,-6.700
86,3,-166.890,-268.170,1.580,1.730,1.470,-169.532,-301.536,0.000,-0.510,-6.440
86,3,-166.890,-268.170,1.580,1.730,1.470,-172.175,-334.901,0.000,-0.510,-6.440
86,3,-166.890,-268.170,1.580,1.730,1.470,-174.817,-368.267,0.000,-0.510,-6.440
86,3,-166.890,-268.170,1.580,1.730,1.470,-177.459,-401.633,0.000,-0.510,-6.440
87,3,-167.250,-275.570,2.250,1.960,0.100,-169.389,-306.962,0.000,-0.430,-6.310
87,3,-167.250,-275.570,2.250,1.960,0.100,-171.528,-338.354,0.000,-0.430,-6.310
87,3,-167.250,-275.570,2.250,1.960,0.100,-173.668,-369.747,0.000,-0.430,-6.310
87,3,-167.250,-275.570,2.250,1.960,0.100,-175.807,-401.139,0.000,-0.430,-6.310
88,3,-167.790,-281.120,3.130,2.000,1.470,-170.081,-311.249,0.000,-0.460,-6.050
88,3,-167.790,-281.120,3.130,2.000,1.470,-172.372,-341.378,0.000,-0.460,-6.050
88,3,-167.790,-281.120,3.130,2.000,1.470,-174.662,-371.507,0.000,-0.460,-6.050
88,3,-167.790,-281.120,3.130,2.000,1.470,-176.953,-401.636,0.000,-0.460,-6.050
89,3,-168.160,-286.580,2.090,1.580,1.470,-170.395,-317.314,0.000,-0.440,-6.050
89,3,-168.160,-286.580,2.090,1.580,1.470,-172.630,-348.048,0.000,-0.440,-6.050
89,3,-168.160,-286.580,2.090,1.580,1.470,-174.866,-378.782,0.000,-0.440,-6.050
89,3,-168.160,-286.580,2.090,1.580,1.470,-177.101,-409.516,0.000,-0.440,-6.050
90,3,-168.460,-291.940,2.200,3.020,0.130,-170.441,-321.455,0.000,-0.390,-5.810
90,3,-168.460,-291.940,2.200,3.020,0.130,-172.422,-350.970,0.000,-0.390,-5.810
90,3,-168.460,-291.940,2.200,3.020,0.130,-174.404,-380.484,0.000,-0.390,-5.810
90,3,-168.460,-291.940,2.200,3.020,0.130,-176.385,-409.999,0.000,-0.390,-5.810
91,3,-168.990,-297.690,3.140,1.800,0.870,-171.081,-325.473,0.000,-0.420,-5.580
91,3,-168.990,-297.690,3.140,1.800,0.870,-173.172,-353.256,0.000,-0.420,-5.580
91,3,-168.990,-297.690,3.140,1.800,0.870,-175.264,-381.038,0.000,-0.420,-5.580
91,3,-168.990,-297.690,3.140,1.800,0.870,-177.355,-408.821,0.000,-0.420,-5.580
92,3,-169.260,-302.390,1.520,3.310,0.050,-171.102,-328.679,0.000,-0.370,-5.280
92,3,-169.260,-302.390,1.520,3.310,0.050,-172.944,-354.968,0.000,-0.370,-5.280
92,3,-169.260,-302.390,1.520,3.310,0.050,-174.787,-381.257,0.000,-0.370,-5.280
92,3,-169.260,-302.390,1.520,3.310,0.050,-176.629,-407.546,0.000,-0.370,-5.280
93,3,-169.530,-306.670,1.860,2.710,0.160,-171.307,-332.619,0.000,-0.350,-5.110
93,3,-169.530,-306.670,1.860,2.710,0.160,-173.085,-358.567,0.000,-0.350,-5.110
93,3,-169.530,-306.670,1.860,2.710,0.160,-174.862,-384.516,0.000,-0.350,-5.110
93,3,-169.530,-306.670,1.860,2.710,0.160,-176.639,-410.464,0.000,-0.350,-5.110
94,3,-169.760,-311.010,1.170,3.180,0.150,-171.418,-336.967,0.000,-0.320,-5.010
94,3,-169.760,-311.010,1.170,3.180,0.150,-173.076,-362.924,0.000,-0.320,-5.010
94,3,-169.760,-311.010,1.170,3.180,0.150,-174.734,-388.880,0.000,-0.320,-5.010
94,3,-169.760,-311.010,1.170,3.180,0.150,-176.392,-414.837,0.000,-0.320,-5.010
95,3,-169.820,-316.720,1.490,3.190,0.240,-170.844,-339.988,0.000,-0.210,-4.770
95,3,-169.820,-316.720,1.490,3.190,0.240,-171.869,-363.256,0.000,-0.210,-4.770
95,3,-169.820,-316.720,1.490,3.190,0.240,-172.893,-386.524,0.000,-0.210,-4.770
95,3,-169.820,-316.720,1.490,3.190,0.240,-173.918,-409.792,0.000,-0.210,-4.770
96,3,-168.860,-320.310,2.710,3.810,0.330,-167.864,-343.019,0.000,0.200,-4.560
96,3,-168.860,-320.310,2.710,3.810,0.330,-166.868,-365.728,0.000,0.200,-4.560
96,3,-168.860,-320.310,2.710,3.810,0.330,-165.872,-388.436,0.000,0.200,-4.560
96,3,-168.860,-320.310,2.710,3.810,0.330,-164.876,-411.145,0.000,0.200,-4.560
104,3,-156.830,-354.980,3.080,1.580,0.650,-145.925,-376.300,0.000,2.230,-4.360
104,3,-156.830,-354.980,3.080,1.580,0.650,-135.021,-397.621,0.000,2.230,-4.360
104,3,-156.830,-354.980,3.080,1.580,0.650,-124.116,-418.941,0.000,2.230,-4.360
104,3,-156.830,-354.980,3.080,1.580,0.650,-113.211,-440.262,0.000,2.230,-4.360
105,3,-154.640,-359.070,1.630,4.490,0.290,-143.091,-381.222,0.000,2.320,-4.450
105,3,-154.640,-359.070,1.630,4.490,0.290,-131.542,-403.374,0.000,2.320,-4.450
105,3,-154.640,-359.070,1.630,4.490,0.290,-119.993,-425.526,0.000,2.320,-4.450
105,3,-154.640,-359.070,1.630,4.490,0.290,-108.444,-447.678,0.000,2.320,-4.450
106,3,-152.550,-363.450,3.500,1.680,1.560,-141.447,-385.457,0.000,2.230,-4.420
106,3,-152.550,-363.450,3.500,1.680,1.560,-130.344,-407.464,0.000,2.230,-4.420
106,3,-152.550,-363.450,3.500,1.680,1.560,-119.240,-429.472,0.000,2.230,-4.420
106,3,-152.550,-363.450,3.500,1.680,1.560,-108.137,-451.479,0.000,2.230,-4.420
107,3,-150.480,-367.690,2.170,4.970,0.320,-139.604,-389.392,0.000,2.180,-4.350
107,3,-150.480,-367.690,2.170,4.970,0.320,-128.728,-411.094,0.000,2.180,-4.350
107,3,-150.480,-367.690,2.170,4.970,0.320,-117.852,-432.796,0.000,2.180,-4.350
107,3,-150.480,-367.690,2.170,4.970,0.320,-106.976,-454.499,0.000,2.180,-4.350
108,3,-148.890,-371.790,1.690,4.550,0.320,-138.527,-394.244,0.000,2.040,-4.420
108,3,-148.890,-371.790,1.690,4.550,0.320,-128.164,-416.697,0.000,2.040,-4.420
108,3,-148.890,-371.790,1.690,4.550,0.320,-117.800,-439.151,0.000,2.040,-4.420
108,3,-148.890,-371.790,1.690,4.550,0.320,-107.437,-461.604,0.000,2.040,-4.420
109,3,-146.790,-376.270,3.580,1.860,1.550,-136.890,-397.613,0.000,1.990,-4.290
109,3,-146.790,-376.270,3.580,1.860,1.550,-126.990,-418.955,0.000,1.990,-4.290
109,3,-146.790,-376.270,3.580,1.860,1.550,-117.089,-440.298,0.000,1.990,-4.290
109,3,-146.790,-376.270,3.580,1.860,1.550,-107.189,-461.641,0.000,1.990,-4.290
110,3,-145.430,-380.010,2.860,3.280,0.460,-135.590,-402.798,0.000,1.900,-4.400
110,3,-145.430,-380.010,2.860,3.280,0.460,-125.750,-425.585,0.000,1.900,-4.400
110,3,-145.430,-380.010,2.860,3.280,0.460,-115.910,-448.373,0.000,1.900,-4.400
110,3,-145.430,-380.010,2.860,3.280,0.460,-106.070,-471.160,0.000,1.900,-4.400
111,3,-143.390,-382.510,3.350,0.130,1.450,-134.282,-400.228,0.000,1.830,-3.560
111,3,-143.390,-382.510,3.350,0.130,1.450,-125.174,-417.946,0.000,1.830,-3.560
111,3,-143.390,-382.510,3.350,0.130,1.450,-116.066,-435.664,0.000,1.830,-3.560
111,3,-143.390,-382.510,3.350,0.130,1.450,-106.958,-453.382,0.000,1.830,-3.560
112,3,-144.770,-381.740,0.090,0.840,0.140,-139.943,-393.630,0.000,0.950,-2.340
112,3,-144.770,-381.740,0.090,0.840,0.140,-135.116,-405.519,0.000,0.950,-2.340
112,3,-144.770,-381.740,0.090,0.840,0.140,-130.289,-417.409,0.000,0.950,-2.340
112,3,-144.770,-381.740,0.090,0.840,0.140,-125.462,-429.298,0.000,0.950,-2.340
113,3,-139.740,-392.970,1.780,7.640,0.400,-129.664,-413.122,0.000,1.980,-3.960
113,3,-139.740,-392.970,1.780,7.640,0.400,-119.588,-433.275,0.000,1.980,-3.960
113,3,-139.740,-392.970,1.780,7.640,0.400,-109.511,-453.427,0.000,1.980,-3.960
113,3,-139.740,-392.970,1.780,7.640,0.400,-99.435,-473.580,0.000,1.980,-3.960
114,3,-136.840,-399.330,1.700,6.900,0.370,-126.295,-421.494,0.000,2.160,-4.540
114,3,-136.840,-399.330,1.700,6.900,0.370,-115.750,-443.659,0.000,2.160,-4.540
114,3,-136.840,-399.330,1.700,6.900,0.370,-105.205,-465.823,0.000,2.160,-4.540
114,3,-136.840,-399.330,1.700,6.900,0.370,-94.660,-487.987,0.000,2.160,-4.540
115,3,-134.850,-403.650,2.100,3.850,0.610,-123.994,-426.658,0.000,2.180,-4.620
115,3,-134.850,-403.650,2.100,3.850,0.610,-113.137,-449.665,0.000,2.180,-4.620
115,3,-134.850,-403.650,2.100,3.850,0.610,-102.281,-472.673,0.000,2.180,-4.620
115,3,-134.850,-403.650,2.100,3.850,0.610,-91.424,-495.680,0.000,2.180,-4.620
116,3,-132.720,-407.670,2.170,5.940,0.610,-121.297,-430.923,0.000,2.250,-4.580
116,3,-132.720,-407.670,2.170,5.940,0.610,-109.874,-454.175,0.000,2.250,-4.580
116,3,-132.720,-407.670,2.170,5.940,0.610,-98.450,-477.428,0.000,2.250,-4.580
116,3,-132.720,-407.670,2.170,5.940,0.610,-87.027,-500.681,0.000,2.250,-4.580
117,3,-130.270,-412.800,2.540,5.870,0.320,-119.072,-435.844,0.000,2.250,-4.630
117,3,-130.270,-412.800,2.540,5.870,0.320,-107.874,-458.887,0.000,2.250,-4.630
117,3,-130.270,-412.800,2.540,5.870,0.320,-96.675,-481.931,0.000,2.250,-4.630
117,3,-130.270,-412.800,2.540,5.870,0.320,-85.477,-504.974,0.000,2.250,-4.630
118,3,-127.860,-417.910,3.050,6.710,0.880,-116.955,-440.551,0.000,2.230,-4.630
118,3,-127.860,-417.910,3.050,6.710,0.880,-106.051,-463.191,0.000,2.230,-4.630
118,3,-127.860,-417.910,3.050,6.710,0.880,-95.146,-485.832,0.000,2.230,-4.630
118,3,-127.860,-417.910,3.050,6.710,0.880,-84.241,-508.473,0.000,2.230,-4.630
119,3,-126.300,-421.060,3.010,7.680,0.490,-115.329,-443.611,0.000,2.160,-4.440
119,3,-126.300,-421.060,3.010,7.680,0.490,-104.359,-466.162,0.000,2.160,-4.440
119,3,-126.300,-421.060,3.010,7.680,0.490,-93.388,-488.712,0.000,2.160,-4.440
119,3,-126.300,-421.060,3.010,7.680,0.490,-82.417,-511.263,0.000,2.160,-4.440
120,3,-123.980,-425.320,3.080,7.380,0.920,-112.017,-448.833,0.000,2.310,-4.540
120,3,-123.980,-425.320,3.080,7.380,0.920,-100.053,-472.345,0.000,2.310,-4.540
120,3,-123.980,-425.320,3.080,7.380,0.920,-88.090,-495.858,0.000,2.310,-4.540
120,3,-123.980,-425.320,3.080,7.380,0.920,-76.126,-519.371,0.000,2.310,-4.540
121,3,-120.690,-431.400,2.860,7.070,0.860,-108.929,-453.897,0.000,2.410,-4.610
121,3,-120.690,-431.400,2.860,7.070,0.860,-97.168,-476.394,0.000,2.410,-4.610
121,3,-120.690,-431.400,2.860,7.070,0.860,-85.408,-498.890,0.000,2.410,-4.610
121,3,-120.690,-431.400,2.860,7.070,0.860,-73.647,-521.387,0.000,2.410,-4.610
122,3,-118.480,-435.530,2.940,6.470,1.020,-105.681,-459.706,0.000,2.520,-4.760
122,3,-118.480,-435.530,2.940,6.470,1.020,-92.882,-483.882,0.000,2.520,-4.760
122,3,-118.480,-435.530,2.940,6.470,1.020,-80.083,-508.058,0.000,2.520,-4.760
122,3,-118.480,-435.530,2.940,6.470,1.020,-67.284,-532.234,0.000,2.520,-4.760
123,3,-115.530,-440.790,2.070,3.490,0.020,-102.073,-465.825,0.000,2.650,-4.930
123,3,-115.530,-440.790,2.070,3.490,0.020,-88.617,-490.859,0.000,2.650,-4.930
123,3,-115.530,-440.790,2.070,3.490,0.020,-75.160,-515.894,0.000,2.650,-4.930
123,3,-115.530,-440.790,2.070,3.490,0.020,-61.703,-540.928,0.000,2.650,-4.930
124,3,-112.980,-446.350,3.270,5.100,0.880,-100.400,-471.160,0.000,2.520,-4.970
124,3,-112.980,-446.350,3.270,5.100,0.880,-87.820,-495.970,0.000,2.520,-4.970
124,3,-112.980,-446.350,3.270,5.100,0.880,-75.240,-520.781,0.000,2.520,-4.970
124,3,-112.980,-446.350,3.270,5.100,0.880,-62.661,-545.591,0.000,2.520,-4.970
125,3,-110.320,-451.190,1.920,3.910,0.550,-97.496,-475.741,0.000,2.570,-4.920
125,3,-110.320,-451.190,1.920,3.910,0.550,-84.671,-500.292,0.000,2.570,-4.920
125,3,-110.320,-451.190,1.920,3.910,0.550,-71.847,-524.842,0.000,2.570,-4.920
125,3,-110.320,-451.190,1.920,3.910,0.550,-59.023,-549.393,0.000,2.570,-4.920
126,3,-107.930,-456.270,3.350,4.560,0.250,-95.403,-481.125,0.000,2.510,-4.980
126,3,-107.930,-456.270,3.350,4.560,0.250,-82.875,-505.980,0.000,2.510,-4.980
126,3,-107.930,-456.270,3.350,4.560,0.250,-70.348,-530.836,0.000,2.510,-4.980
126,3,-107.930,-456.270,3.350,4.560,0.250,-57.820,-555.691,0.000,2.510,-4.980
127,3,-105.040,-461.830,1.900,4.510,0.530,-92.581,-486.309,0.000,2.550,-5.010
127,3,-105.040,-461.830,1.900,4.510,0.530,-80.121,-510.788,0.000,2.550,-5.010
127,3,-105.040,-461.830,1.900,4.510,0.530,-67.662,-535.267,0.000,2.550,-5.010
127,3,-105.040,-461.830,1.900,4.510,0.530,-55.203,-559.745,0.000,2.550,-5.010
128,3,-103.090,-465.890,2.990,3.480,1.050,-90.268,-491.483,0.000,2.520,-5.030
128,3,-103.090,-465.890,2.990,3.480,1.050,-77.446,-517.075,0.000,2.520,-5.030
128,3,-103.090,-465.890,2.990,3.480,1.050,-64.625,-542.668,0.000,2.520,-5.030
128,3,-103.090,-465.890,2.990,3.480,1.050,-51.803,-568.261,0.000,2.520,-5.030
129,3,-100.820,-471.210,2.350,3.890,0.310,-88.459,-497.306,0.000,2.430,-5.130
129,3,-100.820,-471.210,2.350,3.890,0.310,-76.097,-523.403,0.000,2.430,-5.130
129,3,-100.820,-471.210,2.350,3.890,0.310,-63.736,-549.499,0.000,2.430,-5.130
129,3,-100.820,-471.210,2.350,3.890,0.310,-51.374,-575.595,0.000,2.430,-5.130
132,3,-94.650,-487.490,1.180,2.690,0.680,-84.273,-513.582,0.000,2.080,-5.230
132,3,-94.650,-487.490,1.180,2.690,0.680,-73.896,-539.675,0.000,2.080,-5.230
132,3,-94.650,-487.490,1.180,2.690,0.680,-63.519,-565.767,0.000,2.080,-5.230
132,3,-94.650,-487.490,1.180,2.690,0.680,-53.142,-591.860,0.000,2.080,-5.230
133,3,-92.670,-492.130,2.890,1.640,1.230,-81.883,-518.638,0.000,2.120,-5.210
133,3,-92.670,-492.130,2.890,1.640,1.230,-71.097,-545.147,0.000,2.120,-5.210
133,3,-92.670,-492.130,2.890,1.640,1.230,-60.310,-571.655,0.000,2.120,-5.210
133,3,-92.670,-492.130,2.890,1.640,1.230,-49.524,-598.164,0.000,2.120,-5.210
134,3,-90.690,-497.790,1.680,4.600,0.200,-80.660,-523.738,0.000,2.010,-5.200
134,3,-90.690,-497.790,1.680,4.600,0.200,-70.630,-549.686,0.000,2.010,-5.200
134,3,-90.690,-497.790,1.680,4.600,0.200,-60.600,-575.634,0.000,2.010,-5.200
134,3,-90.690,-497.790,1.680,4.600,0.200,-50.570,-601.582,0.000,2.010,-5.200
135,3,-88.590,-503.610,1.750,3.260,0.600,-78.419,-530.634,0.000,2.040,-5.420
135,3,-88.590,-503.610,1.750,3.260,0.600,-68.247,-557.658,0.000,2.040,-5.420
135,3,-88.590,-503.610,1.750,3.260,0.600,-58.076,-584.682,0.000,2.040,-5.420
135,3,-88.590,-503.610,1.750,3.260,0.600,-47.904,-611.706,0.000,2.040,-5.420
136,3,-87.160,-508.370,1.030,3.220,0.300,-77.593,-535.698,0.000,1.880,-5.370
136,3,-87.160,-508.370,1.030,3.220,0.300,-68.025,-563.026,0.000,1.880,-5.370
136,3,-87.160,-508.370,1.030,3.220,0.300,-58.458,-590.354,0.000,1.880,-5.370
136,3,-87.160,-508.370,1.030,3.220,0.300,-48.891,-617.682,0.000,1.880,-5.370
137,3,-85.580,-513.630,0.480,2.540,0.040,-77.052,-539.363,0.000,1.710,-5.160
137,3,-85.580,-513.630,0.480,2.540,0.040,-68.524,-565.096,0.000,1.710,-5.160
137,3,-85.580,-513.630,0.480,2.540,0.040,-59.997,-590.829,0.000,1.710,-5.160
137,3,-85.580,-513.630,0.480,2.540,0.040,-51.469,-616.562,0.000,1.710,-5.160
138,3,-83.530,-519.750,1.040,3.920,0.340,-74.884,-545.689,0.000,1.770,-5.310
138,3,-83.530,-519.750,1.040,3.920,0.340,-66.237,-571.629,0.000,1.770,-5.310
138,3,-83.530,-519.750,1.040,3.920,0.340,-57.591,-597.568,0.000,1.770,-5.310
138,3,-83.530,-519.750,1.040,3.920,0.340,-48.944,-623.507,0.000,1.770,-5.310
139,3,-81.930,-524.720,0.930,2.580,0.060,-73.105,-551.545,0.000,1.770,-5.380
139,3,-81.930,-524.720,0.930,2.580,0.060,-64.280,-578.369,0.000,1.770,-5.380
139,3,-81.930,-524.720,0.930,2.580,0.060,-55.454,-605.194,0.000,1.770,-5.380
139,3,-81.930,-524.720,0.930,2.580,0.060,-46.629,-632.019,0.000,1.770,-5.380
140,3,-79.950,-530.830,1.290,3.290,0.360,-71.244,-557.437,0.000,1.780,-5.440
140,3,-79.950,-530.830,1.290,3.290,0.360,-62.538,-584.044,0.000,1.780,-5.440
140,3,-79.950,-530.830,1.290,3.290,0.360,-53.832,-610.651,0.000,1.780,-5.440
140,3,-79.950,-530.830,1.290,3.290,0.360,-45.126,-637.258,0.000,1.780,-5.440
141,3,-78.550,-535.270,0.950,3.150,0.400,-69.548,-563.090,0.000,1.770,-5.470
141,3,-78.550,-535.270,0.950,3.150,0.400,-60.546,-590.911,0.000,1.770,-5.470
141,3,-78.550,-535.270,0.950,3.150,0.400,-51.543,-618.731,0.000,1.770,-5.470
141,3,-78.550,-535.270,0.950,3.150,0.400,-42.541,-646.552,0.000,1.770,-5.470
142,3,-76.800,-541.030,1.560,3.880,0.330,-68.317,-567.876,0.000,1.700,-5.380
142,3,-76.800,-541.030,1.560,3.880,0.330,-59.834,-594.722,0.000,1.700,-5.380
142,3,-76.800,-541.030,1.560,3.880,0.330,-51.351,-621.569,0.000,1.700,-5.380
142,3,-76.800,-541.030,1.560,3.880,0.330,-42.868,-648.415,0.000,1.700,-5.380
143,3,-75.510,-546.140,0.990,3.370,0.320,-67.783,-572.411,0.000,1.550,-5.270
143,3,-75.510,-546.140,0.990,3.370,0.320,-60.057,-598.682,0.000,1.550,-5.270
143,3,-75.510,-546.140,0.990,3.370,0.320,-52.330,-624.953,0.000,1.550,-5.270
143,3,-75.510,-546.140,0.990,3.370,0.320,-44.603,-651.224,0.000,1.550,-5.270
144,3,-73.570,-551.990,1.270,3.160,0.420,-65.601,-577.804,0.000,1.630,-5.280
144,3,-73.570,-551.990,1.270,3.160,0.420,-57.632,-603.618,0.000,1.630,-5.280
144,3,-73.570,-551.990,1.270,3.160,0.420,-49.663,-629.432,0.000,1.630,-5.280
144,3,-73.570,-551.990,1.270,3.160,0.420,-41.694,-655.246,0.000,1.630,-5.280
145,3,-71.940,-556.620,1.760,3.100,0.390,-63.517,-582.736,0.000,1.690,-5.240
145,3,-71.940,-556.620,1.760,3.100,0.390,-55.094,-608.852,0.000,1.690,-5.240
145,3,-71.940,-556.620,1.760,3.100,0.390,-46.671,-634.968,0.000,1.690,-5.240
145,3,-71.940,-556.620,1.760,3.100,0.390,-38.248,-661.085,0.000,1.690,-5.240
146,3,-70.310,-560.910,0.690,3.460,0.100,-61.508,-586.706,0.000,1.730,-5.070
146,3,-70.310,-560.910,0.690,3.460,0.100,-52.706,-612.502,0.000,1.730,-5.070
146,3,-70.310,-560.910,0.690,3.460,0.100,-43.903,-638.298,0.000,1.730,-5.070
146,3,-70.310,-560.910,0.690,3.460,0.100,-35.101,-664.095,0.000,1.730,-5.070
147,3,-68.640,-565.300,0.720,2.200,0.470,-59.459,-591.287,0.000,1.770,-5.010
147,3,-68.640,-565.300,0.720,2.200,0.470,-50.278,-617.274,0.000,1.770,-5.010
147,3,-68.640,-565.300,0.720,2.200,0.470,-41.097,-643.261,0.000,1.770,-5.010
147,3,-68.640,-565.300,0.720,2.200,0.470,-31.916,-669.247,0.000,1.770,-5.010
148,3,-66.000,-571.500,0.810,2.880,0.790,-56.268,-596.854,0.000,1.950,-5.080
148,3,-66.000,-571.500,0.810,2.880,0.790,-46.535,-622.209,0.000,1.950,-5.080
148,3,-66.000,-571.500,0.810,2.880,0.790,-36.803,-647.563,0.000,1.950,-5.080
148,3,-66.000,-571.500,0.810,2.880,0.790,-27.070,-672.917,0.000,1.950,-5.080
149,3,-63.810,-576.130,0.860,2.880,0.710,-53.690,-600.656,0.000,2.030,-4.920
149,3,-63.810,-576.130,0.860,2.880,0.710,-43.571,-625.182,0.000,2.030,-4.920
149,3,-63.810,-576.130,0.860,2.880,0.710,-33.451,-649.709,0.000,2.030,-4.920
149,3,-63.810,-576.130,0.860,2.880,0.710,-23.332,-674.235,0.000,2.030,-4.920
150,3,-61.570,-580.980,1.030,2.990,0.590,-51.093,-605.376,0.000,2.100,-4.890
150,3,-61.570,-580.980,1.030,2.990,0.590,-40.616,-629.772,0.000,2.100,-4.890
150,3,-61.570,-580.980,1.030,2.990,0.590,-30.139,-654.169,0.000,2.100,-4.890
150,3,-61.570,-580.980,1.030,2.990,0.590,-19.662,-678.565,0.000,2.100,-4.890
151,3,-59.530,-585.490,0.590,1.430,0.070,-49.205,-609.183,0.000,2.070,-4.750
151,3,-59.530,-585.490,0.590,1.430,0.070,-38.880,-632.876,0.000,2.070,-4.750
151,3,-59.530,-585.490,0.590,1.430,0.070,-28.555,-656.569,0.000,2.070,-4.750
151,3,-59.530,-585.490,0.590,1.430,0.070,-18.229,-680.262,0.000,2.070,-4.750
152,3,-57.180,-590.420,0.940,3.400,0.530,-46.911,-613.159,0.000,2.100,-4.650
152,3,-57.180,-590.420,0.940,3.400,0.530,-36.642,-635.897,0.000,2.100,-4.650
152,3,-57.180,-590.420,0.940,3.400,0.530,-26.373,-658.636,0.000,2.100,-4.650
152,3,-57.180,-590.420,0.940,3.400,0.530,-16.104,-681.374,0.000,2.100,-4.650
153,3,-55.360,-594.350,0.820,3.450,0.510,-45.037,-617.141,0.000,2.070,-4.570
153,3,-55.360,-594.350,0.820,3.450,0.510,-34.714,-639.931,0.000,2.070,-4.570
153,3,-55.360,-594.350,0.820,3.450,0.510,-24.391,-662.722,0.000,2.070,-4.570
153,3,-55.360,-594.350,0.820,3.450,0.510,-14.068,-685.512,0.000,2.070,-4.570
154,3,-53.660,-598.540,0.610,2.130,0.500,-43.933,-620.687,0.000,1.950,-4.440
154,3,-53.660,-598.540,0.610,2.130,0.500,-34.207,-642.833,0.000,1.950,-4.440
154,3,-53.660,-598.540,0.610,2.130,0.500,-24.480,-664.980,0.000,1.950,-4.440
154,3,-53.660,-598.540,0.610,2.130,0.500,-14.754,-687.127,0.000,1.950,-4.440
