8,1,-159.370,-267.090,1.280,0.060,0.300,-152.784,-294.317,0.000,1.270,-5.250
8,1,-159.370,-267.090,1.280,0.060,0.300,-146.198,-321.543,0.000,1.270,-5.250
9,1,-157.160,-273.000,1.760,0.250,0.250,-149.643,-296.478,0.000,1.540,-4.810
9,1,-157.160,-273.000,1.760,0.250,0.250,-142.127,-319.955,0.000,1.540,-4.810
10,1,-155.910,-276.380,1.220,0.030,0.290,-148.130,-299.517,0.000,1.530,-4.550
10,1,-155.910,-276.380,1.220,0.030,0.290,-140.350,-322.654,0.000,1.530,-4.550
12,1,-153.230,-284.910,1.170,0.210,1.380,-146.701,-304.996,0.000,1.310,-4.030
12,1,-153.230,-284.910,1.170,0.210,1.380,-140.172,-325.081,0.000,1.310,-4.030
13,1,-152.440,-289.020,1.320,0.070,0.390,-147.606,-309.351,0.000,0.970,-4.080
13,1,-152.440,-289.020,1.320,0.070,0.390,-142.773,-329.681,0.000,0.970,-4.080
14,1,-150.780,-292.920,0.530,1.270,1.440,-144.000,-312.710,0.000,1.360,-3.970
14,1,-150.780,-292.920,0.530,1.270,1.440,-137.221,-332.501,0.000,1.360,-3.970
15,1,-148.380,-298.080,1.400,0.640,0.710,-139.544,-319.317,0.000,1.810,-4.350
15,1,-148.380,-298.080,1.400,0.640,0.710,-130.707,-340.553,0.000,1.810,-4.350
16,1,-147.060,-301.750,1.740,3.540,0.290,-138.730,-323.049,0.000,1.670,-4.270
16,1,-147.060,-301.750,1.740,3.540,0.290,-130.400,-344.348,0.000,1.670,-4.270
17,1,-145.380,-304.900,1.440,3.230,1.060,-136.332,-324.724,0.000,1.780,-3.900
17,1,-145.380,-304.900,1.440,3.230,1.060,-127.285,-344.547,0.000,1.780,-3.900
18,1,-143.570,-309.210,1.520,1.250,0.340,-135.252,-328.686,0.000,1.670,-3.910
18,1,-143.570,-309.210,1.520,1.250,0.340,-126.933,-348.161,0.000,1.670,-3.910
19,1,-142.080,-313.430,1.290,0.230,0.460,-134.658,-332.278,0.000,1.520,-3.860
19,1,-142.080,-313.430,1.290,0.230,0.460,-127.236,-351.127,0.000,1.520,-3.860
20,1,-140.980,-317.860,2.130,0.750,1.000,-134.202,-339.889,0.000,1.360,-4.420
20,1,-140.980,-317.860,2.130,0.750,1.000,-127.424,-361.919,0.000,1.360,-4.420
21,1,-139.860,-322.460,2.010,0.660,0.480,-133.829,-345.137,0.000,1.210,-4.550
21,1,-139.860,-322.460,2.010,0.660,0.480,-127.799,-367.814,0.000,1.210,-4.550
22,1,-139.860,-327.430,2.620,0.990,1.300,-136.810,-353.104,0.000,0.600,-5.050
22,1,-139.860,-327.430,2.620,0.990,1.300,-133.759,-378.778,0.000,0.600,-5.050
23,1,-140.050,-332.580,2.240,1.710,0.210,-138.983,-358.147,0.000,0.210,-5.030
23,1,-140.050,-332.580,2.240,1.710,0.210,-137.915,-383.715,0.000,0.210,-5.030
24,1,-142.330,-338.370,1.660,0.600,1.100,-147.561,-362.522,0.000,-1.070,-4.940
24,1,-142.330,-338.370,1.660,0.600,1.100,-152.792,-386.673,0.000,-1.070,-4.940
25,1,-145.240,-342.190,2.190,1.060,0.840,-156.010,-365.026,0.000,-2.160,-4.580
25,1,-145.240,-342.190,2.190,1.060,0.840,-166.780,-387.862,0.000,-2.160,-4.580
27,1,-153.120,-348.970,5.170,2.980,0.330,-172.490,-367.272,0.000,-3.810,-3.600
27,1,-153.120,-348.970,5.170,2.980,0.330,-191.860,-385.575,0.000,-3.810,-3.600
28,1,-159.290,-351.240,3.870,5.660,1.370,-181.996,-363.643,0.000,-4.650,-2.540
28,1,-159.290,-351.240,3.870,5.660,1.370,-204.702,-376.046,0.000,-4.650,-2.540
29,1,-163.990,-351.470,4.060,6.690,1.360,-188.885,-358.241,0.000,-5.000,-1.360
29,1,-163.990,-351.470,4.060,6.690,1.360,-213.780,-365.013,0.000,-5.000,-1.360
30,1,-169.440,-350.760,3.680,8.070,1.120,-195.352,-351.806,0.000,-5.200,-0.210
30,1,-169.440,-350.760,3.680,8.070,1.120,-221.263,-352.853,0.000,-5.200,-0.210
31,1,-174.220,-349.010,4.140,8.070,0.860,-198.926,-344.776,0.000,-4.960,0.850
31,1,-174.220,-349.010,4.140,8.070,0.860,-223.632,-340.542,0.000,-4.960,0.850
32,1,-178.380,-345.240,3.470,7.760,0.650,-201.202,-332.932,0.000,-4.580,2.470
32,1,-178.380,-345.240,3.470,7.760,0.650,-224.024,-320.624,0.000,-4.580,2.470
33,1,-181.940,-341.200,3.890,8.240,0.780,-201.469,-324.959,0.000,-3.920,3.260
33,1,-181.940,-341.200,3.890,8.240,0.780,-220.999,-308.717,0.000,-3.920,3.260
35,1,-186.270,-331.200,3.820,7.690,0.110,-197.181,-308.034,0.000,-2.190,4.650
35,1,-186.270,-331.200,3.820,7.690,0.110,-208.091,-284.867,0.000,-2.190,4.650
36,1,-187.060,-324.990,3.490,5.950,0.340,-194.085,-297.340,0.000,-1.410,5.550
36,1,-187.060,-324.990,3.490,5.950,0.340,-201.109,-269.690,0.000,-1.410,5.550
37,1,-187.230,-318.730,4.460,2.350,1.360,-190.967,-289.380,0.000,-0.750,5.890
37,1,-187.230,-318.730,4.460,2.350,1.360,-194.705,-260.030,0.000,-0.750,5.890
38,1,-187.370,-313.930,4.940,2.280,1.560,-189.514,-287.006,0.000,-0.430,5.400
38,1,-187.370,-313.930,4.940,2.280,1.560,-191.658,-260.081,0.000,-0.430,5.400
39,1,-187.590,-309.170,4.800,1.490,1.410,-189.216,-281.930,0.000,-0.320,5.360
39,1,-187.590,-309.170,4.800,1.490,1.410,-190.842,-254.691,0.000,-0.320,5.360
40,1,-187.990,-304.130,2.110,1.930,0.150,-189.734,-279.813,0.000,-0.350,4.880
40,1,-187.990,-304.130,2.110,1.930,0.150,-191.478,-255.496,0.000,-0.350,4.880
41,1,-188.440,-299.370,1.700,0.820,0.250,-190.434,-275.392,0.000,-0.400,4.810
41,1,-188.440,-299.370,1.700,0.820,0.250,-192.428,-251.414,0.000,-0.400,4.810
42,1,-188.990,-294.090,2.500,1.460,0.370,-191.292,-270.682,0.000,-0.470,4.780
42,1,-188.990,-294.090,2.500,1.460,0.370,-193.593,-247.275,0.000,-0.470,4.780
43,1,-189.180,-290.840,2.170,1.090,0.450,-191.201,-266.381,0.000,-0.390,4.720
43,1,-189.180,-290.840,2.170,1.090,0.450,-193.222,-241.922,0.000,-0.390,4.720
44,1,-189.520,-285.310,1.780,2.790,0.060,-190.995,-260.393,0.000,-0.290,4.900
44,1,-189.520,-285.310,1.780,2.790,0.060,-192.469,-235.477,0.000,-0.290,4.900
45,1,-189.820,-280.090,2.110,3.050,0.270,-191.315,-256.072,0.000,-0.300,4.820
45,1,-189.820,-280.090,2.110,3.050,0.270,-192.810,-232.054,0.000,-0.300,4.820
46,1,-189.730,-275.660,1.200,0.710,0.170,-190.278,-252.824,0.000,-0.110,4.580
46,1,-189.730,-275.660,1.200,0.710,0.170,-190.827,-229.988,0.000,-0.110,4.580
47,1,-190.330,-271.180,1.680,1.790,0.150,-192.514,-246.496,0.000,-0.430,4.860
47,1,-190.330,-271.180,1.680,1.790,0.150,-194.698,-221.812,0.000,-0.430,4.860
48,1,-190.670,-265.860,2.250,3.960,0.340,-192.216,-241.778,0.000,-0.310,4.830
48,1,-190.670,-265.860,2.250,3.960,0.340,-193.761,-217.695,0.000,-0.310,4.830
49,1,-191.300,-261.710,2.050,3.430,0.180,-193.945,-237.704,0.000,-0.520,4.720
49,1,-191.300,-261.710,2.050,3.430,0.180,-196.589,-213.698,0.000,-0.520,4.720
50,1,-192.230,-257.280,1.860,3.660,0.160,-195.991,-234.102,0.000,-0.740,4.560
50,1,-192.230,-257.280,1.860,3.660,0.160,-199.753,-210.923,0.000,-0.740,4.560
51,1,-192.790,-252.790,3.890,2.760,1.200,-196.194,-229.926,0.000,-0.670,4.500
51,1,-192.790,-252.790,3.890,2.760,1.200,-199.599,-207.061,0.000,-0.670,4.500
52,1,-193.330,-248.010,1.920,3.380,0.190,-196.070,-226.139,0.000,-0.550,4.390
52,1,-193.330,-248.010,1.920,3.380,0.190,-198.810,-204.268,0.000,-0.550,4.390
53,1,-193.970,-243.660,2.040,2.320,0.270,-196.860,-221.789,0.000,-0.580,4.390
53,1,-193.970,-243.660,2.040,2.320,0.270,-199.749,-199.918,0.000,-0.580,4.390
54,1,-194.740,-239.220,2.070,2.880,0.200,-198.080,-217.186,0.000,-0.670,4.420
54,1,-194.740,-239.220,2.070,2.880,0.200,-201.420,-195.153,0.000,-0.670,4.420
55,1,-195.300,-234.200,4.070,2.760,0.030,-198.587,-210.490,0.000,-0.660,4.760
55,1,-195.300,-234.200,4.070,2.760,0.030,-201.875,-186.781,0.000,-0.660,4.760
56,1,-196.090,-228.970,2.330,2.560,1.280,-199.779,-204.045,0.000,-0.740,5.000
56,1,-196.090,-228.970,2.330,2.560,1.280,-203.468,-179.120,0.000,-0.740,5.000
57,1,-196.710,-223.550,1.920,2.990,0.180,-199.997,-197.450,0.000,-0.660,5.240
57,1,-196.710,-223.550,1.920,2.990,0.180,-203.285,-171.349,0.000,-0.660,5.240
58,1,-197.320,-218.130,1.830,2.320,1.140,-200.756,-191.487,0.000,-0.690,5.350
58,1,-197.320,-218.130,1.830,2.320,1.140,-204.192,-164.844,0.000,-0.690,5.350
59,1,-198.100,-212.420,1.340,2.090,0.470,-201.736,-184.825,0.000,-0.730,5.540
59,1,-198.100,-212.420,1.340,2.090,0.470,-205.372,-157.231,0.000,-0.730,5.540
60,1,-198.790,-206.250,1.860,3.170,0.150,-202.061,-178.911,0.000,-0.670,5.600
60,1,-198.790,-206.250,1.860,3.170,0.150,-205.332,-151.572,0.000,-0.670,5.600
61,1,-199.150,-201.220,2.260,2.420,0.030,-201.891,-173.365,0.000,-0.550,5.590
61,1,-199.150,-201.220,2.260,2.420,0.030,-204.631,-145.510,0.000,-0.550,5.590
62,1,-199.310,-194.850,5.450,2.570,1.350,-201.054,-165.096,0.000,-0.350,5.970
62,1,-199.310,-194.850,5.450,2.570,1.350,-202.799,-135.341,0.000,-0.350,5.970
63,1,-198.520,-189.060,2.490,2.250,1.340,-196.996,-157.672,0.000,0.300,6.180
63,1,-198.520,-189.060,2.490,2.250,1.340,-195.473,-126.284,0.000,0.300,6.180
64,1,-196.530,-181.520,8.980,2.070,0.860,-191.154,-151.269,0.000,1.100,6.190
64,1,-196.530,-181.520,8.980,2.070,0.860,-185.779,-121.019,0.000,1.100,6.190
65,1,-193.450,-175.800,6.510,3.770,0.710,-181.998,-144.731,0.000,2.300,6.240
65,1,-193.450,-175.800,6.510,3.770,0.710,-170.547,-113.662,0.000,2.300,6.240
66,1,-189.580,-171.250,8.300,3.980,0.420,-172.965,-142.796,0.000,3.270,5.600
66,1,-189.580,-171.250,8.300,3.980,0.420,-156.350,-114.343,0.000,3.270,5.600
67,1,-184.230,-167.370,7.810,3.570,0.160,-161.569,-144.150,0.000,4.460,4.570
67,1,-184.230,-167.370,7.810,3.570,0.160,-138.907,-120.930,0.000,4.460,4.570
68,1,-177.570,-165.310,4.420,8.600,1.280,-150.324,-150.765,0.000,5.470,2.920
68,1,-177.570,-165.310,4.420,8.600,1.280,-123.078,-136.221,0.000,5.470,2.920
69,1,-171.050,-165.000,4.230,8.930,0.950,-140.840,-157.833,0.000,6.070,1.440
69,1,-171.050,-165.000,4.230,8.930,0.950,-110.629,-150.666,0.000,6.070,1.440
70,1,-164.710,-167.240,4.250,8.600,0.750,-133.722,-170.279,0.000,6.220,-0.610
70,1,-164.710,-167.240,4.250,8.600,0.750,-102.734,-173.318,0.000,6.220,-0.610
71,1,-159.780,-170.450,4.570,10.240,0.220,-132.434,-180.910,0.000,5.490,-2.100
71,1,-159.780,-170.450,4.570,10.240,0.220,-105.089,-191.370,0.000,5.490,-2.100
72,1,-157.430,-176.470,4.920,8.580,0.100,-137.098,-198.988,0.000,4.000,-4.430
72,1,-157.430,-176.470,4.920,8.580,0.100,-116.766,-221.505,0.000,4.000,-4.430
73,1,-157.020,-184.030,3.560,5.720,0.010,-147.905,-213.019,0.000,1.830,-5.820
73,1,-157.020,-184.030,3.560,5.720,0.010,-138.790,-242.009,0.000,1.830,-5.820
74,1,-157.510,-189.640,4.880,8.560,0.100,-154.621,-217.832,0.000,0.580,-5.660
74,1,-157.510,-189.640,4.880,8.560,0.100,-151.732,-246.025,0.000,0.580,-5.660
75,1,-158.180,-195.450,8.500,2.280,1.340,-158.827,-224.179,0.000,-0.130,-5.770
75,1,-158.180,-195.450,8.500,2.280,1.340,-159.475,-252.908,0.000,-0.130,-5.770
76,1,-159.250,-202.660,2.740,2.550,0.870,-162.387,-234.974,0.000,-0.630,-6.490
76,1,-159.250,-202.660,2.740,2.550,0.870,-165.524,-267.287,0.000,-0.630,-6.490
77,1,-160.600,-209.280,2.010,2.070,0.800,-165.681,-241.756,0.000,-1.020,-6.520
77,1,-160.600,-209.280,2.010,2.070,0.800,-170.761,-274.232,0.000,-1.020,-6.520
78,1,-161.800,-216.170,2.570,2.350,0.840,-167.279,-249.593,0.000,-1.100,-6.710
78,1,-161.800,-216.170,2.570,2.350,0.840,-172.758,-283.015,0.000,-1.100,-6.710
79,1,-162.020,-222.130,1.100,0.330,0.040,-165.067,-256.058,0.000,-0.600,-6.680
79,1,-162.020,-222.130,1.100,0.330,0.040,-168.115,-289.985,0.000,-0.600,-6.680
80,1,-163.210,-229.660,1.690,1.190,1.460,-167.840,-263.560,0.000,-0.930,-6.810
80,1,-163.210,-229.660,1.690,1.190,1.460,-172.469,-297.460,0.000,-0.930,-6.810
81,1,-163.970,-237.600,2.260,4.320,0.020,-167.776,-271.851,0.000,-0.780,-7.020
81,1,-163.970,-237.600,2.260,4.320,0.020,-171.581,-306.101,0.000,-0.780,-7.020
82,1,-164.810,-243.030,2.490,4.070,0.060,-169.586,-278.191,0.000,-0.940,-6.920
82,1,-164.810,-243.030,2.490,4.070,0.060,-174.362,-313.351,0.000,-0.940,-6.920
83,1,-165.690,-248.850,1.880,4.170,0.240,-170.558,-283.549,0.000,-0.940,-6.700
83,1,-165.690,-248.850,1.880,4.170,0.240,-175.427,-318.249,0.000,-0.940,-6.700
84,1,-165.860,-256.690,2.480,2.970,0.830,-168.201,-289.166,0.000,-0.470,-6.520
84,1,-165.860,-256.690,2.480,2.970,0.830,-170.542,-321.642,0.000,-0.470,-6.520
85,1,-166.370,-262.290,1.920,3.430,0.240,-168.909,-294.440,0.000,-0.500,-6.330
85,1,-166.370,-262.290,1.920,3.430,0.240,-171.449,-326.590,0.000,-0.500,-6.330
86,1,-166.940,-269.630,1.090,1.820,0.100,-169.136,-300.039,0.000,-0.450,-6.230
86,1,-166.940,-269.630,1.090,1.820,0.100,-171.333,-330.447,0.000,-0.450,-6.230
87,1,-167.300,-274.560,2.000,0.710,0.300,-169.584,-305.923,0.000,-0.450,-6.180
87,1,-167.300,-274.560,2.000,0.710,0.300,-171.867,-337.287,0.000,-0.450,-6.180
88,1,-167.470,-280.360,2.490,1.020,0.310,-168.994,-310.789,0.000,-0.300,-5.990
88,1,-167.470,-280.360,2.490,1.020,0.310,-170.518,-341.218,0.000,-0.300,-5.990
89,1,-168.320,-286.390,2.850,1.510,1.470,-171.114,-316.870,0.000,-0.550,-6.000
89,1,-168.320,-286.390,2.850,1.510,1.470,-173.908,-347.350,0.000,-0.550,-6.000
90,1,-168.500,-292.190,1.930,3.280,0.060,-170.094,-319.978,0.000,-0.320,-5.580
90,1,-168.500,-292.190,1.930,3.280,0.060,-171.687,-347.767,0.000,-0.320,-5.580
91,1,-168.850,-296.620,1.510,1.530,0.100,-170.628,-323.082,0.000,-0.350,-5.210
91,1,-168.850,-296.620,1.510,1.530,0.100,-172.405,-349.543,0.000,-0.350,-5.210
92,1,-169.100,-301.770,1.440,2.270,0.050,-170.444,-326.366,0.000,-0.270,-4.940
92,1,-169.100,-301.770,1.440,2.270,0.050,-171.789,-350.963,0.000,-0.270,-4.940
93,1,-169.400,-306.490,1.850,1.030,0.320,-170.844,-330.434,0.000,-0.290,-4.810
93,1,-169.400,-306.490,1.850,1.030,0.320,-172.287,-354.378,0.000,-0.290,-4.810
94,1,-169.460,-311.110,1.290,2.530,0.960,-170.324,-336.413,0.000,-0.170,-4.980
94,1,-169.460,-311.110,1.290,2.530,0.960,-171.188,-361.717,0.000,-0.170,-4.980
95,1,-169.450,-315.340,2.360,0.960,0.260,-169.704,-338.496,0.000,-0.050,-4.560
95,1,-169.450,-315.340,2.360,0.960,0.260,-169.958,-361.651,0.000,-0.050,-4.560
96,1,-168.730,-320.250,2.710,1.480,0.330,-166.937,-342.959,0.000,0.360,-4.560
96,1,-168.730,-320.250,2.710,1.480,0.330,-165.144,-365.668,0.000,0.360,-4.560
97,1,-167.600,-324.230,1.600,2.520,1.430,-163.434,-346.785,0.000,0.820,-4.440
97,1,-167.600,-324.230,1.600,2.520,1.430,-159.269,-369.340,0.000,0.820,-4.440
98,1,-166.520,-329.210,2.740,2.890,0.390,-161.431,-351.162,0.000,1.020,-4.400
98,1,-166.520,-329.210,2.740,2.890,0.390,-156.342,-373.113,0.000,1.020,-4.400
100,1,-164.470,-337.570,2.100,2.830,0.350,-159.730,-359.073,0.000,0.950,-4.310
100,1,-164.470,-337.570,2.100,2.830,0.350,-154.991,-380.575,0.000,0.950,-4.310
101,1,-162.690,-342.220,1.280,2.380,1.270,-156.267,-365.173,0.000,1.290,-4.610
101,1,-162.690,-342.220,1.280,2.380,1.270,-149.844,-388.126,0.000,1.290,-4.610
102,1,-160.730,-346.130,2.430,2.320,0.580,-151.752,-368.982,0.000,1.760,-4.480
102,1,-160.730,-346.130,2.430,2.320,0.580,-142.774,-391.835,0.000,1.760,-4.480
103,1,-158.780,-350.600,1.800,2.690,0.620,-150.168,-371.707,0.000,1.730,-4.240
103,1,-158.780,-350.600,1.800,2.690,0.620,-141.556,-392.813,0.000,1.730,-4.240
104,1,-157.200,-354.540,2.040,4.540,0.460,-148.140,-376.580,0.000,1.780,-4.330
104,1,-157.200,-354.540,2.040,4.540,0.460,-139.080,-398.619,0.000,1.780,-4.330
105,1,-154.750,-359.350,1.780,4.910,0.290,-144.446,-380.855,0.000,2.070,-4.320
105,1,-154.750,-359.350,1.780,4.910,0.290,-134.141,-402.360,0.000,2.070,-4.320
106,1,-152.550,-363.600,3.790,1.680,1.560,-142.044,-384.860,0.000,2.110,-4.270
106,1,-152.550,-363.600,3.790,1.680,1.560,-131.539,-406.121,0.000,2.110,-4.270
107,1,-150.510,-367.660,2.210,4.900,0.320,-140.033,-388.414,0.000,2.100,-4.160
107,1,-150.510,-367.660,2.210,4.900,0.320,-129.556,-409.168,0.000,2.100,-4.160
108,1,-148.680,-372.120,2.120,4.520,0.490,-138.869,-393.783,0.000,1.970,-4.350
108,1,-148.680,-372.120,2.120,4.520,0.490,-129.059,-415.446,0.000,1.970,-4.350
109,1,-146.620,-376.180,3.380,2.200,1.550,-136.770,-397.025,0.000,1.980,-4.190
109,1,-146.620,-376.180,3.380,2.200,1.550,-126.919,-417.870,0.000,1.980,-4.190
110,1,-145.190,-381.160,3.590,4.750,0.910,-136.975,-404.412,0.000,1.650,-4.670
110,1,-145.190,-381.160,3.590,4.750,0.910,-128.759,-427.664,0.000,1.650,-4.670
111,1,-146.640,-378.810,5.860,0.260,1.490,-145.197,-384.583,0.000,0.290,-1.160
111,1,-146.640,-378.810,5.860,0.260,1.490,-143.753,-390.357,0.000,0.290,-1.160
113,1,-138.960,-394.230,2.010,3.250,0.560,-126.861,-416.835,0.000,2.430,-4.540
113,1,-138.960,-394.230,2.010,3.250,0.560,-114.762,-439.439,0.000,2.430,-4.540
114,1,-136.870,-399.360,1.660,4.810,0.360,-125.561,-423.523,0.000,2.270,-4.850
114,1,-136.870,-399.360,1.660,4.810,0.360,-114.252,-447.685,0.000,2.270,-4.850
115,1,-135.040,-403.370,2.170,3.760,0.450,-124.118,-427.144,0.000,2.150,-4.680
115,1,-135.040,-403.370,2.170,3.760,0.450,-113.196,-450.919,0.000,2.150,-4.680
116,1,-132.570,-407.980,2.890,3.240,0.700,-121.621,-429.829,0.000,2.200,-4.390
116,1,-132.570,-407.980,2.890,3.240,0.700,-110.671,-451.678,0.000,2.200,-4.390
117,1,-130.220,-412.790,2.140,3.820,0.320,-118.872,-435.983,0.000,2.280,-4.660
117,1,-130.220,-412.790,2.140,3.820,0.320,-107.525,-459.176,0.000,2.280,-4.660
118,1,-128.200,-417.430,3.230,6.450,0.880,-117.172,-440.883,0.000,2.210,-4.700
118,1,-128.200,-417.430,3.230,6.450,0.880,-106.144,-464.336,0.000,2.210,-4.700
119,1,-125.720,-421.830,3.040,6.470,0.290,-113.671,-444.733,0.000,2.420,-4.600
119,1,-125.720,-421.830,3.040,6.470,0.290,-101.622,-467.637,0.000,2.420,-4.600
120,1,-123.090,-426.390,2.750,6.040,0.940,-110.642,-449.194,0.000,2.500,-4.580
120,1,-123.090,-426.390,2.750,6.040,0.940,-98.195,-471.998,0.000,2.500,-4.580
121,1,-120.950,-430.760,3.610,6.740,0.360,-108.656,-454.839,0.000,2.420,-4.740
121,1,-120.950,-430.760,3.610,6.740,0.360,-96.363,-478.918,0.000,2.420,-4.740
122,1,-118.250,-436.220,1.980,3.870,0.070,-105.753,-460.567,0.000,2.510,-4.890
122,1,-118.250,-436.220,1.980,3.870,0.070,-93.255,-484.915,0.000,2.510,-4.890
123,1,-115.630,-440.780,1.880,3.460,0.020,-102.021,-466.018,0.000,2.680,-4.970
123,1,-115.630,-440.780,1.880,3.460,0.020,-88.412,-491.255,0.000,2.680,-4.970
124,1,-112.950,-446.280,3.130,5.120,0.880,-100.220,-471.040,0.000,2.550,-4.960
124,1,-112.950,-446.280,3.130,5.120,0.880,-87.491,-495.801,0.000,2.550,-4.960
125,1,-110.280,-451.080,1.730,3.770,0.550,-97.356,-475.331,0.000,2.590,-4.860
125,1,-110.280,-451.080,1.730,3.770,0.550,-84.432,-499.583,0.000,2.590,-4.860
126,1,-108.000,-456.370,3.170,4.390,0.250,-95.872,-481.824,0.000,2.430,-5.100
126,1,-108.000,-456.370,3.170,4.390,0.250,-83.744,-507.278,0.000,2.430,-5.100
127,1,-105.500,-460.950,3.120,3.410,0.970,-92.327,-486.787,0.000,2.590,-5.080
127,1,-105.500,-460.950,3.120,3.410,0.970,-79.155,-512.624,0.000,2.590,-5.080
128,1,-102.900,-466.580,3.030,3.650,0.940,-90.580,-492.119,0.000,2.470,-5.120
128,1,-102.900,-466.580,3.030,3.650,0.940,-78.259,-517.657,0.000,2.470,-5.120
129,1,-101.010,-471.370,1.880,3.710,0.310,-89.412,-497.924,0.000,2.280,-5.220
129,1,-101.010,-471.370,1.880,3.710,0.310,-77.813,-524.478,0.000,2.280,-5.220
130,1,-98.790,-476.540,2.450,3.640,1.150,-87.287,-502.906,0.000,2.260,-5.180
130,1,-98.790,-476.540,2.450,3.640,1.150,-75.783,-529.272,0.000,2.260,-5.180
131,1,-97.140,-481.390,1.800,3.730,0.220,-86.353,-508.876,0.000,2.080,-5.300
131,1,-97.140,-481.390,1.800,3.730,0.220,-75.566,-536.362,0.000,2.080,-5.300
132,1,-94.750,-487.560,1.830,2.980,0.680,-84.173,-514.101,0.000,2.120,-5.320
132,1,-94.750,-487.560,1.830,2.980,0.680,-73.597,-540.643,0.000,2.120,-5.320
133,1,-92.510,-492.600,1.360,4.080,0.320,-81.586,-518.587,0.000,2.190,-5.210
133,1,-92.510,-492.600,1.360,4.080,0.320,-70.663,-544.575,0.000,2.190,-5.210
134,1,-90.500,-498.130,1.480,3.860,0.200,-79.921,-525.076,0.000,2.120,-5.400
134,1,-90.500,-498.130,1.480,3.860,0.200,-69.342,-552.022,0.000,2.120,-5.400
135,1,-88.520,-503.840,1.610,2.800,0.600,-78.349,-531.662,0.000,2.040,-5.580
135,1,-88.520,-503.840,1.610,2.800,0.600,-68.177,-559.484,0.000,2.040,-5.580
136,1,-86.920,-509.060,1.180,2.920,0.410,-77.940,-535.951,0.000,1.800,-5.390
136,1,-86.920,-509.060,1.180,2.920,0.410,-68.960,-562.841,0.000,1.800,-5.390
137,1,-85.700,-513.610,0.700,2.590,0.040,-78.070,-538.645,0.000,1.530,-5.020
137,1,-85.700,-513.610,0.700,2.590,0.040,-70.440,-563.679,0.000,1.530,-5.020
138,1,-83.630,-519.720,1.030,3.060,0.560,-74.507,-547.736,0.000,1.830,-5.620
138,1,-83.630,-519.720,1.030,3.060,0.560,-65.385,-575.751,0.000,1.830,-5.620
139,1,-81.850,-525.080,0.330,3.240,0.060,-72.875,-552.503,0.000,1.800,-5.500
139,1,-81.850,-525.080,0.330,3.240,0.060,-63.900,-579.926,0.000,1.800,-5.500
140,1,-80.030,-530.710,1.090,3.940,0.380,-71.046,-558.460,0.000,1.800,-5.560
140,1,-80.030,-530.710,1.090,3.940,0.380,-62.062,-586.210,0.000,1.800,-5.560
141,1,-78.580,-535.530,0.640,1.700,0.550,-69.883,-563.300,0.000,1.710,-5.460
141,1,-78.580,-535.530,0.640,1.700,0.550,-61.186,-591.069,0.000,1.710,-5.460
142,1,-76.960,-540.890,1.350,3.500,0.330,-69.275,-566.239,0.000,1.540,-5.080
142,1,-76.960,-540.890,1.350,3.500,0.330,-61.591,-591.588,0.000,1.540,-5.080
143,1,-75.700,-545.930,1.210,3.880,0.320,-68.871,-571.104,0.000,1.370,-5.050
143,1,-75.700,-545.930,1.210,3.880,0.320,-62.041,-596.278,0.000,1.370,-5.050
144,1,-73.760,-551.250,0.490,3.120,0.120,-65.478,-577.043,0.000,1.660,-5.170
144,1,-73.760,-551.250,0.490,3.120,0.120,-57.197,-602.836,0.000,1.660,-5.170
145,1,-72.170,-555.870,0.980,3.330,0.450,-63.476,-582.053,0.000,1.710,-5.150
145,1,-72.170,-555.870,0.980,3.330,0.450,-54.783,-608.235,0.000,1.710,-5.150
146,1,-69.990,-561.430,1.310,3.240,0.400,-60.662,-586.819,0.000,1.870,-5.090
146,1,-69.990,-561.430,1.310,3.240,0.400,-51.335,-612.208,0.000,1.870,-5.090
147,1,-68.210,-566.090,0.860,3.750,0.690,-59.034,-590.526,0.000,1.840,-4.900
147,1,-68.210,-566.090,0.860,3.750,0.690,-49.858,-614.963,0.000,1.840,-4.900
148,1,-65.900,-571.320,0.560,3.010,0.790,-55.469,-596.774,0.000,2.090,-5.100
148,1,-65.900,-571.320,0.560,3.010,0.790,-45.038,-622.228,0.000,2.090,-5.100
149,1,-63.660,-576.020,0.590,3.220,0.710,-52.743,-600.496,0.000,2.190,-4.910
149,1,-63.660,-576.020,0.590,3.220,0.710,-41.826,-624.973,0.000,2.190,-4.910
150,1,-61.530,-580.750,0.840,3.110,0.590,-50.804,-604.647,0.000,2.150,-4.790
150,1,-61.530,-580.750,0.840,3.110,0.590,-40.077,-628.545,0.000,2.150,-4.790
151,1,-59.520,-585.150,0.590,1.430,0.070,-49.245,-607.895,0.000,2.060,-4.560
151,1,-59.520,-585.150,0.590,1.430,0.070,-38.969,-630.641,0.000,2.060,-4.560
152,1,-57.720,-589.180,0.530,1.050,0.520,-47.540,-611.983,0.000,2.000,-4.480
152,1,-57.720,-589.180,0.530,1.050,0.520,-37.360,-634.786,0.000,2.000,-4.480
153,1,-55.380,-594.230,0.740,3.680,0.510,-45.007,-616.871,0.000,2.080,-4.540
153,1,-55.380,-594.230,0.740,3.680,0.510,-34.634,-639.512,0.000,2.080,-4.540
154,1,-53.660,-598.490,0.660,2.030,0.500,-44.233,-620.387,0.000,1.890,-4.390
154,1,-53.660,-598.490,0.660,2.030,0.500,-34.805,-642.285,0.000,1.890,-4.390
