1747830522.51,0,8.01,-726.69,1.79,4.93,0.62,8.01,-726.69,0.00,-0.92,2.32 
1747830523.11,0,6.84,-725.04,1.15,1.69,0.55,6.84,-725.04,0.00,-1.47,2.55 
1747830523.21,0,6.78,-724.92,1.31,2.58,1.24,6.78,-724.92,0.00,-1.37,2.40 
1747830523.31,0,6.99,-724.93,1.44,2.96,0.65,6.99,-724.93,0.00,-0.90,2.06 
1747830523.41,0,7.08,-724.80,1.60,3.28,0.61,7.08,-724.80,0.00,-0.62,1.94 
1747830523.51,0,7.11,-724.69,1.81,4.26,0.65,7.11,-724.69,0.00,-0.46,1.80 
1747830523.61,0,7.00,-724.62,2.43,3.53,1.29,7.00,-724.62,0.00,-0.57,1.63 
1747830523.81,0,6.81,-724.16,0.98,2.06,0.63,6.81,-724.16,0.00,-0.68,1.83 
1747830524.01,0,6.66,-723.79,1.10,2.33,0.69,6.66,-723.79,0.00,-0.69,1.83 
1747830524.31,0,6.19,-723.20,1.21,2.67,0.85,6.19,-723.20,0.00,-0.99,1.88 
1747830524.41,0,6.09,-722.93,0.83,1.75,0.67,6.09,-722.93,0.00,-0.99,1.97 
1747830524.51,0,6.00,-722.63,1.04,1.88,0.60,6.00,-722.63,0.00,-0.98,2.09 
1747830524.61,0,5.93,-722.29,1.32,1.91,0.48,5.93,-722.29,0.00,-0.95,2.26 
1747830524.81,0,5.70,-721.89,1.22,1.53,1.22,5.70,-721.89,0.00,-0.99,2.20 
1747830525.41,0,4.86,-720.66,1.13,1.51,0.50,4.86,-720.66,0.00,-1.18,2.13 
1747830525.81,0,3.93,-719.97,1.38,1.91,1.13,3.93,-719.97,0.00,-1.68,1.95 
1747830525.91,0,3.75,-719.67,0.86,1.77,0.52,3.75,-719.67,0.00,-1.69,2.09 
1747830526.11,0,3.48,-719.31,1.16,1.89,1.16,3.48,-719.31,0.00,-1.59,2.00 
1747830526.21,0,3.28,-718.73,1.17,2.40,0.50,3.28,-718.73,0.00,-1.65,2.54 
1747830526.71,0,2.72,-717.44,1.07,1.70,0.50,2.72,-717.44,0.00,-1.39,2.56 
1747830526.81,0,2.39,-716.96,1.06,2.20,0.64,2.39,-716.96,0.00,-1.62,2.82 
1747830526.91,0,2.37,-716.74,1.24,2.02,0.47,2.37,-716.74,0.00,-1.42,2.74 
1747830527.21,0,1.82,-715.64,0.72,4.00,0.48,1.82,-715.64,0.00,-1.59,3.10 
1747830527.31,0,1.61,-715.22,0.89,3.50,0.50,1.61,-715.22,0.00,-1.65,3.24 
1747830527.51,0,1.31,-714.89,1.77,2.18,1.08,1.31,-714.89,0.00,-1.61,2.83 
1747830527.71,0,1.10,-714.41,0.94,1.94,0.49,1.10,-714.41,0.00,-1.47,2.71 
1747830527.91,0,0.86,-713.88,0.79,1.57,0.64,0.86,-713.88,0.00,-1.41,2.71 
1747830528.01,0,0.75,-713.65,1.12,1.84,0.47,0.75,-713.65,0.00,-1.37,2.65 
1747830528.21,0,0.47,-713.11,0.89,1.61,0.51,0.47,-713.11,0.00,-1.38,2.67 
1747830528.31,0,0.13,-712.62,0.88,2.17,0.63,0.13,-712.62,0.00,-1.62,2.94 
1747830528.41,0,0.01,-712.34,1.20,1.88,0.57,0.01,-712.34,0.00,-1.57,2.92 
1747830528.71,0,-0.55,-711.45,1.04,1.82,0.64,-0.55,-711.45,0.00,-1.67,2.94 
1747830528.81,0,-0.78,-711.19,1.05,1.65,0.63,-0.78,-711.19,0.00,-1.75,2.90 
1747830529.11,0,-1.52,-710.31,0.98,2.24,1.05,-1.52,-710.31,0.00,-1.99,2.91 
1747830529.41,0,-2.19,-709.42,0.67,1.71,0.82,-2.19,-709.42,0.00,-2.07,2.93 
1747830529.51,0,-2.42,-709.07,0.94,1.86,0.62,-2.42,-709.07,0.00,-2.10,2.99 
1747830529.71,0,-2.94,-708.45,0.92,2.07,0.64,-2.94,-708.45,0.00,-2.22,3.03 
1747830529.81,0,-3.36,-708.00,1.01,2.40,0.68,-3.36,-708.00,0.00,-2.47,3.20 
1747830530.01,0,-3.74,-707.43,0.68,2.22,0.73,-3.74,-707.43,0.00,-2.33,3.11 
1747830530.21,0,-4.27,-706.62,0.75,2.54,0.56,-4.27,-706.62,0.00,-2.40,3.35 
1747830530.31,0,-4.41,-706.39,0.58,2.19,0.72,-4.41,-706.39,0.00,-2.29,3.22 
1747830530.41,0,-4.72,-705.92,0.65,2.49,0.60,-4.72,-705.92,0.00,-2.38,3.40 
1747830530.71,0,-5.52,-704.80,0.76,3.72,0.62,-5.52,-704.80,0.00,-2.48,3.51 
1747830530.81,0,-5.76,-704.44,0.83,3.31,0.69,-5.76,-704.44,0.00,-2.48,3.53 
1747830531.01,0,-6.27,-703.75,0.81,3.44,0.59,-6.27,-703.75,0.00,-2.48,3.51 
1747830531.11,0,-6.56,-703.36,0.84,3.34,0.64,-6.56,-703.36,0.00,-2.53,3.55 
1747830531.21,0,-6.79,-703.04,0.70,3.64,0.59,-6.79,-703.04,0.00,-2.51,3.51 
1747830531.31,0,-7.02,-702.71,0.74,3.48,0.69,-7.02,-702.71,0.00,-2.48,3.48 
1747830531.51,0,-7.33,-702.24,0.73,2.92,0.73,-7.33,-702.24,0.00,-2.25,3.20 
1747830531.61,0,-7.57,-701.94,0.88,3.13,0.66,-7.57,-701.94,0.00,-2.27,3.18 
1747830531.81,0,-8.06,-701.27,0.90,3.52,0.64,-8.06,-701.27,0.00,-2.31,3.22 
1747830532.01,0,-8.59,-700.66,1.10,3.05,0.65,-8.59,-700.66,0.00,-2.39,3.19 
1747830532.11,0,-8.91,-700.32,1.26,3.48,0.66,-8.91,-700.32,0.00,-2.49,3.21 
1747830532.31,0,-9.32,-699.87,0.94,2.34,0.99,-9.32,-699.87,0.00,-2.38,2.98 
1747830532.51,0,-9.89,-699.10,0.77,4.07,0.66,-9.89,-699.10,0.00,-2.50,3.18 
1747830532.71,0,-10.26,-698.49,0.65,1.94,1.08,-10.26,-698.49,0.00,-2.34,3.15 
1747830532.81,0,-10.56,-698.08,0.69,2.29,0.58,-10.56,-698.08,0.00,-2.43,3.27 
1747830532.91,0,-10.90,-697.73,0.81,2.48,0.73,-10.90,-697.73,0.00,-2.55,3.29 
1747830533.01,0,-11.20,-697.43,0.97,2.62,0.68,-11.20,-697.43,0.00,-2.60,3.26 
1747830533.11,0,-11.47,-697.05,1.04,3.42,0.66,-11.47,-697.05,0.00,-2.62,3.32 
1747830533.31,0,-12.02,-696.27,1.76,3.84,0.82,-12.02,-696.27,0.00,-2.65,3.47 
1747830533.41,0,-12.28,-695.87,1.66,3.52,0.75,-12.28,-695.87,0.00,-2.64,3.53 
1747830533.71,0,-13.05,-694.74,1.52,3.44,0.65,-13.05,-694.74,0.00,-2.62,3.61 
1747830533.81,0,-13.36,-694.39,1.19,3.43,0.64,-13.36,-694.39,0.00,-2.67,3.59 
1747830534.11,0,-14.21,-693.30,1.63,3.46,0.62,-14.21,-693.30,0.00,-2.73,3.61 
1747830534.31,0,-14.82,-692.58,1.66,3.27,0.60,-14.82,-692.58,0.00,-2.80,3.61 
1747830534.41,0,-15.10,-692.26,1.59,3.34,0.56,-15.10,-692.26,0.00,-2.81,3.56 
1747830534.71,0,-15.95,-691.07,1.71,3.37,0.78,-15.95,-691.07,0.00,-2.82,3.70 
1747830534.81,0,-16.25,-690.70,1.65,3.34,0.68,-16.25,-690.70,0.00,-2.83,3.69 
1747830535.01,0,-16.82,-689.95,1.03,3.18,0.61,-16.82,-689.95,0.00,-2.85,3.70 
1747830535.11,0,-17.12,-689.47,1.22,3.34,0.76,-17.12,-689.47,0.00,-2.85,3.85 
1747830535.51,0,-18.32,-687.92,1.48,3.36,0.74,-18.32,-687.92,0.00,-2.92,3.86 
1747830535.61,0,-18.63,-687.54,1.66,3.32,0.46,-18.63,-687.54,0.00,-2.94,3.85 
1747830535.71,0,-18.99,-687.09,1.68,3.86,0.53,-18.99,-687.09,0.00,-3.02,3.94 
1747830535.91,0,-19.59,-686.28,1.70,3.42,0.57,-19.59,-686.28,0.00,-3.02,3.97 
1747830536.21,0,-20.36,-685.26,1.24,2.92,0.90,-20.36,-685.26,0.00,-2.86,3.76 
1747830536.31,0,-20.74,-684.78,1.52,3.86,0.78,-20.74,-684.78,0.00,-2.98,3.89 
1747830536.51,0,-21.35,-683.85,1.33,3.66,0.66,-21.35,-683.85,0.00,-2.99,4.08 
1747830536.61,0,-21.48,-683.60,1.20,2.62,0.63,-21.48,-683.60,0.00,-2.78,3.88 
1747830537.01,0,-23.01,-681.97,1.34,2.91,0.78,-23.01,-681.97,0.00,-3.20,3.96 
1747830537.11,0,-23.55,-681.52,1.76,3.77,0.76,-23.55,-681.52,0.00,-3.46,4.02 
1747830537.21,0,-23.98,-681.03,0.88,3.90,0.70,-23.98,-681.03,0.00,-3.56,4.14 
1747830537.51,0,-25.04,-679.91,1.28,3.81,1.53,-25.04,-679.91,0.00,-3.56,3.99 
1747830537.71,0,-22.97,-682.18,1.35,4.03,0.89,-22.97,-682.18,0.00,-0.13,0.21 
1747830537.81,0,-24.15,-680.90,1.33,5.24,0.73,-24.15,-680.90,0.00,-1.61,1.81 
1747830538.21,0,-26.17,-678.50,1.48,5.79,0.75,-26.17,-678.50,0.00,-3.01,3.52 
1747830538.41,0,-27.44,-677.05,1.45,5.72,0.72,-27.44,-677.05,0.00,-3.79,4.38 
1747830538.51,0,-28.08,-676.24,1.80,5.01,0.73,-28.08,-676.24,0.00,-4.12,4.85 
1747830538.61,0,-28.59,-675.63,0.99,4.11,0.82,-28.59,-675.63,0.00,-4.25,5.02 
1747830538.91,0,-29.77,-674.03,1.26,3.41,0.62,-29.77,-674.03,0.00,-4.14,5.13 
1747830539.21,0,-30.78,-672.67,1.03,3.96,0.76,-30.78,-672.67,0.00,-3.88,4.93 
1747830539.31,0,-31.11,-672.33,1.46,3.87,0.74,-31.11,-672.33,0.00,-3.80,4.74 
1747830539.41,0,-31.39,-671.96,0.72,3.91,0.79,-31.39,-671.96,0.00,-3.67,4.61 
1747830539.61,0,-31.84,-671.43,1.00,3.74,1.17,-31.84,-671.43,0.00,-3.31,4.11 
1747830539.81,0,-32.40,-670.54,1.48,3.51,0.56,-32.40,-670.54,0.00,-3.19,4.20 
1747830539.91,0,-32.78,-670.12,1.80,3.60,0.65,-32.78,-670.12,0.00,-3.26,4.20 
1747830540.01,0,-33.10,-669.76,1.13,3.37,0.70,-33.10,-669.76,0.00,-3.26,4.13 
1747830540.11,0,-33.47,-669.36,1.85,3.43,0.75,-33.47,-669.36,0.00,-3.31,4.11 
1747830540.21,0,-33.82,-668.99,1.44,3.57,0.68,-33.82,-668.99,0.00,-3.34,4.05 
1747830540.31,0,-34.06,-668.63,1.63,3.69,0.81,-34.06,-668.63,0.00,-3.22,4.00 
1747830540.41,0,-34.34,-668.24,1.04,3.64,0.64,-34.34,-668.24,0.00,-3.17,3.99 
1747830540.91,0,-35.70,-666.30,1.37,3.55,0.58,-35.70,-666.30,0.00,-2.98,3.94 
1747830541.31,0,-36.83,-664.78,1.32,3.49,0.74,-36.83,-664.78,0.00,-2.92,3.88 
1747830541.51,0,-37.42,-664.12,1.34,3.67,0.73,-37.42,-664.12,0.00,-2.92,3.74 
1747830541.91,0,-38.47,-662.63,1.14,3.51,0.57,-38.47,-662.63,0.00,-2.80,3.74 
1747830542.01,0,-38.70,-662.31,1.05,3.61,0.62,-38.70,-662.31,0.00,-2.74,3.67 
1747830542.31,0,-39.60,-661.37,1.75,3.48,0.79,-39.60,-661.37,0.00,-2.83,3.47 
1747830542.51,0,-40.18,-660.70,1.36,3.34,0.68,-40.18,-660.70,0.00,-2.85,3.45 
1747830542.71,0,-40.73,-660.01,1.64,3.35,0.50,-40.73,-660.01,0.00,-2.82,3.45 
1747830542.81,0,-41.02,-659.66,1.27,3.44,0.68,-41.02,-659.66,0.00,-2.83,3.45 
1747830543.11,0,-41.90,-658.56,1.09,3.55,0.75,-41.90,-658.56,0.00,-2.87,3.53 
1747830543.21,0,-42.15,-658.22,1.75,3.64,0.67,-42.15,-658.22,0.00,-2.82,3.52 
1747830543.51,0,-42.73,-657.35,0.96,2.57,0.72,-42.73,-657.35,0.00,-2.52,3.31 
1747830543.61,0,-41.18,-659.63,1.00,2.66,0.94,-41.18,-659.63,0.00,-0.33,0.15 
1747830543.81,0,-42.19,-658.23,1.09,2.99,0.84,-42.19,-658.23,0.00,-1.51,1.83 
1747830543.91,0,-42.91,-657.21,1.13,3.71,0.70,-42.91,-657.21,0.00,-2.23,2.90 
1747830544.21,0,-44.17,-655.69,1.41,5.84,0.70,-44.17,-655.69,0.00,-2.90,3.64 
1747830544.31,0,-44.78,-654.99,1.88,5.12,0.55,-44.78,-654.99,0.00,-3.28,4.04 
1747830544.41,0,-45.25,-654.41,1.39,4.38,0.72,-45.25,-654.41,0.00,-3.46,4.26 
1747830544.51,0,-45.64,-653.88,1.73,4.06,0.85,-45.64,-653.88,0.00,-3.53,4.40 
1747830544.61,0,-45.99,-653.46,3.00,3.05,1.47,-45.99,-653.46,0.00,-3.52,4.37 
1747830544.71,0,-46.36,-652.99,1.16,3.57,0.76,-46.36,-652.99,0.00,-3.54,4.41 
1747830545.01,0,-47.45,-652.04,1.48,3.67,0.69,-47.45,-652.04,0.00,-3.57,4.00 
1747830545.61,0,-49.04,-649.80,1.36,3.90,0.69,-49.04,-649.80,0.00,-3.15,3.88 
1747830545.71,0,-49.25,-649.57,1.45,4.01,0.74,-49.25,-649.57,0.00,-3.04,3.70 
1747830545.81,0,-49.49,-649.22,1.63,3.49,0.89,-49.49,-649.22,0.00,-2.96,3.68 
1747830545.91,0,-49.83,-648.87,1.27,3.44,0.85,-49.83,-648.87,0.00,-3.02,3.66 
1747830546.01,0,-50.11,-648.53,1.62,3.66,0.53,-50.11,-648.53,0.00,-2.98,3.61 
1747830546.31,0,-50.97,-647.48,1.40,3.63,0.63,-50.97,-647.48,0.00,-2.94,3.56 
1747830546.41,0,-51.22,-647.17,1.38,3.75,0.64,-51.22,-647.17,0.00,-2.88,3.51 
1747830546.51,0,-51.48,-646.78,1.64,3.69,0.80,-51.48,-646.78,0.00,-2.85,3.56 
1747830546.61,0,-51.75,-646.46,1.26,3.70,0.72,-51.75,-646.46,0.00,-2.82,3.51 
1747830546.71,0,-52.02,-646.09,1.66,3.64,0.88,-52.02,-646.09,0.00,-2.81,3.54 
1747830546.81,0,-52.29,-645.78,1.51,3.80,0.59,-52.29,-645.78,0.00,-2.79,3.47 
1747830547.71,0,-54.93,-642.57,1.46,3.60,0.62,-54.93,-642.57,0.00,-2.84,3.51 
1747830547.91,0,-55.52,-641.84,1.22,3.54,0.74,-55.52,-641.84,0.00,-2.87,3.55 
1747830548.01,0,-55.48,-641.72,1.00,2.83,0.74,-55.48,-641.72,0.00,-2.32,3.16 
1747830548.21,0,-56.14,-640.91,1.11,3.12,0.65,-56.14,-640.91,0.00,-2.67,3.46 
1747830548.41,0,-56.86,-640.08,1.08,4.10,0.85,-56.86,-640.08,0.00,-2.96,3.68 
1747830548.51,0,-57.25,-639.63,1.59,3.77,0.58,-57.25,-639.63,0.00,-3.09,3.80 
1747830548.61,0,-57.56,-639.23,1.13,3.52,0.82,-57.56,-639.23,0.00,-3.09,3.83 
1747830548.71,0,-57.63,-639.01,1.13,3.02,0.71,-57.63,-639.01,0.00,-2.76,3.60 
1747830548.81,0,-57.97,-638.55,1.18,4.03,0.76,-57.97,-638.55,0.00,-2.84,3.73 
1747830548.91,0,-58.16,-638.23,1.06,2.41,0.77,-58.16,-638.23,0.00,-2.71,3.67 
1747830549.01,0,-58.39,-637.87,0.98,2.03,0.78,-58.39,-637.87,0.00,-2.67,3.65 
1747830549.21,0,-59.07,-636.96,1.00,2.53,0.71,-59.07,-636.96,0.00,-2.84,3.87 
1747830549.31,0,-59.48,-636.43,1.08,4.50,0.69,-59.48,-636.43,0.00,-3.00,4.05 
1747830549.61,0,-60.25,-635.30,0.98,2.30,0.72,-60.25,-635.30,0.00,-2.86,3.96 
1747830549.71,0,-60.68,-634.70,0.98,4.50,0.60,-60.68,-634.70,0.00,-3.02,4.19 
1747830549.81,0,-61.12,-634.14,1.52,4.43,0.79,-61.12,-634.14,0.00,-3.20,4.36 
1747830550.01,0,-61.62,-633.39,1.12,2.44,0.74,-61.62,-633.39,0.00,-3.02,4.22 
1747830550.31,0,-62.75,-631.90,1.09,4.38,0.65,-62.75,-631.90,0.00,-3.27,4.47 
1747830550.41,0,-63.22,-631.43,1.45,3.86,0.87,-63.22,-631.43,0.00,-3.44,4.50 
1747830550.61,0,-63.99,-630.46,1.56,3.87,0.57,-63.99,-630.46,0.00,-3.54,4.58 
1747830550.71,0,-64.43,-629.94,1.45,3.95,0.71,-64.43,-629.94,0.00,-3.65,4.65 
1747830550.81,0,-64.63,-629.62,1.17,2.91,0.67,-64.63,-629.62,0.00,-3.43,4.47 
1747830551.01,0,-65.41,-628.67,1.08,3.85,0.87,-65.41,-628.67,0.00,-3.55,4.55 
1747830551.01,1,-133.76,-584.00,1.59,0.34,0.77,-133.76,-584.00,0.00,0.20,0.07 
1747830551.11,0,-65.77,-628.14,1.70,3.86,0.61,-65.77,-628.14,0.00,-3.56,4.63 
1747830551.11,1,-133.61,-583.93,1.24,0.53,1.06,-133.61,-583.93,0.00,0.35,0.16 
1747830551.51,0,-67.34,-626.11,1.47,4.26,0.59,-67.34,-626.11,0.00,-3.70,4.81 
1747830551.51,1,-133.34,-583.57,1.44,0.43,0.89,-133.34,-583.57,0.00,0.48,0.45 
1747830551.91,0,-68.68,-624.34,1.02,2.14,0.62,-68.68,-624.34,0.00,-3.56,4.66 
1747830552.01,0,-69.25,-623.72,1.12,2.47,0.68,-69.25,-623.72,0.00,-3.82,4.83 
1747830552.01,1,-134.11,-584.49,1.68,0.22,0.92,-134.11,-584.49,0.00,-0.50,-0.68 
1747830553.01,0,-73.35,-618.56,1.10,3.47,0.72,-73.35,-618.56,0.00,-3.94,4.97 
1747830553.11,0,-73.83,-617.96,1.15,3.86,0.71,-73.83,-617.96,0.00,-4.04,5.10 
1747830553.11,1,-133.73,-583.48,1.48,0.64,0.11,-133.73,-583.48,0.00,-0.19,0.44 
1747830553.31,0,-74.72,-616.94,1.53,3.71,0.63,-74.72,-616.94,0.00,-4.21,5.10 
1747830553.31,1,-133.80,-583.74,1.39,0.58,0.98,-133.80,-583.74,0.00,-0.24,-0.24 
1747830553.51,0,-75.59,-615.93,1.45,3.68,0.63,-75.59,-615.93,0.00,-4.25,5.09 
1747830553.51,1,-133.66,-583.84,1.03,0.80,0.86,-133.66,-583.84,0.00,0.08,-0.32 
1747830553.61,0,-76.00,-615.45,1.37,3.72,0.61,-76.00,-615.45,0.00,-4.22,5.04 
1747830553.61,1,-133.62,-583.93,0.73,0.48,0.97,-133.62,-583.93,0.00,0.14,-0.43 
1747830553.81,0,-76.77,-614.51,1.38,3.55,0.63,-76.77,-614.51,0.00,-4.12,4.93 
1747830553.81,1,-133.63,-584.05,1.14,0.32,0.87,-133.63,-584.05,0.00,0.08,-0.48 
1747830554.01,0,-77.57,-613.54,1.40,3.51,0.64,-77.57,-613.54,0.00,-4.08,4.91 
1747830554.01,1,-133.56,-584.04,1.35,0.32,1.22,-133.56,-584.04,0.00,0.16,-0.34 
1747830554.61,0,-80.02,-610.57,1.39,3.61,0.66,-80.02,-610.57,0.00,-4.08,4.93 
1747830554.61,1,-133.56,-584.08,1.04,0.50,0.88,-133.56,-584.08,0.00,0.08,-0.21 
1747830554.81,0,-80.87,-609.59,1.37,3.34,0.74,-80.87,-609.59,0.00,-4.13,4.93 
1747830554.91,0,-81.27,-609.09,1.39,3.34,0.65,-81.27,-609.09,0.00,-4.11,4.93 
1747830555.01,0,-81.65,-608.64,1.36,3.61,0.68,-81.65,-608.64,0.00,-4.06,4.87 
1747830555.11,0,-82.00,-608.15,1.30,3.19,0.78,-82.00,-608.15,0.00,-3.97,4.88 
1747830555.21,0,-82.40,-607.66,1.08,3.42,0.84,-82.40,-607.66,0.00,-3.97,4.87 
1747830555.41,0,-83.12,-606.68,1.18,3.35,0.75,-83.12,-606.68,0.00,-3.87,4.89 
1747830555.41,1,-133.44,-583.88,1.38,0.25,0.84,-133.44,-583.88,0.00,0.19,0.06 
1747830555.51,0,-83.48,-606.26,1.48,3.18,0.71,-83.48,-606.26,0.00,-3.84,4.79 
1747830555.51,1,-133.40,-583.79,1.34,0.39,0.98,-133.40,-583.79,0.00,0.23,0.18 
1747830555.71,0,-84.22,-605.36,1.37,3.78,0.66,-84.22,-605.36,0.00,-3.79,4.71 
1747830555.71,1,-133.35,-583.69,1.09,0.41,1.09,-133.35,-583.69,0.00,0.23,0.26 
1747830556.41,0,-86.42,-602.38,1.14,2.14,0.62,-86.42,-602.38,0.00,-3.51,4.52 
1747830556.41,1,-133.20,-583.59,0.95,0.37,1.24,-133.20,-583.59,0.00,0.23,0.21 
1747830556.51,0,-86.73,-601.95,0.94,1.72,0.64,-86.73,-601.95,0.00,-3.47,4.50 
1747830556.51,1,-133.19,-583.54,1.04,0.36,1.07,-133.19,-583.54,0.00,0.21,0.24 
1747830556.81,0,-88.11,-600.31,1.01,2.05,0.68,-88.11,-600.31,0.00,-3.94,4.90 
1747830556.91,0,-88.62,-599.70,1.08,2.39,0.70,-88.62,-599.70,0.00,-4.13,5.08 
1747830557.01,0,-89.13,-599.09,0.83,3.83,0.82,-89.13,-599.09,0.00,-4.27,5.24 
1747830557.11,0,-89.55,-598.62,1.46,3.33,0.67,-89.55,-598.62,0.00,-4.26,5.16 
1747830557.11,1,-133.36,-583.73,1.49,0.48,1.16,-133.36,-583.73,0.00,-0.16,-0.15 
1747830557.61,0,-91.45,-596.23,1.30,3.88,0.71,-91.45,-596.23,0.00,-4.03,4.98 
1747830557.61,1,-133.37,-583.88,1.06,0.62,1.32,-133.37,-583.88,0.00,-0.09,-0.23 
1747830557.81,0,-92.06,-595.32,1.25,3.90,0.70,-92.06,-595.32,0.00,-3.80,4.88 
1747830558.01,0,-92.77,-594.48,1.09,3.69,0.80,-92.77,-594.48,0.00,-3.74,4.70 
1747830558.21,0,-93.47,-593.63,0.96,3.55,0.79,-93.47,-593.63,0.00,-3.68,4.58 
1747830558.51,0,-94.17,-592.58,1.12,2.55,0.62,-94.17,-592.58,0.00,-3.21,4.22 
1747830558.61,0,-94.30,-592.24,1.02,2.36,0.78,-94.30,-592.24,0.00,-2.99,4.11 
1747830558.71,0,-94.53,-591.90,0.82,1.99,0.65,-94.53,-591.90,0.00,-2.91,4.02 
1747830558.91,0,-95.06,-591.10,1.17,1.65,0.61,-95.06,-591.10,0.00,-2.84,4.02 
1747830559.21,0,-96.02,-589.97,1.19,1.72,1.09,-96.02,-589.97,0.00,-2.96,3.93 
1747830559.61,0,-97.53,-587.97,1.20,2.23,0.77,-97.53,-587.97,0.00,-3.28,4.37 
1747830559.71,0,-97.92,-587.38,1.32,3.66,0.67,-97.92,-587.38,0.00,-3.35,4.53 
1747830559.81,0,-98.23,-586.86,1.34,3.20,0.70,-98.23,-586.86,0.00,-3.32,4.61 
1747830559.81,1,-133.12,-583.62,1.34,0.57,1.09,-133.12,-583.62,0.00,0.17,0.18 
1747830560.01,0,-98.86,-585.95,1.19,3.21,0.63,-98.86,-585.95,0.00,-3.27,4.61 
1747830560.01,1,-133.07,-583.53,1.38,0.50,1.25,-133.07,-583.53,0.00,0.20,0.25 
1747830560.11,0,-99.14,-585.41,1.56,3.45,0.66,-99.14,-585.41,0.00,-3.21,4.71 
1747830560.11,1,-133.07,-583.48,1.13,0.61,1.01,-133.07,-583.48,0.00,0.17,0.28 
1747830560.21,0,-99.46,-585.00,1.49,3.38,0.64,-99.46,-585.00,0.00,-3.22,4.63 
1747830560.21,1,-133.07,-583.49,1.12,0.49,1.36,-133.07,-583.49,0.00,0.15,0.23 
1747830560.31,0,-99.79,-584.51,1.52,3.45,0.74,-99.79,-584.51,0.00,-3.23,4.66 
1747830560.31,1,-133.09,-583.51,1.23,0.59,1.37,-133.09,-583.51,0.00,0.10,0.18 
1747830560.61,0,-100.72,-583.19,0.98,3.61,0.62,-100.72,-583.19,0.00,-3.18,4.58 
1747830560.81,0,-101.46,-582.46,1.34,3.61,0.31,-101.46,-582.46,0.00,-3.31,4.36 
1747830560.91,0,-101.72,-582.08,1.35,3.80,0.65,-101.72,-582.08,0.00,-3.22,4.28 
1747830561.71,0,-104.07,-578.70,1.33,3.59,0.62,-104.07,-578.70,0.00,-3.10,4.26 
1747830562.01,0,-104.73,-577.53,1.30,3.39,0.63,-104.73,-577.53,0.00,-2.76,4.11 
1747830562.11,0,-105.05,-577.09,1.24,3.53,0.65,-105.05,-577.09,0.00,-2.83,4.16 
1747830562.21,0,-105.11,-576.98,0.87,2.77,0.64,-105.11,-576.98,0.00,-2.46,3.68 
1747830562.61,0,-105.97,-575.64,0.88,1.89,0.78,-105.97,-575.64,0.00,-2.31,3.51 
1747830563.11,0,-107.70,-573.27,0.95,2.22,0.59,-107.70,-573.27,0.00,-2.86,4.10 
1747830563.51,0,-108.93,-571.53,1.04,2.51,0.60,-108.93,-571.53,0.00,-2.95,4.20 
1747830563.51,1,-132.91,-583.15,0.47,0.84,0.24,-132.91,-583.15,0.00,0.08,0.19 
1747830563.91,0,-110.10,-569.83,1.39,3.36,0.64,-110.10,-569.83,0.00,-2.94,4.22 
1747830564.21,0,-110.88,-568.56,1.83,3.63,0.65,-110.88,-568.56,0.00,-2.82,4.23 
1747830564.31,0,-111.17,-568.16,1.42,3.36,0.58,-111.17,-568.16,0.00,-2.84,4.20 
1747830564.31,1,-132.87,-583.00,0.44,0.90,0.35,-132.87,-583.00,0.00,0.06,0.21 
1747830564.41,0,-111.46,-567.75,1.30,3.56,0.59,-111.46,-567.75,0.00,-2.84,4.19 
1747830564.51,0,-111.74,-567.36,1.38,3.32,0.61,-111.74,-567.36,0.00,-2.84,4.15 
1747830564.91,0,-112.92,-566.21,2.07,3.21,1.46,-112.92,-566.21,0.00,-2.89,3.59 
1747830565.01,0,-113.15,-565.57,1.57,3.92,0.67,-113.15,-565.57,0.00,-2.81,3.93 
1747830565.11,0,-113.42,-564.97,2.03,3.76,0.81,-113.42,-564.97,0.00,-2.80,4.20 
1747830565.21,0,-113.72,-564.45,1.01,3.68,0.70,-113.72,-564.45,0.00,-2.83,4.34 
1747830565.31,0,-113.97,-563.95,1.35,3.49,0.65,-113.97,-563.95,0.00,-2.78,4.43 
1747830565.61,0,-114.85,-562.61,1.32,3.45,0.61,-114.85,-562.61,0.00,-2.83,4.45 
1747830565.61,1,-132.82,-582.88,0.71,1.39,0.35,-132.82,-582.88,0.00,-0.01,0.20 
1747830565.71,0,-114.91,-562.40,1.24,2.92,0.52,-114.91,-562.40,0.00,-2.56,4.15 
1747830565.71,1,-132.80,-582.84,0.57,1.14,0.54,-132.80,-582.84,0.00,0.01,0.23 
1747830565.81,0,-115.17,-562.00,1.04,3.11,0.63,-115.17,-562.00,0.00,-2.56,4.13 
1747830565.81,1,-132.79,-582.81,0.55,1.14,0.60,-132.79,-582.81,0.00,0.02,0.24 
1747830565.91,0,-115.48,-561.56,1.18,3.75,0.70,-115.48,-561.56,0.00,-2.64,4.17 
1747830565.91,1,-132.78,-582.79,0.47,0.87,0.56,-132.78,-582.79,0.00,0.04,0.23 
1747830566.21,0,-116.33,-560.19,0.94,3.77,0.57,-116.33,-560.19,0.00,-2.70,4.31 
1747830566.21,1,-132.79,-582.65,0.62,1.20,0.93,-132.79,-582.65,0.00,0.01,0.31 
1747830566.31,0,-116.41,-559.95,0.98,2.69,0.70,-116.41,-559.95,0.00,-2.47,4.07 
1747830566.31,1,-132.80,-582.63,0.65,1.08,0.96,-132.80,-582.63,0.00,-0.00,0.30 
1747830566.41,0,-116.78,-559.43,1.09,3.01,0.55,-116.78,-559.43,0.00,-2.62,4.22 
1747830566.41,1,-132.82,-582.57,0.65,1.14,1.11,-132.82,-582.57,0.00,-0.02,0.34 
1747830566.51,0,-117.09,-558.99,1.49,3.73,0.53,-117.09,-558.99,0.00,-2.70,4.25 
1747830566.51,1,-132.81,-582.57,0.58,1.02,1.13,-132.81,-582.57,0.00,-0.01,0.30 
1747830566.61,0,-117.38,-558.57,1.38,3.38,0.54,-117.38,-558.57,0.00,-2.71,4.24 
1747830566.61,1,-132.79,-582.58,0.58,1.22,1.10,-132.79,-582.58,0.00,0.02,0.24 
1747830566.71,0,-117.66,-558.10,1.00,3.57,0.67,-117.66,-558.10,0.00,-2.73,4.30 
1747830566.71,1,-132.78,-582.59,0.77,0.98,1.38,-132.78,-582.59,0.00,0.03,0.20 
1747830566.81,0,-117.95,-557.67,1.35,3.42,0.54,-117.95,-557.67,0.00,-2.74,4.30 
1747830566.91,0,-118.25,-557.24,1.58,3.59,0.51,-118.25,-557.24,0.00,-2.78,4.30 
1747830567.01,0,-118.54,-556.81,1.46,3.38,0.53,-118.54,-556.81,0.00,-2.80,4.30 
1747830567.11,0,-118.81,-556.37,1.35,3.39,0.56,-118.81,-556.37,0.00,-2.79,4.31 
1747830567.21,0,-119.08,-555.96,1.14,3.44,0.69,-119.08,-555.96,0.00,-2.78,4.28 
1747830567.51,0,-119.89,-554.67,1.39,3.22,0.46,-119.89,-554.67,0.00,-2.76,4.29 
1747830567.61,0,-120.08,-554.21,1.56,3.51,0.58,-120.08,-554.21,0.00,-2.65,4.33 
1747830567.71,0,-120.31,-553.73,1.43,3.41,0.58,-120.31,-553.73,0.00,-2.60,4.38 
1747830567.91,0,-120.85,-552.85,1.43,3.45,0.54,-120.85,-552.85,0.00,-2.64,4.38 
1747830568.01,0,-121.08,-552.47,1.38,3.68,0.50,-121.08,-552.47,0.00,-2.59,4.31 
1747830568.11,0,-121.35,-552.02,1.30,3.50,0.51,-121.35,-552.02,0.00,-2.60,4.34 
1747830568.21,0,-121.57,-551.62,1.38,3.44,0.46,-121.57,-551.62,0.00,-2.56,4.29 
1747830568.41,0,-122.09,-550.74,1.08,3.55,0.67,-122.09,-550.74,0.00,-2.56,4.32 
1747830568.61,0,-122.56,-549.87,1.30,3.35,0.62,-122.56,-549.87,0.00,-2.51,4.33 
1747830568.71,0,-122.88,-549.40,1.05,3.80,0.66,-122.88,-549.40,0.00,-2.60,4.37 
1747830568.81,0,-123.10,-548.97,1.37,3.61,0.45,-123.10,-548.97,0.00,-2.55,4.37 
1747830568.91,0,-123.35,-548.49,1.37,3.67,0.47,-123.35,-548.49,0.00,-2.54,4.42 
1747830569.01,0,-123.56,-548.03,1.49,3.45,0.54,-123.56,-548.03,0.00,-2.49,4.44 
1747830569.11,0,-123.63,-547.76,1.51,3.13,0.41,-123.63,-547.76,0.00,-2.26,4.22 
1747830569.41,0,-124.31,-546.42,1.60,3.98,0.44,-124.31,-546.42,0.00,-2.26,4.30 
1747830569.61,0,-124.74,-545.49,1.42,3.30,0.37,-124.74,-545.49,0.00,-2.23,4.39 
1747830569.81,0,-125.15,-544.50,1.51,3.86,0.32,-125.15,-544.50,0.00,-2.19,4.51 
1747830570.01,0,-125.46,-543.52,1.45,3.32,0.51,-125.46,-543.52,0.00,-2.05,4.60 
1747830570.01,1,-132.82,-582.34,0.56,1.59,1.28,-132.82,-582.34,0.00,-0.33,0.13 
1747830570.31,0,-125.98,-542.04,1.59,3.51,0.32,-125.98,-542.04,0.00,-1.94,4.72 
1747830570.31,1,-133.20,-582.24,1.17,0.69,0.26,-133.20,-582.24,0.00,-0.63,0.20 
1747830570.61,0,-126.50,-540.57,1.43,3.30,0.30,-126.50,-540.57,0.00,-1.87,4.77 
1747830570.61,1,-133.14,-582.22,1.01,0.31,0.07,-133.14,-582.22,0.00,-0.37,0.15 
1747830570.91,0,-126.91,-539.54,1.01,2.53,0.50,-126.91,-539.54,0.00,-1.71,4.34 
1747830570.91,1,-133.25,-582.18,0.52,0.18,0.07,-133.25,-582.18,0.00,-0.37,0.15 
1747830571.01,0,-127.03,-538.89,1.12,2.81,0.34,-127.03,-538.89,0.00,-1.65,4.59 
1747830571.01,1,-133.29,-582.16,0.52,0.18,0.07,-133.29,-582.16,0.00,-0.37,0.15 
1747830571.21,0,-127.21,-538.13,1.30,2.30,0.18,-127.21,-538.13,0.00,-1.46,4.40 
1747830571.21,1,-133.36,-582.13,0.52,0.18,0.07,-133.36,-582.13,0.00,-0.37,0.15 
1747830571.31,0,-127.42,-537.39,0.91,4.65,0.27,-127.42,-537.39,0.00,-1.55,4.77 
1747830571.31,1,-133.40,-582.12,0.52,0.18,0.07,-133.40,-582.12,0.00,-0.37,0.15 
1747830571.41,0,-127.57,-536.79,1.13,3.90,0.25,-127.57,-536.79,0.00,-1.54,4.94 
1747830571.41,1,-133.44,-582.10,0.52,0.18,0.07,-133.44,-582.10,0.00,-0.37,0.15 
1747830571.41,2,-215.11,-484.93,0.51,0.07,0.81,-215.11,-484.93,0.00,-0.19,-0.15 
1747830571.81,0,-128.24,-534.63,1.39,3.90,0.21,-128.24,-534.63,0.00,-1.60,5.13 
1747830571.81,1,-133.58,-582.04,0.52,0.18,0.07,-133.58,-582.04,0.00,-0.37,0.15 
1747830571.81,2,-215.33,-485.14,0.53,0.08,0.86,-215.33,-485.14,0.00,-0.34,-0.30 
1747830572.01,0,-128.41,-533.56,1.44,3.57,0.16,-128.41,-533.56,0.00,-1.42,5.17 
1747830572.01,1,-133.66,-582.01,0.52,0.18,0.07,-133.66,-582.01,0.00,-0.37,0.15 
1747830572.01,2,-215.24,-485.12,0.58,0.09,0.86,-215.24,-485.12,0.00,-0.15,-0.22 
1747830572.11,0,-128.54,-533.09,1.22,3.33,0.23,-128.54,-533.09,0.00,-1.40,5.12 
1747830572.11,1,-133.69,-582.00,0.52,0.18,0.07,-133.69,-582.00,0.00,-0.37,0.15 
1747830572.21,0,-128.70,-532.64,1.55,3.38,0.19,-128.70,-532.64,0.00,-1.44,5.04 
1747830572.21,1,-133.73,-581.98,0.52,0.18,0.07,-133.73,-581.98,0.00,-0.37,0.15 
1747830572.21,2,-214.85,-484.33,0.59,0.11,0.05,-214.85,-484.33,0.00,0.34,0.74 
1747830572.31,0,-128.80,-532.09,1.39,3.51,0.27,-128.80,-532.09,0.00,-1.37,5.10 
1747830572.31,1,-133.77,-581.97,0.52,0.18,0.07,-133.77,-581.97,0.00,-0.37,0.15 
1747830572.31,2,-214.71,-484.09,0.61,0.13,1.55,-214.71,-484.09,0.00,0.48,0.97 
1747830572.41,0,-128.95,-531.57,1.59,3.54,0.14,-128.95,-531.57,0.00,-1.38,5.10 
1747830572.41,1,-133.80,-581.95,0.52,0.18,0.07,-133.80,-581.95,0.00,-0.37,0.15 
1747830572.41,2,-214.67,-484.11,0.63,0.16,0.42,-214.67,-484.11,0.00,0.47,0.81 
1747830572.61,0,-129.25,-530.60,1.53,3.41,0.23,-129.25,-530.60,0.00,-1.42,5.04 
1747830572.61,1,-133.88,-581.92,0.52,0.18,0.07,-133.88,-581.92,0.00,-0.37,0.15 
1747830572.61,2,-214.69,-484.25,0.68,0.17,0.86,-214.69,-484.25,0.00,0.33,0.42 
1747830572.81,0,-129.52,-529.56,1.06,3.46,0.28,-129.52,-529.56,0.00,-1.40,5.09 
1747830572.81,1,-133.95,-581.89,0.52,0.18,0.07,-133.95,-581.89,0.00,-0.37,0.15 
1747830573.01,0,-129.78,-528.51,1.14,3.48,0.24,-129.78,-528.51,0.00,-1.38,5.12 
1747830573.01,1,-134.02,-581.86,0.52,0.18,0.07,-134.02,-581.86,0.00,-0.37,0.15 
1747830573.21,0,-130.14,-527.53,1.73,3.40,0.21,-130.14,-527.53,0.00,-1.48,5.08 
1747830573.21,1,-134.10,-581.83,0.52,0.18,0.07,-134.10,-581.83,0.00,-0.37,0.15 
1747830573.21,2,-215.21,-484.79,0.48,0.78,0.93,-215.21,-484.79,0.00,-0.37,-0.36 
1747830573.31,0,-130.32,-526.99,1.49,3.52,0.26,-130.32,-526.99,0.00,-1.51,5.11 
1747830573.31,1,-134.13,-581.82,0.52,0.18,0.07,-134.13,-581.82,0.00,-0.37,0.15 
1747830573.31,2,-215.33,-484.88,0.86,0.72,0.96,-215.33,-484.88,0.00,-0.45,-0.42 
1747830573.41,0,-129.47,-528.67,1.57,3.67,0.18,-129.47,-528.67,0.00,-0.29,2.42 
1747830573.41,1,-134.17,-581.80,0.52,0.18,0.07,-134.17,-581.80,0.00,-0.37,0.15 
1747830573.41,2,-215.37,-484.95,0.93,0.59,0.96,-215.37,-484.95,0.00,-0.45,-0.44 
1747830573.61,0,-129.85,-527.29,1.61,4.49,0.17,-129.85,-527.29,0.00,-0.67,3.49 
1747830573.61,1,-134.25,-581.77,0.52,0.18,0.07,-134.25,-581.77,0.00,-0.37,0.15 
1747830573.61,2,-215.42,-485.08,1.28,0.58,1.30,-215.42,-485.08,0.00,-0.41,-0.49 
1747830573.71,0,-130.17,-526.31,1.50,6.56,0.38,-130.17,-526.31,0.00,-0.98,4.26 
1747830573.71,1,-134.28,-581.76,0.52,0.18,0.07,-134.28,-581.76,0.00,-0.37,0.15 
1747830573.71,2,-215.46,-485.12,1.18,0.46,0.98,-215.46,-485.12,0.00,-0.40,-0.48 
1747830574.01,0,-130.77,-524.48,1.88,5.11,0.22,-130.77,-524.48,0.00,-1.32,4.87 
1747830574.01,1,-134.39,-581.71,0.52,0.18,0.07,-134.39,-581.71,0.00,-0.37,0.15 
1747830574.01,2,-215.51,-485.27,1.22,0.56,1.02,-215.51,-485.27,0.00,-0.33,-0.49 
1747830574.11,0,-131.06,-523.67,1.71,4.59,0.23,-131.06,-523.67,0.00,-1.50,5.25 
1747830574.11,1,-134.43,-581.70,0.52,0.18,0.07,-134.43,-581.70,0.00,-0.37,0.15 
1747830574.11,2,-215.47,-485.21,1.70,0.45,1.05,-215.47,-485.21,0.00,-0.24,-0.36 
1747830574.21,0,-131.28,-523.01,1.13,3.85,0.34,-131.28,-523.01,0.00,-1.59,5.42 
1747830574.21,2,-215.48,-485.18,0.82,0.91,0.54,-215.48,-485.18,0.00,-0.22,-0.29 
1747830574.31,0,-131.49,-522.36,1.38,3.79,0.29,-131.49,-522.36,0.00,-1.66,5.56 
1747830574.31,2,-215.49,-485.19,0.69,0.54,1.17,-215.49,-485.19,0.00,-0.21,-0.26 
1747830574.41,0,-131.70,-521.70,1.27,4.05,0.34,-131.70,-521.70,0.00,-1.72,5.69 
1747830574.41,2,-215.50,-485.22,0.81,0.57,1.38,-215.50,-485.22,0.00,-0.19,-0.26 
1747830574.51,0,-131.90,-521.09,1.26,3.68,0.24,-131.90,-521.09,0.00,-1.75,5.75 
1747830574.51,2,-215.53,-485.28,1.07,0.56,1.33,-215.53,-485.28,0.00,-0.20,-0.30 
1747830575.11,0,-132.73,-517.78,1.61,3.67,0.13,-132.73,-517.78,0.00,-1.59,5.65 
1747830575.21,0,-132.45,-521.44,1.69,3.84,0.49,-132.45,-521.44,0.00,-1.13,1.20 
1747830575.31,0,-132.74,-519.73,2.36,3.84,1.46,-132.74,-519.73,0.00,-1.37,3.36 
1747830575.51,0,-132.97,-517.71,2.12,7.11,0.18,-132.97,-517.71,0.00,-1.30,5.37 
1747830575.51,2,-215.19,-484.74,2.09,0.58,0.97,-215.19,-484.74,0.00,0.35,0.46 
1747830575.61,0,-132.37,-520.85,2.29,7.51,0.50,-132.37,-520.85,0.00,-0.20,-0.18 
1747830575.61,2,-215.15,-484.77,1.28,0.62,1.10,-215.15,-484.77,0.00,0.35,0.35 
1747830575.71,0,-132.64,-518.90,2.35,10.98,0.23,-132.64,-518.90,0.00,-0.58,2.77 
1747830575.71,2,-215.14,-484.75,1.17,0.43,0.98,-215.14,-484.75,0.00,0.33,0.31 
1747830576.21,0,-133.25,-514.48,1.55,7.62,0.16,-133.25,-514.48,0.00,-0.88,5.61 
1747830576.21,2,-214.85,-484.43,1.56,0.44,0.97,-214.85,-484.43,0.00,0.44,0.47 
1747830576.41,0,-133.53,-512.41,1.41,5.27,0.16,-133.53,-512.41,0.00,-1.00,6.73 
1747830576.41,2,-214.88,-484.37,1.59,0.54,1.15,-214.88,-484.37,0.00,0.31,0.43 
1747830576.51,0,-133.54,-511.65,1.18,1.75,0.25,-133.54,-511.65,0.00,-0.89,6.84 
1747830576.51,2,-214.89,-484.46,1.68,0.46,0.98,-214.89,-484.46,0.00,0.26,0.26 
1747830576.61,0,-133.70,-510.72,1.19,2.25,0.19,-133.70,-510.72,0.00,-0.98,7.17 
1747830576.81,0,-133.95,-509.32,1.55,3.43,0.08,-133.95,-509.32,0.00,-1.06,7.13 
1747830577.21,0,-134.18,-506.93,1.55,3.95,0.21,-134.18,-506.93,0.00,-0.85,6.65 
1747830577.71,0,-134.62,-504.27,1.45,3.95,0.17,-134.62,-504.27,0.00,-0.86,6.04 
1747830577.71,2,-215.04,-484.87,1.08,1.03,0.60,-215.04,-484.87,0.00,-0.03,-0.23 
1747830577.81,0,-134.73,-503.79,1.43,3.61,0.12,-134.73,-503.79,0.00,-0.89,5.91 
1747830577.81,2,-215.18,-485.02,2.08,0.77,1.10,-215.18,-485.02,0.00,-0.18,-0.37 
1747830577.91,0,-134.76,-503.27,0.93,3.72,0.23,-134.76,-503.27,0.00,-0.82,5.81 
1747830577.91,2,-215.18,-485.07,0.99,0.83,0.57,-215.18,-485.07,0.00,-0.16,-0.39 
1747830578.11,0,-134.88,-502.32,1.42,3.85,0.10,-134.88,-502.32,0.00,-0.76,5.50 
1747830578.21,0,-134.93,-501.89,1.37,3.72,0.12,-134.93,-501.89,0.00,-0.71,5.34 
1747830578.21,2,-214.94,-484.75,2.35,0.71,0.58,-214.94,-484.75,0.00,0.24,0.18 
1747830578.41,0,-135.01,-500.90,1.15,3.65,0.16,-135.01,-500.90,0.00,-0.63,5.23 
1747830578.41,2,-214.91,-484.74,1.42,0.67,0.88,-214.91,-484.74,0.00,0.21,0.14 
1747830578.51,0,-135.06,-500.37,1.18,3.50,0.20,-135.06,-500.37,0.00,-0.61,5.24 
1747830578.51,2,-214.90,-484.80,1.48,0.41,1.00,-214.90,-484.80,0.00,0.20,0.05 
1747830578.71,0,-135.12,-499.46,1.18,3.66,0.08,-135.12,-499.46,0.00,-0.53,5.06 
1747830578.81,0,-135.13,-499.01,1.17,3.37,0.11,-135.13,-499.01,0.00,-0.48,5.00 
1747830578.81,2,-214.84,-484.66,1.86,0.86,1.05,-214.84,-484.66,0.00,0.20,0.21 
1747830578.91,0,-135.15,-498.50,1.09,3.23,0.09,-135.15,-498.50,0.00,-0.45,5.01 
1747830578.91,2,-214.85,-484.58,1.87,0.96,1.27,-214.85,-484.58,0.00,0.16,0.29 
1747830579.11,0,-135.28,-497.43,1.45,3.75,0.12,-135.28,-497.43,0.00,-0.50,5.09 
1747830579.11,2,-214.83,-484.58,1.66,0.60,1.26,-214.83,-484.58,0.00,0.15,0.21 
1747830579.51,0,-135.53,-495.30,1.33,3.60,0.09,-135.53,-495.30,0.00,-0.55,5.18 
1747830579.51,2,-214.77,-484.46,0.87,0.94,0.45,-214.77,-484.46,0.00,0.15,0.25 
1747830579.61,0,-135.60,-494.77,1.29,3.53,0.09,-135.60,-494.77,0.00,-0.56,5.19 
1747830579.61,2,-214.84,-484.41,0.97,1.04,0.14,-214.84,-484.41,0.00,0.05,0.27 
1747830579.71,0,-135.67,-494.22,1.47,3.67,0.14,-135.67,-494.22,0.00,-0.58,5.23 
1747830579.81,0,-135.72,-493.76,1.67,3.52,0.16,-135.72,-493.76,0.00,-0.57,5.14 
1747830580.21,0,-135.94,-491.71,1.25,3.33,0.02,-135.94,-491.71,0.00,-0.55,5.13 
1747830581.21,0,-136.37,-486.44,0.91,3.48,0.19,-136.37,-486.44,0.00,-0.50,5.20 
1747830581.51,0,-136.52,-484.86,0.87,3.17,0.24,-136.52,-484.86,0.00,-0.50,5.23 
1747830581.51,2,-214.72,-484.29,2.22,1.04,1.51,-214.72,-484.29,0.00,-0.01,0.32 
1747830581.61,0,-136.49,-484.38,1.25,3.23,0.10,-136.49,-484.38,0.00,-0.37,5.16 
1747830581.61,2,-214.72,-484.31,1.95,0.77,1.54,-214.72,-484.31,0.00,-0.02,0.22 
1747830581.71,0,-136.54,-483.94,1.65,3.44,0.22,-136.54,-483.94,0.00,-0.38,5.01 
1747830581.71,2,-214.83,-484.44,2.06,0.93,1.37,-214.83,-484.44,0.00,-0.21,-0.04 
1747830582.01,0,-136.64,-482.41,1.39,3.43,0.14,-136.64,-482.41,0.00,-0.36,5.06 
1747830582.61,0,-136.89,-479.10,1.50,3.69,0.10,-136.89,-479.10,0.00,-0.39,5.29 
1747830582.61,2,-214.66,-484.70,0.87,2.09,0.21,-214.66,-484.70,0.00,0.08,-0.24 
1747830582.71,0,-136.88,-478.87,0.92,2.16,0.40,-136.88,-478.87,0.00,-0.34,4.96 
1747830582.91,0,-136.84,-477.67,1.53,1.95,1.52,-136.84,-477.67,0.00,-0.19,5.26 
1747830583.01,0,-136.90,-477.03,0.99,3.68,0.07,-136.90,-477.03,0.00,-0.24,5.42 
1747830583.01,2,-214.66,-484.14,1.55,1.89,0.06,-214.66,-484.14,0.00,0.03,0.58 
1747830583.11,0,-137.01,-476.40,1.59,3.64,0.05,-137.01,-476.40,0.00,-0.38,5.56 
1747830583.11,2,-214.52,-484.27,0.62,2.11,0.22,-214.52,-484.27,0.00,0.25,0.29 
1747830583.41,0,-137.20,-474.78,1.40,3.28,0.05,-137.20,-474.78,0.00,-0.48,5.50 
1747830583.41,2,-214.35,-484.68,2.20,0.65,1.42,-214.35,-484.68,0.00,0.37,-0.35 
1747830583.61,0,-137.23,-473.70,1.24,3.35,0.08,-137.23,-473.70,0.00,-0.40,5.48 
1747830583.61,2,-214.32,-484.79,0.48,1.68,0.38,-214.32,-484.79,0.00,0.32,-0.39 
1747830583.71,0,-137.29,-473.07,1.01,3.68,0.18,-137.29,-473.07,0.00,-0.42,5.57 
1747830583.71,2,-214.27,-484.75,0.22,1.55,0.08,-214.27,-484.75,0.00,0.34,-0.30 
1747830583.91,0,-137.36,-471.99,1.20,3.26,0.08,-137.36,-471.99,0.00,-0.41,5.53 
1747830583.91,2,-214.20,-484.65,1.40,0.12,1.55,-214.20,-484.65,0.00,0.34,-0.09 
1747830584.01,0,-137.39,-471.49,1.20,3.38,0.09,-137.39,-471.49,0.00,-0.39,5.46 
1747830584.01,2,-214.24,-484.60,1.40,0.18,1.41,-214.24,-484.60,0.00,0.25,-0.03 
1747830584.11,0,-137.45,-470.95,1.47,3.25,0.10,-137.45,-470.95,0.00,-0.41,5.45 
1747830584.11,2,-214.25,-484.45,1.32,0.38,0.47,-214.25,-484.45,0.00,0.20,0.17 
1747830584.31,0,-137.55,-469.88,1.47,3.29,0.09,-137.55,-469.88,0.00,-0.43,5.44 
1747830584.31,2,-214.27,-484.39,1.19,0.65,0.17,-214.27,-484.39,0.00,0.13,0.20 
1747830584.41,0,-137.58,-469.31,1.15,3.59,0.17,-137.58,-469.31,0.00,-0.42,5.47 
1747830584.81,0,-137.72,-467.16,1.39,3.39,0.13,-137.72,-467.16,0.00,-0.39,5.43 
1747830584.91,0,-137.74,-466.57,1.52,3.69,0.16,-137.74,-466.57,0.00,-0.37,5.49 
1747830585.01,0,-137.65,-466.29,1.57,2.83,0.01,-137.65,-466.29,0.00,-0.22,5.14 
1747830585.21,0,-138.04,-465.51,2.11,2.86,0.76,-138.04,-465.51,0.00,-0.66,4.81 
1747830585.41,0,-137.94,-464.29,1.75,4.03,0.05,-137.94,-464.29,0.00,-0.37,5.15 
1747830585.41,2,-214.23,-484.73,0.88,2.28,0.00,-214.23,-484.73,0.00,0.06,-0.32 
1747830585.71,0,-137.97,-462.77,0.84,1.82,0.41,-137.97,-462.77,0.00,-0.28,5.12 
1747830585.71,2,-214.14,-484.71,0.42,1.74,0.28,-214.14,-484.71,0.00,0.14,-0.19 
1747830585.81,0,-137.89,-462.32,1.18,2.02,0.17,-137.89,-462.32,0.00,-0.15,5.04 
1747830586.01,0,-137.84,-461.01,1.22,2.50,0.12,-137.84,-461.01,0.00,-0.06,5.41 
1747830586.11,0,-137.88,-460.31,1.53,3.79,0.06,-137.88,-460.31,0.00,-0.09,5.61 
1747830586.11,2,-214.21,-484.25,0.65,2.14,0.54,-214.21,-484.25,0.00,0.01,0.41 
1747830586.31,0,-137.91,-459.06,1.22,3.83,0.15,-137.91,-459.06,0.00,-0.10,5.77 
1747830586.31,2,-214.23,-484.16,1.71,0.81,1.53,-214.23,-484.16,0.00,-0.02,0.42 
1747830586.41,0,-137.96,-458.47,1.58,3.23,0.14,-137.96,-458.47,0.00,-0.16,5.79 
1747830586.41,2,-214.22,-484.26,0.93,2.28,0.55,-214.22,-484.26,0.00,-0.01,0.24 
1747830586.61,0,-138.03,-457.33,1.55,3.19,0.13,-138.03,-457.33,0.00,-0.20,5.76 
1747830586.81,0,-138.07,-456.22,1.24,3.27,0.13,-138.07,-456.22,0.00,-0.20,5.71 
1747830587.21,0,-138.12,-454.05,1.21,3.37,0.07,-138.12,-454.05,0.00,-0.18,5.60 
1747830587.31,0,-138.13,-453.53,1.46,3.39,0.17,-138.13,-453.53,0.00,-0.16,5.55 
1747830587.41,0,-138.09,-452.95,1.31,3.64,0.15,-138.09,-452.95,0.00,-0.09,5.58 
1747830587.51,0,-138.08,-452.38,1.19,3.44,0.10,-138.08,-452.38,0.00,-0.07,5.60 
1747830587.51,2,-214.06,-484.61,1.61,2.05,0.69,-214.06,-484.61,0.00,0.07,-0.29 
1747830587.61,0,-138.09,-451.88,1.36,3.42,0.14,-138.09,-451.88,0.00,-0.08,5.52 
1747830587.61,2,-213.98,-484.79,0.35,2.44,0.44,-213.98,-484.79,0.00,0.16,-0.50 
1747830587.71,0,-138.09,-451.33,1.72,3.20,0.08,-138.09,-451.33,0.00,-0.07,5.52 
1747830587.71,2,-213.84,-485.12,0.49,3.35,0.54,-213.84,-485.12,0.00,0.34,-0.89 
1747830587.81,0,-138.13,-450.83,1.96,3.41,0.22,-138.13,-450.83,0.00,-0.11,5.44 
1747830587.81,2,-213.71,-485.43,0.48,2.87,0.30,-213.71,-485.43,0.00,0.48,-1.19 
1747830587.91,0,-138.13,-450.28,3.21,1.55,1.51,-138.13,-450.28,0.00,-0.10,5.45 
1747830587.91,2,-213.61,-485.66,0.43,2.14,0.63,-213.61,-485.66,0.00,0.55,-1.35 
1747830588.01,0,-138.10,-449.73,1.33,3.26,0.13,-138.10,-449.73,0.00,-0.05,5.46 
1747830588.01,2,-213.54,-485.79,0.32,1.67,0.47,-213.54,-485.79,0.00,0.57,-1.35 
1747830588.11,0,-138.10,-449.20,1.29,3.20,0.16,-138.10,-449.20,0.00,-0.04,5.44 
1747830588.11,2,-213.47,-485.88,0.40,1.83,0.50,-213.47,-485.88,0.00,0.59,-1.29 
1747830588.31,0,-137.97,-448.13,1.57,3.21,0.05,-137.97,-448.13,0.00,0.13,5.41 
1747830588.31,2,-213.52,-485.64,0.44,2.10,0.50,-213.52,-485.64,0.00,0.38,-0.68 
1747830588.41,0,-137.93,-447.64,1.40,3.77,0.14,-137.93,-447.64,0.00,0.17,5.35 
1747830588.41,2,-213.68,-485.32,0.52,2.26,0.11,-213.68,-485.32,0.00,0.14,-0.21 
1747830588.61,0,-137.96,-446.83,2.01,3.68,0.79,-137.96,-446.83,0.00,0.09,5.04 
1747830588.61,2,-213.83,-484.91,0.80,2.20,1.45,-213.83,-484.91,0.00,-0.07,0.33 
1747830588.71,0,-137.87,-446.22,3.99,1.64,1.44,-137.87,-446.22,0.00,0.18,5.17 
1747830588.71,2,-213.89,-484.78,0.64,2.09,0.63,-213.89,-484.78,0.00,-0.14,0.44 
1747830589.11,0,-137.76,-444.02,3.83,1.57,1.51,-137.76,-444.02,0.00,0.22,5.30 
1747830589.11,2,-213.50,-485.44,0.29,3.71,0.52,-213.50,-485.44,0.00,0.29,-0.37 
1747830589.21,0,-137.70,-443.50,1.85,3.51,0.02,-137.70,-443.50,0.00,0.27,5.29 
1747830589.21,2,-213.45,-485.56,0.44,1.85,0.68,-213.45,-485.56,0.00,0.32,-0.46 
1747830589.31,0,-137.64,-443.01,3.29,1.61,1.45,-137.64,-443.01,0.00,0.30,5.25 
1747830589.31,2,-213.50,-485.41,0.36,2.51,0.44,-213.50,-485.41,0.00,0.22,-0.21 
1747830589.41,0,-137.57,-442.49,1.82,3.62,0.03,-137.57,-442.49,0.00,0.36,5.23 
1747830589.41,2,-213.61,-485.10,0.30,3.08,0.42,-213.61,-485.10,0.00,0.03,0.24 
1747830589.51,0,-137.49,-441.98,1.24,3.34,0.10,-137.49,-441.98,0.00,0.42,5.22 
1747830589.51,2,-213.78,-484.66,0.49,3.37,0.53,-213.78,-484.66,0.00,-0.20,0.81 
1747830589.71,0,-137.39,-440.91,0.72,3.40,0.09,-137.39,-440.91,0.00,0.43,5.24 
1747830589.71,2,-213.91,-484.42,0.53,2.18,0.66,-213.91,-484.42,0.00,-0.32,0.91 
1747830589.81,0,-137.38,-440.39,1.14,3.04,0.02,-137.38,-440.39,0.00,0.40,5.24 
1747830589.81,2,-213.89,-484.34,0.37,1.35,0.36,-213.89,-484.34,0.00,-0.26,0.89 
1747830590.21,0,-137.13,-438.41,3.74,1.30,1.45,-137.13,-438.41,0.00,0.49,5.12 
1747830590.21,2,-213.92,-484.18,0.21,1.64,0.58,-213.92,-484.18,0.00,-0.18,0.70 
1747830590.41,0,-137.11,-437.47,1.11,3.48,0.12,-137.11,-437.47,0.00,0.40,5.03 
1747830590.41,2,-213.82,-484.33,0.34,2.02,0.71,-213.82,-484.33,0.00,-0.02,0.37 
1747830590.51,0,-137.03,-436.94,3.58,1.05,1.52,-137.03,-436.94,0.00,0.44,5.06 
1747830590.51,2,-213.78,-484.39,0.30,1.38,0.63,-213.78,-484.39,0.00,0.02,0.25 
1747830590.61,0,-137.04,-436.53,3.61,1.38,1.56,-137.04,-436.53,0.00,0.38,4.93 
1747830590.71,0,-137.00,-436.10,0.84,3.57,0.02,-137.00,-436.10,0.00,0.38,4.85 
1747830590.71,2,-213.66,-484.61,0.16,1.72,0.59,-213.66,-484.61,0.00,0.18,-0.09 
1747830590.81,0,-136.97,-435.60,3.41,0.95,1.52,-136.97,-435.60,0.00,0.37,4.87 
1747830590.91,0,-136.93,-435.12,3.12,1.54,1.34,-136.93,-435.12,0.00,0.37,4.86 
1747830591.01,0,-136.96,-434.80,3.49,1.73,0.97,-136.96,-434.80,0.00,0.28,4.64 
1747830591.11,0,-136.87,-434.28,1.92,3.54,0.14,-136.87,-434.28,0.00,0.36,4.71 
1747830591.21,0,-136.82,-433.74,3.78,1.51,1.47,-136.82,-433.74,0.00,0.38,4.80 
1747830591.31,0,-136.78,-433.25,3.21,1.00,1.52,-136.78,-433.25,0.00,0.38,4.81 
1747830591.41,0,-136.75,-432.75,3.52,1.28,1.54,-136.75,-432.75,0.00,0.37,4.83 
1747830591.51,0,-136.68,-432.27,3.11,1.15,1.56,-136.68,-432.27,0.00,0.41,4.83 
1747830591.61,0,-136.64,-431.81,3.44,1.69,1.56,-136.64,-431.81,0.00,0.42,4.80 
1747830591.71,0,-136.60,-431.32,3.36,1.61,1.36,-136.60,-431.32,0.00,0.41,4.82 
1747830591.91,0,-136.51,-430.33,3.66,1.77,1.53,-136.51,-430.33,0.00,0.42,4.84 
1747830592.01,0,-136.50,-429.87,1.53,3.66,0.02,-136.50,-429.87,0.00,0.39,4.82 
1747830592.31,0,-136.39,-428.44,3.39,1.53,1.43,-136.39,-428.44,0.00,0.38,4.81 
1747830592.41,0,-136.36,-428.02,3.62,1.60,1.42,-136.36,-428.02,0.00,0.37,4.73 
1747830592.41,2,-213.40,-484.66,0.10,0.85,0.60,-213.40,-484.66,0.00,0.19,-0.08 
1747830592.71,0,-136.21,-427.00,0.98,2.99,0.03,-136.21,-427.00,0.00,0.41,4.28 
1747830592.71,2,-213.23,-484.80,0.12,0.88,1.24,-213.23,-484.80,0.00,0.28,-0.17 
1747830593.01,0,-136.15,-425.54,3.79,1.54,1.57,-136.15,-425.54,0.00,0.35,4.48 
1747830593.11,0,-136.07,-425.09,3.28,1.11,1.54,-136.07,-425.09,0.00,0.40,4.48 
1747830593.21,0,-136.09,-424.57,3.90,1.69,1.54,-136.09,-424.57,0.00,0.32,4.57 
1747830593.31,0,-136.04,-424.03,1.06,3.92,0.05,-136.04,-424.03,0.00,0.34,4.68 
1747830593.41,0,-136.03,-423.57,3.56,1.62,1.44,-136.03,-423.57,0.00,0.32,4.68 
1747830593.51,0,-136.00,-423.08,3.67,1.59,1.49,-136.00,-423.08,0.00,0.31,4.70 
1747830593.51,2,-213.46,-484.59,0.21,1.41,1.13,-213.46,-484.59,0.00,-0.16,0.17 
1747830593.71,0,-135.96,-422.13,3.59,1.48,1.52,-135.96,-422.13,0.00,0.28,4.71 
1747830593.81,0,-135.96,-421.69,3.68,1.46,1.55,-135.96,-421.69,0.00,0.25,4.68 
1747830593.81,2,-213.48,-484.54,0.29,1.57,0.90,-213.48,-484.54,0.00,-0.13,0.17 
1747830593.91,0,-135.96,-421.27,1.36,3.97,0.06,-135.96,-421.27,0.00,0.22,4.62 
1747830593.91,2,-213.50,-484.52,0.21,1.42,0.90,-213.50,-484.52,0.00,-0.13,0.17 
1747830594.01,0,-135.94,-420.83,3.66,1.41,1.51,-135.94,-420.83,0.00,0.21,4.58 
1747830594.01,2,-213.51,-484.51,0.21,1.42,0.90,-213.51,-484.51,0.00,-0.13,0.17 
1747830594.51,0,-135.81,-418.62,0.89,3.59,0.15,-135.81,-418.62,0.00,0.23,4.52 
1747830594.51,2,-213.57,-484.42,0.21,1.42,0.90,-213.57,-484.42,0.00,-0.13,0.17 
1747830594.61,0,-135.79,-418.23,3.75,1.59,1.56,-135.79,-418.23,0.00,0.23,4.45 
1747830594.61,2,-213.59,-484.40,0.21,1.42,0.90,-213.59,-484.40,0.00,-0.13,0.17 
1747830594.81,0,-135.70,-417.73,0.88,2.97,0.16,-135.70,-417.73,0.00,0.29,3.94 
1747830594.91,0,-135.66,-417.49,0.98,2.33,0.17,-135.66,-417.49,0.00,0.30,3.72 
1747830595.01,0,-135.70,-416.93,1.53,2.21,1.56,-135.70,-416.93,0.00,0.20,3.99 
1747830595.51,0,-135.59,-415.06,0.86,1.91,0.10,-135.59,-415.06,0.00,0.21,3.88 
1747830595.51,2,-213.05,-484.56,0.22,0.66,0.90,-213.05,-484.56,0.00,0.27,0.00 
1747830595.91,0,-135.70,-412.95,0.95,2.19,0.03,-135.70,-412.95,0.00,0.01,4.46 
1747830596.01,0,-135.60,-412.79,0.96,2.53,0.19,-135.60,-412.79,0.00,0.12,4.12 
1747830596.11,0,-135.54,-412.55,0.89,2.44,0.13,-135.54,-412.55,0.00,0.19,3.89 
1747830596.31,0,-135.48,-411.76,1.00,1.93,0.05,-135.48,-411.76,0.00,0.22,3.91 
1747830596.41,0,-135.49,-411.36,0.27,1.66,0.43,-135.49,-411.36,0.00,0.18,3.92 
1747830596.51,0,-135.66,-412.64,0.28,1.69,0.21,-135.66,-412.64,0.00,-0.09,1.59 
1747830596.61,0,-135.75,-413.41,0.30,1.72,0.22,-135.75,-413.41,0.00,-0.21,0.29 
1747830596.91,0,-135.67,-411.63,0.32,1.87,0.03,-135.67,-411.63,0.00,-0.04,2.26 
1747830597.31,0,-135.77,-411.58,0.34,1.91,0.24,-135.77,-411.58,0.00,-0.12,1.40 
1747830597.31,2,-213.55,-483.78,0.03,0.63,0.92,-213.55,-483.78,0.00,-0.27,0.57 
1747830597.41,0,-135.74,-411.58,0.36,1.95,0.23,-135.74,-411.58,0.00,-0.07,1.24 
1747830597.41,2,-213.58,-483.73,0.03,0.63,0.92,-213.58,-483.73,0.00,-0.27,0.57 
1747830597.71,0,-135.79,-409.86,0.42,1.97,1.45,-135.79,-409.86,0.00,-0.11,2.84 
1747830597.71,2,-213.00,-484.17,0.04,0.65,0.58,-213.00,-484.17,0.00,0.27,0.06 
1747830597.91,0,-135.83,-408.99,0.45,2.03,0.26,-135.83,-408.99,0.00,-0.13,3.21 
1747830597.91,2,-212.95,-484.16,0.05,0.65,0.58,-212.95,-484.16,0.00,0.27,0.06 
1747830598.01,0,-135.71,-408.26,0.49,2.10,0.09,-135.71,-408.26,0.00,0.03,3.73 
1747830598.01,2,-212.92,-484.15,0.07,0.65,0.58,-212.92,-484.15,0.00,0.27,0.06 
1747830598.11,0,-135.66,-407.55,0.53,2.17,0.12,-135.66,-407.55,0.00,0.09,4.16 
1747830598.11,2,-212.90,-484.15,0.09,0.66,0.58,-212.90,-484.15,0.00,0.27,0.06 
1747830598.21,0,-135.58,-407.27,0.56,2.25,0.17,-135.58,-407.27,0.00,0.19,3.99 
1747830598.21,2,-213.48,-483.91,0.10,0.75,1.38,-213.48,-483.91,0.00,-0.30,0.27 
1747830598.31,0,-135.52,-406.76,0.61,2.34,0.16,-135.52,-406.76,0.00,0.25,4.13 
1747830598.31,2,-213.51,-483.89,0.11,1.14,1.38,-213.51,-483.89,0.00,-0.30,0.27 
1747830598.41,0,-135.45,-406.34,0.66,2.44,0.15,-135.45,-406.34,0.00,0.30,4.14 
1747830598.41,2,-213.45,-483.92,0.13,1.22,1.18,-213.45,-483.92,0.00,-0.21,0.21 
1747830598.51,0,-135.56,-405.71,0.72,2.56,0.11,-135.56,-405.71,0.00,0.13,4.43 
1747830598.51,2,-213.40,-483.96,0.16,1.26,1.41,-213.40,-483.96,0.00,-0.14,0.16 
1747830598.71,0,-135.63,-404.59,0.89,2.60,1.56,-135.63,-404.59,0.00,0.00,4.72 
1747830598.71,2,-213.43,-483.93,0.20,1.31,1.41,-213.43,-483.93,0.00,-0.14,0.16 
1747830598.81,0,-135.50,-404.06,0.98,2.75,0.16,-135.50,-404.06,0.00,0.16,4.79 
1747830599.01,0,-135.54,-402.75,1.09,2.93,0.22,-135.54,-402.75,0.00,0.08,5.20 
1747830599.11,0,-135.46,-402.60,1.18,3.16,0.20,-135.46,-402.60,0.00,0.17,4.75 
1747830599.21,0,-135.33,-402.44,1.28,3.43,0.24,-135.33,-402.44,0.00,0.30,4.36 
1747830599.31,0,-135.43,-401.62,1.44,3.71,0.23,-135.43,-401.62,0.00,0.15,4.85 
1747830599.61,0,-135.55,-399.88,1.91,3.77,1.48,-135.55,-399.88,0.00,-0.04,5.15 
1747830599.81,0,-135.30,-399.17,2.11,4.22,0.21,-135.30,-399.17,0.00,0.27,4.78 
1747830599.91,0,-135.55,-398.40,2.88,4.25,1.37,-135.55,-398.40,0.00,-0.07,5.14 
1747830600.01,0,-135.64,-397.83,3.92,4.24,1.56,-135.64,-397.83,0.00,-0.18,5.20 
1747830600.01,2,-212.67,-484.09,0.21,1.26,1.15,-212.67,-484.09,0.00,0.58,-0.09 
1747830600.11,0,-135.67,-397.39,5.11,4.25,1.49,-135.67,-397.39,0.00,-0.19,5.10 
1747830600.11,2,-212.62,-484.10,0.09,0.38,1.15,-212.62,-484.10,0.00,0.58,-0.09 
1747830600.21,0,-135.64,-397.15,4.97,5.90,0.05,-135.64,-397.15,0.00,-0.13,4.75 
1747830600.21,2,-212.56,-484.11,0.09,0.38,1.15,-212.56,-484.11,0.00,0.58,-0.09 
1747830600.31,0,-135.59,-396.77,4.92,11.02,0.03,-135.59,-396.77,0.00,-0.05,4.63 
1747830600.31,2,-212.50,-484.12,0.09,0.38,1.15,-212.50,-484.12,0.00,0.58,-0.09 
1747830600.61,0,-135.56,-395.78,4.17,12.88,0.06,-135.56,-395.78,0.00,-0.00,4.19 
1747830600.61,2,-212.32,-484.14,0.09,0.38,1.15,-212.32,-484.14,0.00,0.58,-0.09 
1747830600.71,0,-135.56,-395.18,10.26,3.97,1.51,-135.56,-395.18,0.00,0.01,4.41 
1747830600.71,2,-212.27,-484.15,0.09,0.38,1.15,-212.27,-484.15,0.00,0.58,-0.09 
1747830600.81,0,-135.54,-394.62,9.92,4.05,1.47,-135.54,-394.62,0.00,0.03,4.56 
1747830600.81,2,-212.21,-484.16,0.09,0.38,1.15,-212.21,-484.16,0.00,0.58,-0.09 
1747830600.91,0,-135.51,-393.98,9.69,4.10,1.41,-135.51,-393.98,0.00,0.06,4.79 
1747830600.91,2,-212.15,-484.17,0.09,0.38,1.15,-212.15,-484.17,0.00,0.58,-0.09 
1747830601.01,0,-135.42,-393.52,9.75,4.89,1.56,-135.42,-393.52,0.00,0.18,4.77 
1747830601.01,2,-212.09,-484.18,0.09,0.38,1.15,-212.09,-484.18,0.00,0.58,-0.09 
1747830601.11,0,-135.32,-393.16,10.84,5.07,1.55,-135.32,-393.16,0.00,0.28,4.61 
1747830601.11,2,-212.03,-484.19,0.09,0.38,1.15,-212.03,-484.19,0.00,0.58,-0.09 
1747830601.21,0,-135.38,-392.51,9.05,4.11,1.27,-135.38,-392.51,0.00,0.16,4.86 
1747830601.21,2,-211.97,-484.20,0.09,0.38,1.15,-211.97,-484.20,0.00,0.58,-0.09 
1747830601.41,0,-135.28,-391.59,9.55,4.38,1.54,-135.28,-391.59,0.00,0.25,4.79 
1747830601.51,0,-135.30,-390.85,8.43,4.50,1.21,-135.30,-390.85,0.00,0.20,5.12 
1747830601.61,0,-135.19,-390.68,4.41,12.28,0.10,-135.19,-390.68,0.00,0.31,4.69 
1747830601.71,0,-135.21,-390.02,8.47,4.24,1.26,-135.21,-390.02,0.00,0.24,4.94 
1747830601.81,0,-135.24,-389.40,7.93,3.90,1.25,-135.24,-389.40,0.00,0.18,5.08 
1747830601.91,0,-135.27,-388.83,7.39,4.03,1.23,-135.27,-388.83,0.00,0.11,5.17 
1747830602.01,0,-135.24,-388.20,7.21,3.68,1.14,-135.24,-388.20,0.00,0.14,5.30 
1747830602.11,0,-135.20,-387.54,6.81,3.94,1.11,-135.20,-387.54,0.00,0.17,5.47 
1747830602.31,0,-135.21,-386.46,6.83,3.82,1.20,-135.21,-386.46,0.00,0.11,5.45 
1747830602.51,0,-135.06,-385.47,5.57,4.72,0.94,-135.06,-385.47,0.00,0.27,5.33 
1747830602.61,0,-135.04,-384.96,6.13,3.55,1.20,-135.04,-384.96,0.00,0.26,5.30 
1747830602.71,0,-135.04,-384.48,6.11,3.65,1.19,-135.04,-384.48,0.00,0.22,5.25 
1747830602.81,0,-134.99,-383.95,5.54,3.50,1.15,-134.99,-383.95,0.00,0.26,5.26 
