8,0,-159.300,-267.590,1.120,0.110,1.240,-154.061,-294.393,0.000,1.030,-5.270
9,0,-157.230,-272.690,0.990,0.070,0.240,-149.664,-294.606,0.000,1.550,-4.490
10,0,-156.250,-275.790,0.970,0.100,0.530,-148.835,-298.915,0.000,1.430,-4.460
11,0,-154.870,-280.370,0.880,0.020,0.350,-148.214,-301.812,0.000,1.310,-4.220
12,0,-153.800,-284.120,1.120,0.080,0.430,-147.164,-305.582,0.000,1.280,-4.140
13,0,-152.470,-288.600,1.020,0.180,0.480,-146.523,-309.186,0.000,1.170,-4.050
14,0,-150.670,-292.980,0.630,1.360,1.440,-143.242,-312.671,0.000,1.490,-3.950
15,0,-148.860,-297.380,1.240,2.050,0.790,-140.889,-317.956,0.000,1.600,-4.130
16,0,-147.330,-301.660,1.420,1.250,0.290,-139.399,-322.909,0.000,1.590,-4.260
17,0,-145.220,-304.950,0.730,2.200,1.570,-135.453,-323.188,0.000,1.960,-3.660
18,0,-143.530,-308.970,1.810,0.570,0.340,-134.763,-328.944,0.000,1.760,-4.010
19,0,-142.230,-313.400,1.340,0.430,0.950,-134.656,-334.727,0.000,1.520,-4.280
20,0,-141.160,-317.370,1.840,0.600,1.010,-134.652,-340.350,0.000,1.280,-4.520
21,0,-140.030,-322.460,1.890,0.740,0.530,-134.285,-348.033,0.000,1.130,-5.030
22,0,-140.170,-327.580,3.200,1.610,1.300,-139.102,-353.712,0.000,0.210,-5.140
23,0,-140.400,-332.260,2.140,1.330,0.200,-140.654,-356.455,0.000,-0.050,-4.760
24,0,-142.690,-337.900,0.800,0.150,1.120,-150.672,-363.194,0.000,-1.600,-5.070
25,0,-145.730,-342.020,1.000,0.300,0.840,-159.192,-363.510,0.000,-2.700,-4.310
26,0,-149.090,-345.850,1.960,0.830,0.330,-165.976,-367.109,0.000,-3.320,-4.180
27,0,-152.960,-348.640,5.400,1.870,0.330,-172.178,-365.112,0.000,-3.780,-3.240
28,0,-158.600,-350.430,5.030,2.380,0.080,-185.540,-361.511,0.000,-5.300,-2.180
29,0,-163.850,-351.180,4.890,3.530,0.200,-191.175,-356.818,0.000,-5.380,-1.110
30,0,-168.810,-350.070,1.890,7.800,1.120,-193.077,-347.977,0.000,-4.870,0.420
31,0,-173.770,-348.300,2.470,7.820,0.860,-198.077,-341.526,0.000,-4.880,1.360
32,0,-177.810,-345.440,2.480,7.610,0.650,-201.141,-332.428,0.000,-4.590,2.560
33,0,-181.600,-340.870,2.760,8.760,0.360,-197.906,-324.662,0.000,-3.340,3.320
34,0,-184.680,-335.330,3.720,5.470,0.190,-201.028,-309.961,0.000,-3.280,5.090
35,0,-185.720,-331.540,4.090,9.450,0.090,-195.020,-309.281,0.000,-1.830,4.380
36,0,-186.620,-324.290,2.180,4.920,0.340,-192.150,-292.704,0.000,-1.110,6.340
37,0,-187.410,-319.280,8.190,1.850,1.460,-191.902,-292.033,0.000,-0.920,5.580
38,0,-187.210,-313.870,4.810,1.950,1.560,-187.958,-283.306,0.000,-0.150,6.130
39,0,-187.650,-308.300,1.690,3.960,0.060,-189.394,-279.604,0.000,-0.350,5.760
40,0,-187.980,-304.150,2.130,1.890,0.150,-189.575,-281.079,0.000,-0.320,4.630
41,0,-188.390,-299.970,2.380,1.010,1.070,-190.221,-276.630,0.000,-0.360,4.590
42,0,-188.940,-294.480,1.710,2.040,0.280,-191.588,-270.394,0.000,-0.530,4.820
43,0,-189.100,-289.510,1.890,2.930,0.110,-190.246,-264.799,0.000,-0.230,4.960
44,0,-189.490,-285.300,1.730,2.800,0.060,-191.016,-260.994,0.000,-0.300,4.780
45,0,-189.850,-280.640,1.940,2.810,0.220,-191.375,-256.394,0.000,-0.300,4.770
46,0,-189.760,-275.970,1.050,0.280,0.170,-189.810,-254.181,0.000,-0.010,4.370
47,0,-190.320,-270.750,1.310,1.270,0.300,-192.760,-245.556,0.000,-0.490,5.060
48,0,-190.640,-265.840,2.190,3.950,0.340,-191.637,-241.159,0.000,-0.200,4.950
49,0,-191.390,-261.210,1.910,3.490,0.210,-194.382,-238.175,0.000,-0.600,4.620
50,0,-192.340,-256.950,3.320,2.730,1.230,-196.376,-235.025,0.000,-0.810,4.400
51,0,-192.710,-253.300,3.290,2.890,1.190,-195.962,-232.265,0.000,-0.640,4.140
52,0,-193.260,-248.240,1.760,3.360,0.190,-195.701,-226.718,0.000,-0.490,4.320
53,0,-193.820,-244.320,2.140,2.850,0.680,-196.463,-222.213,0.000,-0.520,4.350
54,0,-194.670,-239.540,2.980,2.770,1.180,-198.280,-215.793,0.000,-0.710,4.670
56,0,-196.100,-228.770,2.680,2.420,1.280,-200.387,-203.097,0.000,-0.860,5.150
57,0,-196.730,-223.300,1.850,2.490,0.180,-200.167,-196.452,0.000,-0.690,5.390
58,0,-197.170,-218.730,1.910,2.760,0.140,-200.523,-192.009,0.000,-0.660,5.260
59,0,-197.940,-213.290,1.630,2.450,0.450,-201.598,-185.700,0.000,-0.720,5.430
60,0,-198.760,-206.700,1.590,3.020,0.180,-202.397,-177.655,0.000,-0.730,5.830
61,0,-199.120,-201.090,2.180,2.690,0.030,-201.612,-173.036,0.000,-0.500,5.630
62,0,-199.090,-194.580,4.830,2.210,1.350,-200.037,-163.978,0.000,-0.190,6.140
63,0,-198.310,-188.480,3.770,1.830,1.220,-194.825,-156.913,0.000,0.700,6.340
64,0,-196.050,-181.720,4.680,2.000,1.070,-188.071,-149.255,0.000,1.600,6.510
65,0,-193.320,-176.420,5.020,3.010,0.660,-179.251,-145.438,0.000,2.770,6.100
66,0,-188.520,-170.910,5.980,3.220,0.540,-169.094,-145.108,0.000,3.900,5.180
67,0,-184.070,-167.780,7.220,2.940,0.160,-160.443,-147.304,0.000,4.650,4.030
68,0,-177.600,-165.690,3.670,8.440,1.280,-149.009,-153.935,0.000,5.740,2.360
70,0,-164.910,-168.400,2.640,6.950,0.760,-134.470,-178.613,0.000,6.110,-2.050
71,0,-160.340,-172.400,2.630,6.690,0.220,-135.734,-189.833,0.000,4.940,-3.500
72,0,-157.680,-178.410,4.740,5.770,0.130,-143.226,-203.216,0.000,2.960,-5.080
73,0,-157.720,-183.520,4.980,3.440,1.520,-151.978,-212.990,0.000,1.130,-5.800
74,0,-158.080,-188.640,2.590,8.050,0.230,-157.877,-214.655,0.000,0.040,-5.120
75,0,-158.520,-195.270,8.300,1.740,1.340,-159.665,-225.044,0.000,-0.230,-5.980
76,0,-159.490,-202.820,3.150,2.750,0.860,-163.224,-237.076,0.000,-0.750,-6.880
77,0,-160.580,-209.270,1.960,2.080,0.800,-165.561,-241.397,0.000,-1.000,-6.450
78,0,-161.750,-216.920,3.050,2.450,0.860,-166.973,-250.160,0.000,-1.070,-6.810
79,0,-161.940,-221.300,1.370,0.700,0.290,-164.478,-255.067,0.000,-0.490,-6.520
80,0,-163.300,-228.810,1.540,1.970,0.660,-168.886,-263.391,0.000,-1.100,-6.810
81,0,-163.880,-236.710,2.200,4.230,0.570,-167.166,-272.957,0.000,-0.660,-7.280
82,0,-164.940,-243.340,1.150,3.060,1.240,-169.971,-277.111,0.000,-1.010,-6.780
83,0,-165.770,-249.980,2.330,2.100,1.430,-169.952,-283.489,0.000,-0.840,-6.730
84,0,-165.600,-256.190,1.750,2.040,0.110,-166.616,-290.639,0.000,-0.200,-6.780
85,0,-166.260,-263.250,2.110,2.020,0.190,-168.003,-295.912,0.000,-0.350,-6.560
86,0,-167.020,-268.760,2.110,0.820,0.140,-169.760,-298.297,0.000,-0.550,-5.930
87,0,-167.310,-275.180,2.290,1.170,0.100,-169.101,-305.428,0.000,-0.360,-6.080
88,0,-167.680,-280.680,2.690,1.040,1.470,-169.224,-309.415,0.000,-0.310,-5.770
89,0,-168.120,-286.910,2.760,1.750,1.550,-170.162,-317.338,0.000,-0.410,-6.110
90,0,-168.600,-292.790,1.950,2.780,0.080,-170.601,-320.167,0.000,-0.410,-5.610
91,0,-168.980,-297.550,1.840,1.340,0.120,-170.395,-322.043,0.000,-0.290,-5.020
92,0,-169.010,-301.720,1.630,2.370,0.050,-169.707,-325.918,0.000,-0.140,-4.860
93,0,-169.340,-306.490,1.730,1.050,0.320,-170.684,-330.335,0.000,-0.270,-4.790
94,0,-169.360,-311.550,1.960,2.500,1.050,-169.709,-336.106,0.000,-0.070,-4.930
95,0,-169.300,-315.570,1.640,1.560,0.360,-168.752,-337.473,0.000,0.110,-4.400
96,0,-168.500,-320.060,1.940,1.630,0.330,-165.412,-342.968,0.000,0.620,-4.600
98,0,-166.440,-329.250,2.610,2.950,0.390,-160.353,-350.503,0.000,1.220,-4.260
99,0,-165.220,-333.250,2.630,2.940,0.250,-159.942,-354.162,0.000,1.060,-4.200
100,0,-164.620,-337.550,2.360,2.970,0.350,-160.280,-359.302,0.000,0.870,-4.360
101,0,-162.670,-342.310,1.120,2.470,1.270,-155.749,-366.458,0.000,1.390,-4.850
102,0,-160.450,-346.490,1.610,4.770,0.180,-150.867,-368.700,0.000,1.920,-4.450
103,0,-158.720,-350.330,2.210,2.310,0.620,-150.058,-370.541,0.000,1.740,-4.060
104,0,-156.860,-354.810,2.210,2.540,0.690,-147.379,-376.018,0.000,1.900,-4.250
105,0,-154.890,-359.100,1.890,4.580,0.290,-145.183,-380.356,0.000,1.950,-4.270
106,0,-152.730,-363.370,1.800,3.660,0.280,-141.709,-386.632,0.000,2.170,-4.580
109,0,-146.620,-376.750,1.860,4.800,0.160,-136.773,-397.859,0.000,2.020,-4.330
110,0,-145.500,-381.430,2.780,4.890,0.910,-137.334,-406.574,0.000,1.640,-5.050
111,0,-143.900,-385.000,3.110,1.770,1.540,-135.320,-406.526,0.000,1.690,-4.240
112,0,-141.820,-389.350,1.580,3.250,0.030,-132.115,-411.249,0.000,1.910,-4.310
113,0,-139.300,-393.710,1.640,7.280,0.400,-127.697,-415.949,0.000,2.280,-4.370
114,0,-137.180,-398.940,1.800,4.680,0.310,-126.101,-424.045,0.000,2.180,-4.940
115,0,-134.840,-403.660,2.090,3.810,0.610,-123.984,-426.518,0.000,2.180,-4.590
116,0,-132.700,-407.830,2.320,7.110,0.700,-121.999,-429.132,0.000,2.150,-4.280
118,0,-128.170,-417.420,3.170,6.410,0.880,-116.344,-441.372,0.000,2.370,-4.800
119,0,-125.690,-421.740,2.930,6.630,0.290,-112.745,-444.693,0.000,2.600,-4.610
120,0,-123.190,-425.810,1.800,6.620,0.560,-109.578,-449.021,0.000,2.680,-4.570
121,0,-120.400,-431.810,2.770,6.550,0.860,-108.834,-455.722,0.000,2.370,-4.900
122,0,-118.100,-436.380,1.710,3.530,0.070,-104.856,-461.574,0.000,2.660,-5.060
123,0,-115.240,-440.990,2.650,3.890,0.020,-100.463,-466.888,0.000,2.910,-5.100
124,0,-113.180,-446.000,3.870,4.810,0.330,-101.672,-471.816,0.000,2.260,-5.070
125,0,-110.520,-450.590,3.150,4.210,1.190,-97.897,-474.717,0.000,2.480,-4.740
126,0,-108.050,-456.400,3.050,4.360,0.250,-96.421,-482.203,0.000,2.330,-5.170
127,0,-105.480,-461.530,3.520,4.050,0.230,-93.663,-487.258,0.000,2.370,-5.160
128,0,-102.840,-466.670,2.940,3.450,0.940,-90.270,-492.209,0.000,2.520,-5.120
129,0,-100.870,-471.950,1.410,3.650,0.310,-90.098,-498.082,0.000,2.160,-5.240
130,0,-98.700,-477.140,3.260,1.930,1.210,-88.021,-502.938,0.000,2.140,-5.170
131,0,-96.570,-482.660,1.530,3.170,0.230,-85.750,-509.634,0.000,2.170,-5.410
132,0,-95.190,-486.380,2.150,4.330,0.260,-84.760,-512.584,0.000,2.010,-5.050
133,0,-92.210,-493.380,1.230,3.430,0.470,-80.577,-520.997,0.000,2.380,-5.650
134,0,-90.470,-498.280,1.470,3.550,0.200,-79.891,-525.675,0.000,2.120,-5.490
135,0,-88.590,-503.920,1.390,2.750,0.600,-78.867,-531.941,0.000,1.950,-5.620
136,0,-86.900,-509.290,1.030,3.150,0.410,-78.020,-536.430,0.000,1.780,-5.440
137,0,-85.680,-513.790,0.690,2.230,0.040,-78.997,-537.329,0.000,1.340,-4.720
138,0,-83.540,-519.820,1.060,2.810,0.560,-73.969,-548.484,0.000,1.920,-5.750
139,0,-81.820,-524.920,0.170,3.000,0.560,-71.902,-554.063,0.000,1.950,-5.730
140,0,-80.130,-530.340,0.500,3.190,0.380,-71.995,-556.044,0.000,1.630,-5.150
141,0,-78.690,-535.530,0.640,1.700,0.550,-70.502,-564.062,0.000,1.610,-5.610
142,0,-77.030,-540.900,1.360,3.160,0.330,-69.545,-566.349,0.000,1.500,-5.100
143,0,-75.120,-547.320,0.880,2.240,0.650,-67.011,-574.920,0.000,1.660,-5.650
144,0,-73.570,-551.340,0.720,2.200,0.120,-65.238,-575.587,0.000,1.670,-4.860
145,0,-71.900,-556.140,0.910,2.910,0.390,-63.278,-580.462,0.000,1.730,-4.880
146,0,-69.980,-561.200,1.110,3.450,0.400,-60.702,-585.940,0.000,1.860,-4.960
147,0,-67.880,-566.530,1.120,3.580,0.450,-58.741,-590.379,0.000,1.870,-4.880
148,0,-65.680,-571.560,0.530,2.360,0.790,-54.201,-598.412,0.000,2.300,-5.380
149,0,-63.610,-575.990,0.400,2.840,0.710,-52.842,-599.370,0.000,2.160,-4.690
150,0,-61.370,-580.780,1.560,3.350,0.590,-50.594,-604.178,0.000,2.160,-4.690
151,0,-59.440,-585.210,0.680,3.240,0.530,-49.264,-607.905,0.000,2.040,-4.550
152,0,-57.580,-588.960,0.990,3.390,0.490,-46.370,-612.678,0.000,2.160,-4.570
153,0,-55.370,-594.330,0.820,3.480,0.510,-45.496,-617.071,0.000,1.980,-4.560
154,0,-53.830,-598.370,0.570,1.670,0.500,-45.301,-619.419,0.000,1.710,-4.220
