0.98,0,-279.52,-927.68,0.68,5.26,0.50,-279.52,-927.68,0.00,-2.77,4.37 
0.98,1,-271.25,-840.46,5.17,16.20,1.54,-271.25,-840.46,0.00,-3.66,0.46 
0.98,2,-546.37,-1008.70,15.23,4.17,0.96,-546.37,-1008.70,0.00,1.54,2.62 
1.11,0,-280.02,-926.80,0.71,5.30,0.51,-280.02,-926.80,0.00,-2.93,4.69 
1.11,1,-271.92,-840.63,5.22,16.37,1.51,-271.92,-840.63,0.00,-3.87,0.24 
1.11,2,-545.93,-1007.91,15.21,4.27,0.95,-545.93,-1007.91,0.00,1.78,3.07 
1.32,0,-280.98,-925.29,0.72,5.31,0.51,-280.98,-925.29,0.00,-3.23,5.16 
1.32,1,-272.67,-840.69,5.19,16.43,1.51,-272.67,-840.69,0.00,-3.79,0.14 
1.32,2,-545.15,-1006.61,15.21,4.35,0.95,-545.15,-1006.61,0.00,2.15,3.66 
1.42,0,-281.59,-924.41,0.70,5.33,0.51,-281.59,-924.41,0.00,-3.48,5.48 
1.42,1,-272.98,-840.89,5.22,16.50,1.49,-272.98,-840.89,0.00,-3.74,-0.05 
1.42,2,-544.58,-1005.70,15.21,4.41,0.95,-544.58,-1005.70,0.00,2.46,4.14 
1.63,0,-282.57,-922.82,0.72,5.37,0.52,-282.57,-922.82,0.00,-3.71,5.87 
1.63,1,-273.81,-840.75,16.48,5.25,-0.07,-273.81,-840.75,0.00,-3.79,0.08 
1.63,2,-543.58,-1004.12,15.27,4.46,0.95,-543.58,-1004.12,0.00,2.87,4.75 
1.73,0,-283.22,-921.81,0.72,5.38,0.52,-283.22,-921.81,0.00,-3.93,6.21 
1.73,1,-274.17,-840.76,5.23,16.50,1.51,-274.17,-840.76,0.00,-3.78,0.06 
1.73,2,-542.92,-1003.04,15.28,4.50,0.95,-542.92,-1003.04,0.00,3.17,5.23 
1.84,0,-283.86,-920.79,0.73,5.41,0.52,-283.86,-920.79,0.00,-4.07,6.43 
1.84,1,-274.73,-840.91,5.25,16.62,1.49,-274.73,-840.91,0.00,-3.87,-0.06 
1.84,2,-542.25,-1002.01,15.31,4.53,0.95,-542.25,-1002.01,0.00,3.40,5.55 
1.94,0,-284.47,-919.90,0.72,5.41,0.52,-284.47,-919.90,0.00,-4.22,6.61 
1.94,1,-275.19,-841.05,5.28,16.73,1.47,-275.19,-841.05,0.00,-3.92,-0.16 
1.94,2,-541.67,-1001.11,15.30,4.56,0.96,-541.67,-1001.11,0.00,3.57,5.80 
2.04,0,-285.02,-918.99,0.75,5.43,0.53,-285.02,-918.99,0.00,-4.31,6.79 
2.04,1,-275.62,-840.92,16.69,5.30,-0.08,-275.62,-840.92,0.00,-3.95,-0.06 
2.04,2,-541.10,-1000.22,15.29,4.59,0.96,-541.10,-1000.22,0.00,3.73,6.02 
2.26,0,-286.18,-917.28,0.75,5.45,0.53,-286.18,-917.28,0.00,-4.45,6.94 
2.26,1,-276.47,-840.82,16.65,5.32,-0.07,-276.47,-840.82,0.00,-3.94,0.02 
2.26,2,-539.92,-998.62,15.30,4.60,0.97,-539.92,-998.62,0.00,3.97,6.21 
2.48,0,-287.36,-915.58,0.74,5.44,0.53,-287.36,-915.58,0.00,-4.58,7.05 
2.48,1,-277.42,-840.97,5.34,16.72,1.49,-277.42,-840.97,0.00,-3.99,-0.07 
2.48,2,-538.81,-996.87,15.31,4.62,0.97,-538.81,-996.87,0.00,4.12,6.45 
2.59,0,-288.05,-914.60,0.74,5.46,0.53,-288.05,-914.60,0.00,-4.69,7.16 
2.59,1,-277.92,-841.05,5.35,16.78,1.48,-277.92,-841.05,0.00,-4.03,-0.12 
2.59,2,-538.04,-995.80,15.33,4.57,0.97,-538.04,-995.80,0.00,4.30,6.65 
2.69,0,-288.66,-913.70,0.74,5.45,0.53,-288.66,-913.70,0.00,-4.76,7.27 
2.69,1,-278.36,-841.13,5.36,16.82,1.47,-278.36,-841.13,0.00,-4.05,-0.16 
2.69,2,-537.37,-994.85,15.36,4.53,0.97,-537.37,-994.85,0.00,4.44,6.82 
2.90,0,-289.80,-912.05,0.73,5.46,0.53,-289.80,-912.05,0.00,-4.86,7.37 
2.90,1,-279.21,-841.21,5.37,16.86,1.46,-279.21,-841.21,0.00,-4.06,-0.19 
2.90,2,-536.20,-993.25,15.34,4.45,0.98,-536.20,-993.25,0.00,4.59,6.95 
3.01,0,-290.46,-911.11,0.74,5.46,0.54,-290.46,-911.11,0.00,-4.92,7.42 
3.01,1,-279.69,-841.33,5.38,16.89,1.45,-279.69,-841.33,0.00,-4.07,-0.24 
3.01,2,-535.46,-992.27,15.37,4.38,0.98,-535.46,-992.27,0.00,4.71,7.04 
3.01,0,-291.04,-910.30,0.74,5.47,0.54,-291.04,-910.30,0.00,-4.97,7.45 
3.01,1,-280.11,-841.41,5.39,16.92,1.44,-280.11,-841.41,0.00,-4.07,-0.27 
3.01,2,-534.96,-991.30,15.39,4.40,0.98,-534.96,-991.30,0.00,4.72,7.18 
3.23,0,-292.26,-908.61,0.74,5.48,0.54,-292.26,-908.61,0.00,-5.04,7.49 
3.23,1,-280.92,-841.50,5.39,16.98,1.44,-280.92,-841.50,0.00,-4.04,-0.29 
3.23,2,-533.94,-989.51,15.39,4.43,0.99,-533.94,-989.51,0.00,4.72,7.30 
3.33,0,-292.90,-907.80,0.74,5.48,0.54,-292.90,-907.80,0.00,-5.11,7.53 
3.33,1,-281.29,-841.54,5.40,17.03,1.43,-281.29,-841.54,0.00,-4.02,-0.29 
3.33,2,-533.31,-988.66,15.40,4.38,0.99,-533.31,-988.66,0.00,4.80,7.37 
3.43,0,-293.52,-906.98,0.73,5.49,0.55,-293.52,-906.98,0.00,-5.17,7.56 
3.43,1,-281.71,-841.43,17.07,5.41,-0.13,-281.71,-841.43,0.00,-4.03,-0.22 
3.43,2,-532.71,-987.75,15.42,4.32,1.00,-532.71,-987.75,0.00,4.86,7.45 
3.54,0,-294.19,-906.02,0.75,5.49,0.55,-294.19,-906.02,0.00,-5.19,7.59 
3.54,1,-282.09,-841.33,17.04,5.42,-0.12,-282.09,-841.33,0.00,-3.98,-0.16 
3.54,2,-532.18,-986.65,15.43,4.35,1.00,-532.18,-986.65,0.00,4.84,7.56 
3.66,0,-294.84,-905.15,0.75,5.49,0.55,-294.84,-905.15,0.00,-5.22,7.59 
3.66,1,-282.48,-841.29,17.01,5.42,-0.11,-282.48,-841.29,0.00,-3.95,-0.13 
3.66,2,-531.44,-985.77,15.42,4.36,1.02,-531.44,-985.77,0.00,4.93,7.56 
3.78,0,-295.49,-904.30,0.76,5.49,0.56,-295.49,-904.30,0.00,-5.24,7.57 
3.78,1,-282.79,-841.42,5.40,17.02,1.46,-282.79,-841.42,0.00,-3.88,-0.18 
3.78,2,-530.97,-984.79,15.40,4.38,1.02,-530.97,-984.79,0.00,4.88,7.61 
3.88,0,-296.07,-903.55,0.76,5.49,0.56,-296.07,-903.55,0.00,-5.27,7.56 
3.88,1,-283.19,-841.39,17.06,5.41,-0.10,-283.19,-841.39,0.00,-3.88,-0.16 
3.88,2,-530.34,-984.03,15.39,4.35,1.03,-530.34,-984.03,0.00,4.95,7.61 
3.99,0,-296.74,-902.68,0.76,5.50,0.57,-296.74,-902.68,0.00,-5.29,7.56 
3.99,1,-283.64,-841.46,5.41,17.08,1.46,-283.64,-841.46,0.00,-3.88,-0.19 
3.99,2,-529.87,-983.02,15.38,4.37,1.03,-529.87,-983.02,0.00,4.89,7.67 
4.09,0,-297.33,-901.92,0.77,5.51,0.57,-297.33,-901.92,0.00,-5.32,7.56 
4.09,1,-283.98,-841.42,17.06,5.42,-0.10,-283.98,-841.42,0.00,-3.86,-0.16 
4.09,2,-529.27,-982.20,15.40,4.35,1.04,-529.27,-982.20,0.00,4.95,7.70 
4.21,0,-298.00,-901.04,0.77,5.52,0.57,-298.00,-901.04,0.00,-5.35,7.56 
4.21,1,-284.34,-841.36,17.05,5.43,-0.09,-284.34,-841.36,0.00,-3.81,-0.12 
4.21,2,-528.80,-981.15,15.41,4.36,1.04,-528.80,-981.15,0.00,4.89,7.76 
4.21,0,-298.59,-900.27,0.78,5.53,0.58,-298.59,-900.27,0.00,-5.37,7.57 
4.21,1,-284.75,-841.33,17.07,5.43,-0.09,-284.75,-841.33,0.00,-3.83,-0.10 
4.21,2,-528.32,-980.30,15.42,4.32,1.05,-528.32,-980.30,0.00,4.89,7.80 
4.31,0,-299.20,-899.52,0.77,5.52,0.58,-299.20,-899.52,0.00,-5.41,7.56 
4.31,1,-285.18,-841.29,17.09,5.44,-0.08,-285.18,-841.29,0.00,-3.85,-0.08 
4.31,2,-527.94,-979.37,15.42,4.34,1.05,-527.94,-979.37,0.00,4.84,7.87 
4.43,0,-299.90,-898.65,0.77,5.52,0.58,-299.90,-898.65,0.00,-5.44,7.56 
4.43,1,-285.55,-841.24,17.08,5.44,-0.08,-285.55,-841.24,0.00,-3.81,-0.05 
4.43,2,-527.32,-978.41,15.44,4.32,1.06,-527.32,-978.41,0.00,4.87,7.90 
4.53,0,-300.51,-897.86,0.78,5.53,0.58,-300.51,-897.86,0.00,-5.47,7.57 
4.53,1,-285.98,-841.22,17.09,5.45,-0.07,-285.98,-841.22,0.00,-3.83,-0.04 
4.53,2,-526.84,-977.51,15.45,4.28,1.06,-526.84,-977.51,0.00,4.86,7.94 
4.64,0,-301.19,-896.99,0.77,5.53,0.58,-301.19,-896.99,0.00,-5.49,7.57 
4.64,1,-286.42,-841.17,17.13,5.45,-0.07,-286.42,-841.17,0.00,-3.83,-0.01 
4.64,2,-526.36,-976.47,15.45,4.27,1.06,-526.36,-976.47,0.00,4.82,8.00 
4.76,0,-301.88,-896.16,0.77,5.54,0.59,-301.88,-896.16,0.00,-5.51,7.54 
4.76,1,-286.78,-841.26,5.44,17.11,1.50,-286.78,-841.26,0.00,-3.79,-0.05 
4.76,2,-525.93,-975.46,15.46,4.29,1.06,-525.93,-975.46,0.00,4.76,8.04 
4.88,0,-302.56,-895.33,0.78,5.54,0.59,-302.56,-895.33,0.00,-5.53,7.51 
4.88,1,-287.21,-841.27,17.15,5.44,-0.06,-287.21,-841.27,0.00,-3.78,-0.06 
4.88,2,-525.52,-974.46,15.46,4.30,1.06,-525.52,-974.46,0.00,4.69,8.06 
4.98,0,-303.18,-894.64,0.78,5.54,0.59,-303.18,-894.64,0.00,-5.56,7.49 
4.98,1,-287.54,-841.28,17.13,5.45,-0.06,-287.54,-841.28,0.00,-3.76,-0.06 
4.98,2,-525.19,-973.61,15.46,4.32,1.07,-525.19,-973.61,0.00,4.62,8.08 
5.09,0,-303.86,-893.83,0.77,5.55,0.59,-303.86,-893.83,0.00,-5.58,7.46 
5.09,1,-287.96,-841.28,17.16,5.45,-0.06,-287.96,-841.28,0.00,-3.75,-0.05 
5.09,2,-524.80,-972.63,15.46,4.34,1.07,-524.80,-972.63,0.00,4.55,8.10 
5.20,0,-304.56,-893.10,0.77,5.55,0.59,-304.56,-893.10,0.00,-5.64,7.45 
5.20,1,-288.38,-841.35,17.18,5.45,-0.05,-288.38,-841.35,0.00,-3.77,-0.08 
5.20,2,-524.38,-971.71,15.46,4.34,1.07,-524.38,-971.71,0.00,4.53,8.15 
5.38,0,-305.69,-891.74,0.77,5.56,0.59,-305.69,-891.74,0.00,-5.67,7.43 
5.38,1,-289.04,-841.43,5.44,17.17,1.52,-289.04,-841.43,0.00,-3.75,-0.12 
5.38,2,-523.67,-970.10,15.46,4.35,1.07,-523.67,-970.10,0.00,4.47,8.19 
5.49,0,-306.37,-890.95,0.77,5.56,0.60,-306.37,-890.95,0.00,-5.70,7.42 
5.49,1,-289.49,-841.44,17.18,5.44,-0.05,-289.49,-841.44,0.00,-3.77,-0.11 
5.49,2,-523.28,-969.14,15.46,4.35,1.07,-523.28,-969.14,0.00,4.42,8.21 
5.59,0,-307.02,-890.23,0.77,5.56,0.60,-307.02,-890.23,0.00,-5.74,7.40 
5.59,1,-289.79,-841.51,5.43,17.18,1.52,-289.79,-841.51,0.00,-3.73,-0.14 
5.59,2,-522.92,-968.24,15.46,4.34,1.08,-522.92,-968.24,0.00,4.38,8.25 
5.70,0,-307.69,-889.50,0.77,5.56,0.60,-307.69,-889.50,0.00,-5.77,7.39 
5.70,1,-290.22,-841.51,17.19,5.44,-0.05,-290.22,-841.51,0.00,-3.75,-0.14 
5.70,2,-522.56,-967.34,15.46,4.34,1.08,-522.56,-967.34,0.00,4.34,8.27 
5.70,0,-308.32,-888.77,0.77,5.56,0.60,-308.32,-888.77,0.00,-5.80,7.39 
5.70,1,-290.63,-841.51,17.20,5.44,-0.04,-290.63,-841.51,0.00,-3.77,-0.13 
5.70,2,-522.21,-966.43,15.47,4.35,1.08,-522.21,-966.43,0.00,4.30,8.31 
5.81,0,-309.05,-887.95,0.77,5.57,0.60,-309.05,-887.95,0.00,-5.83,7.37 
5.81,1,-290.99,-841.56,5.43,17.20,1.53,-290.99,-841.56,0.00,-3.73,-0.15 
5.81,2,-521.81,-965.38,15.47,4.36,1.09,-521.81,-965.38,0.00,4.25,8.35 
6.01,0,-310.23,-886.57,0.77,5.57,0.61,-310.23,-886.57,0.00,-5.83,7.32 
6.01,1,-291.75,-841.57,17.21,5.44,-0.04,-291.75,-841.57,0.00,-3.74,-0.14 
6.01,2,-521.10,-963.73,15.47,4.36,1.09,-521.10,-963.73,0.00,4.19,8.34 
6.01,0,-310.82,-885.91,0.77,5.57,0.61,-310.82,-885.91,0.00,-5.83,7.29 
6.01,1,-292.04,-841.62,5.43,17.20,1.53,-292.04,-841.62,0.00,-3.70,-0.15 
6.01,2,-520.82,-962.91,15.47,4.36,1.09,-520.82,-962.91,0.00,4.12,8.34 
6.23,0,-312.12,-884.41,0.77,5.58,0.61,-312.12,-884.41,0.00,-5.85,7.25 
6.23,1,-292.87,-841.61,17.20,5.43,-0.04,-292.87,-841.61,0.00,-3.71,-0.13 
6.23,2,-520.07,-961.06,15.47,4.35,1.09,-520.07,-961.06,0.00,4.06,8.36 
6.35,0,-312.81,-883.64,0.77,5.57,0.61,-312.81,-883.64,0.00,-5.86,7.22 
6.35,1,-293.21,-841.66,5.42,17.19,1.53,-293.21,-841.66,0.00,-3.67,-0.15 
6.35,2,-519.78,-960.05,15.47,4.37,1.10,-519.78,-960.05,0.00,3.97,8.37 
6.56,0,-314.12,-882.23,0.77,5.57,0.62,-314.12,-882.23,0.00,-5.88,7.15 
6.56,1,-293.98,-841.71,17.21,5.43,-0.03,-293.98,-841.71,0.00,-3.66,-0.16 
6.56,2,-519.12,-958.26,15.46,4.38,1.10,-519.12,-958.26,0.00,3.88,8.36 
6.67,0,-314.78,-881.61,0.77,5.58,0.62,-314.78,-881.61,0.00,-5.90,7.09 
6.67,1,-294.29,-841.81,5.42,17.20,1.54,-294.29,-841.81,0.00,-3.62,-0.20 
6.67,2,-518.88,-957.42,15.46,4.38,1.10,-518.88,-957.42,0.00,3.80,8.35 
6.78,0,-315.47,-880.90,0.77,5.58,0.62,-315.47,-880.90,0.00,-5.91,7.04 
6.78,1,-294.66,-841.82,17.18,5.42,-0.03,-294.66,-841.82,0.00,-3.60,-0.19 
6.78,2,-518.61,-956.45,15.46,4.39,1.10,-518.61,-956.45,0.00,3.72,8.36 
6.88,0,-316.12,-880.29,0.77,5.58,0.62,-316.12,-880.29,0.00,-5.93,7.00 
6.88,1,-295.03,-841.84,17.20,5.43,-0.03,-295.03,-841.84,0.00,-3.61,-0.19 
6.88,2,-518.36,-955.59,15.45,4.39,1.11,-518.36,-955.59,0.00,3.67,8.36 
6.88,0,-316.77,-879.66,0.77,5.58,0.62,-316.77,-879.66,0.00,-5.96,6.96 
6.88,1,-295.35,-841.92,5.42,17.18,1.54,-295.35,-841.92,0.00,-3.59,-0.22 
6.88,2,-518.13,-954.73,15.45,4.40,1.11,-518.13,-954.73,0.00,3.60,8.38 
7.22,0,-318.84,-877.45,0.77,5.58,0.63,-318.84,-877.45,0.00,-6.00,6.91 
7.22,1,-296.45,-842.05,5.41,17.18,1.54,-296.45,-842.05,0.00,-3.55,-0.24 
7.22,2,-517.09,-951.90,15.45,4.40,1.11,-517.09,-951.90,0.00,3.52,8.40 
7.43,0,-320.22,-876.01,0.77,5.58,0.63,-320.22,-876.01,0.00,-6.04,6.88 
7.43,1,-297.29,-842.05,17.19,5.42,-0.03,-297.29,-842.05,0.00,-3.58,-0.22 
7.43,2,-516.52,-949.95,15.45,4.41,1.11,-516.52,-949.95,0.00,3.43,8.46 
7.67,0,-321.72,-874.59,0.77,5.58,0.63,-321.72,-874.59,0.00,-6.08,6.80 
7.67,1,-298.05,-842.10,17.18,5.42,-0.02,-298.05,-842.10,0.00,-3.54,-0.22 
7.67,2,-515.90,-947.95,15.46,4.41,1.12,-515.90,-947.95,0.00,3.35,8.47 
7.78,0,-322.49,-873.95,0.77,5.58,0.63,-322.49,-873.95,0.00,-6.11,6.72 
7.78,1,-298.54,-842.13,17.19,5.42,-0.02,-298.54,-842.13,0.00,-3.58,-0.22 
7.78,2,-515.70,-946.97,15.45,4.42,1.12,-515.70,-946.97,0.00,3.26,8.47 
7.78,0,-323.17,-873.39,0.77,5.59,0.64,-323.17,-873.39,0.00,-6.14,6.67 
7.78,1,-298.93,-842.23,5.42,17.19,1.55,-298.93,-842.23,0.00,-3.60,-0.26 
7.78,2,-515.55,-946.10,15.44,4.43,1.13,-515.55,-946.10,0.00,3.17,8.48 
7.90,0,-323.94,-872.70,0.77,5.59,0.64,-323.94,-872.70,0.00,-6.17,6.63 
7.90,1,-299.30,-842.31,17.18,5.40,-0.02,-299.30,-842.31,0.00,-3.57,-0.28 
7.90,2,-515.35,-945.09,15.44,4.44,1.13,-515.35,-945.09,0.00,3.09,8.49 
8.00,0,-324.61,-872.09,0.78,5.59,0.64,-324.61,-872.09,0.00,-6.19,6.60 
8.00,1,-299.62,-842.31,17.17,5.41,-0.02,-299.62,-842.31,0.00,-3.55,-0.27 
8.00,2,-515.14,-944.18,15.44,4.44,1.13,-515.14,-944.18,0.00,3.04,8.52 
8.20,0,-325.92,-870.82,0.78,5.59,0.65,-325.92,-870.82,0.00,-6.23,6.57 
8.20,1,-300.39,-842.41,5.40,17.18,1.55,-300.39,-842.41,0.00,-3.58,-0.29 
8.20,2,-514.65,-942.40,15.44,4.44,1.14,-514.65,-942.40,0.00,2.98,8.55 
8.32,0,-326.72,-870.11,0.78,5.59,0.65,-326.72,-870.11,0.00,-6.26,6.55 
8.32,1,-300.79,-842.40,17.16,5.41,-0.01,-300.79,-842.40,0.00,-3.57,-0.27 
8.32,2,-514.42,-941.33,15.44,4.44,1.14,-514.42,-941.33,0.00,2.93,8.58 
8.75,0,-329.55,-867.43,0.78,5.59,0.66,-329.55,-867.43,0.00,-6.31,6.47 
8.75,1,-302.55,-842.56,17.10,5.41,-0.01,-302.55,-842.56,0.00,-3.67,-0.29 
8.75,2,-513.37,-937.55,15.44,4.45,1.15,-513.37,-937.55,0.00,2.82,8.61 
8.87,0,-330.37,-866.79,0.78,5.60,0.66,-330.37,-866.79,0.00,-6.36,6.42 
8.87,1,-303.12,-842.61,17.04,5.41,-0.01,-303.12,-842.61,0.00,-3.74,-0.30 
8.87,2,-513.23,-936.50,15.44,4.46,1.15,-513.23,-936.50,0.00,2.74,8.64 
8.97,0,-331.11,-866.22,0.78,5.60,0.67,-331.11,-866.22,0.00,-6.40,6.38 
8.97,1,-303.52,-842.65,17.05,5.41,-0.01,-303.52,-842.65,0.00,-3.74,-0.30 
8.97,2,-513.11,-935.54,15.45,4.47,1.16,-513.11,-935.54,0.00,2.66,8.67 
8.97,0,-331.83,-865.61,0.79,5.60,0.67,-331.83,-865.61,0.00,-6.44,6.36 
8.97,1,-303.88,-842.73,5.41,17.06,1.56,-303.88,-842.73,0.00,-3.74,-0.33 
8.97,2,-512.96,-934.59,15.45,4.47,1.16,-512.96,-934.59,0.00,2.60,8.71 
9.18,0,-333.20,-864.37,0.80,5.60,0.67,-333.20,-864.37,0.00,-6.43,6.30 
9.18,1,-304.60,-842.86,17.07,5.39,-0.00,-304.60,-842.86,0.00,-3.70,-0.36 
9.18,2,-512.58,-932.76,15.45,4.48,1.17,-512.58,-932.76,0.00,2.51,8.68 
9.30,0,-334.08,-863.66,0.80,5.60,0.68,-334.08,-863.66,0.00,-6.49,6.28 
9.30,1,-304.95,-842.86,17.06,5.40,-0.00,-304.95,-842.86,0.00,-3.65,-0.34 
9.30,2,-512.31,-931.67,15.46,4.48,1.17,-512.31,-931.67,0.00,2.50,8.72 
9.52,0,-335.60,-862.27,0.81,5.60,0.68,-335.60,-862.27,0.00,-6.53,6.28 
9.52,1,-305.79,-842.95,17.07,5.39,-0.00,-305.79,-842.95,0.00,-3.67,-0.34 
9.52,2,-511.92,-929.62,15.46,4.48,1.18,-511.92,-929.62,0.00,2.42,8.78 
9.64,0,-336.40,-861.59,0.82,5.61,0.69,-336.40,-861.59,0.00,-6.56,6.27 
9.64,1,-306.21,-843.03,17.07,5.37,0.00,-306.21,-843.03,0.00,-3.67,-0.36 
9.64,2,-511.76,-928.53,15.46,4.48,1.18,-511.76,-928.53,0.00,2.36,8.83 
9.85,0,-337.88,-860.34,0.82,5.61,0.69,-337.88,-860.34,0.00,-6.60,6.22 
9.85,1,-306.81,-843.08,17.04,5.37,0.00,-306.81,-843.08,0.00,-3.58,-0.35 
9.85,2,-511.39,-926.61,15.47,4.48,1.19,-511.39,-926.61,0.00,2.29,8.85 
9.97,0,-338.70,-859.69,0.83,5.61,0.70,-338.70,-859.69,0.00,-6.63,6.19 
9.97,1,-307.31,-843.12,17.07,5.38,0.00,-307.31,-843.12,0.00,-3.62,-0.35 
9.97,2,-511.26,-925.54,15.47,4.48,1.19,-511.26,-925.54,0.00,2.23,8.86 
10.07,0,-339.43,-859.13,0.84,5.62,0.70,-339.43,-859.13,0.00,-6.66,6.16 
10.07,1,-307.72,-843.23,5.37,17.10,1.57,-307.72,-843.23,0.00,-3.64,-0.39 
10.07,2,-511.15,-924.61,15.48,4.48,1.20,-511.15,-924.61,0.00,2.17,8.88 
10.17,0,-340.16,-858.56,0.85,5.62,0.71,-340.16,-858.56,0.00,-6.69,6.13 
10.17,1,-308.13,-843.35,17.12,5.35,0.00,-308.13,-843.35,0.00,-3.67,-0.43 
10.17,2,-511.03,-923.67,15.48,4.48,1.20,-511.03,-923.67,0.00,2.12,8.91 
10.40,0,-341.78,-857.18,0.86,5.62,0.71,-341.78,-857.18,0.00,-6.72,6.11 
10.40,1,-309.10,-843.40,17.14,5.36,0.01,-309.10,-843.40,0.00,-3.72,-0.40 
10.40,2,-510.67,-921.55,15.48,4.48,1.20,-510.67,-921.55,0.00,2.06,8.93 
10.40,0,-342.54,-856.58,0.87,5.62,0.71,-342.54,-856.58,0.00,-6.76,6.10 
10.40,1,-309.56,-843.38,17.16,5.36,0.01,-309.56,-843.38,0.00,-3.77,-0.37 
10.40,2,-510.58,-920.59,15.49,4.49,1.21,-510.58,-920.59,0.00,2.00,8.96 
10.50,0,-343.34,-856.02,0.86,5.62,0.72,-343.34,-856.02,0.00,-6.82,6.08 
10.50,1,-310.02,-843.37,17.17,5.36,0.01,-310.02,-843.37,0.00,-3.80,-0.35 
10.50,2,-510.49,-919.62,15.49,4.49,1.21,-510.49,-919.62,0.00,1.95,9.00 
10.70,0,-344.82,-854.83,0.87,5.62,0.72,-344.82,-854.83,0.00,-6.87,6.06 
10.70,1,-310.84,-843.47,17.19,5.35,0.01,-310.84,-843.47,0.00,-3.83,-0.37 
10.70,2,-510.23,-917.75,15.49,4.49,1.22,-510.23,-917.75,0.00,1.88,9.03 
10.90,0,-346.18,-853.71,0.88,5.62,0.72,-346.18,-853.71,0.00,-6.87,6.02 
10.90,1,-311.60,-843.58,17.21,5.34,0.01,-311.60,-843.58,0.00,-3.83,-0.38 
10.90,2,-510.01,-916.01,15.49,4.50,1.22,-510.01,-916.01,0.00,1.81,9.00 
11.02,0,-347.09,-853.00,0.88,5.62,0.73,-347.09,-853.00,0.00,-6.92,6.02 
11.02,1,-312.10,-843.55,17.23,5.34,0.01,-312.10,-843.55,0.00,-3.86,-0.34 
11.02,2,-509.94,-914.89,15.48,4.50,1.23,-509.94,-914.89,0.00,1.74,9.03 
11.13,0,-348.02,-852.34,0.88,5.62,0.73,-348.02,-852.34,0.00,-6.98,6.00 
11.13,1,-312.59,-843.50,17.25,5.35,0.02,-312.59,-843.50,0.00,-3.87,-0.30 
11.13,2,-509.86,-913.72,15.48,4.51,1.23,-509.86,-913.72,0.00,1.68,9.09 
11.25,0,-348.91,-851.58,0.88,5.63,0.73,-348.91,-851.58,0.00,-7.01,6.03 
11.25,1,-313.06,-843.38,17.26,5.35,0.02,-313.06,-843.38,0.00,-3.88,-0.23 
11.25,2,-509.80,-912.50,15.48,4.51,1.24,-509.80,-912.50,0.00,1.62,9.16 
11.47,0,-350.39,-850.28,0.89,5.63,0.74,-350.39,-850.28,0.00,-7.00,6.03 
11.47,1,-313.86,-843.29,17.28,5.36,0.02,-313.86,-843.29,0.00,-3.86,-0.16 
11.47,2,-509.60,-910.51,15.48,4.52,1.24,-509.60,-910.51,0.00,1.54,9.16 
11.57,0,-351.08,-849.76,0.90,5.63,0.74,-351.08,-849.76,0.00,-6.99,5.99 
11.57,1,-314.21,-843.27,17.29,5.36,0.02,-314.21,-843.27,0.00,-3.84,-0.14 
11.57,2,-509.58,-909.62,15.48,4.53,1.25,-509.58,-909.62,0.00,1.48,9.15 
11.57,0,-351.77,-849.22,0.90,5.63,0.75,-351.77,-849.22,0.00,-6.98,5.96 
11.57,1,-314.56,-843.24,17.31,5.36,0.02,-314.56,-843.24,0.00,-3.83,-0.12 
11.57,2,-509.55,-908.73,15.48,4.53,1.25,-509.55,-908.73,0.00,1.42,9.14 
11.69,0,-352.60,-848.62,0.90,5.63,0.75,-352.60,-848.62,0.00,-6.99,5.91 
11.69,1,-314.97,-843.21,17.32,5.37,0.02,-314.97,-843.21,0.00,-3.81,-0.10 
11.69,2,-509.50,-907.67,15.48,4.54,1.25,-509.50,-907.67,0.00,1.37,9.13 
11.79,0,-353.30,-848.09,0.91,5.63,0.75,-353.30,-848.09,0.00,-6.99,5.88 
11.79,1,-315.33,-843.20,17.34,5.37,0.02,-315.33,-843.20,0.00,-3.80,-0.09 
11.79,2,-509.44,-906.76,15.49,4.54,1.26,-509.44,-906.76,0.00,1.33,9.13 
11.89,0,-354.03,-847.61,0.92,5.63,0.76,-354.03,-847.61,0.00,-7.00,5.83 
11.89,1,-315.69,-843.25,17.35,5.38,0.02,-315.69,-843.25,0.00,-3.79,-0.11 
11.89,2,-509.33,-905.95,15.49,4.54,1.26,-509.33,-905.95,0.00,1.32,9.08 
12.09,0,-355.47,-846.55,0.92,5.64,0.76,-355.47,-846.55,0.00,-7.02,5.78 
12.09,1,-316.44,-843.33,17.36,5.38,0.03,-316.44,-843.33,0.00,-3.78,-0.14 
12.09,2,-509.19,-904.14,15.49,4.55,1.27,-509.19,-904.14,0.00,1.26,9.07 
12.30,0,-357.08,-845.44,0.92,5.64,0.77,-357.08,-845.44,0.00,-7.07,5.71 
12.30,1,-317.24,-843.40,17.37,5.38,0.03,-317.24,-843.40,0.00,-3.78,-0.16 
12.30,2,-509.03,-902.22,15.49,4.55,1.27,-509.03,-902.22,0.00,1.21,9.06 
12.30,0,-357.85,-844.95,0.93,5.64,0.77,-357.85,-844.95,0.00,-7.09,5.68 
12.30,1,-317.62,-843.44,17.38,5.38,0.03,-317.62,-843.44,0.00,-3.78,-0.17 
12.30,2,-509.04,-901.31,15.49,4.56,1.27,-509.04,-901.31,0.00,1.14,9.06 
12.42,0,-358.73,-844.36,0.94,5.64,0.77,-358.73,-844.36,0.00,-7.12,5.64 
12.42,1,-318.05,-843.49,17.39,5.39,0.03,-318.05,-843.49,0.00,-3.77,-0.19 
12.42,2,-509.03,-900.27,15.49,4.57,1.28,-509.03,-900.27,0.00,1.09,9.05 
12.63,0,-360.32,-843.22,0.94,5.64,0.78,-360.32,-843.22,0.00,-7.15,5.60 
12.63,1,-318.80,-843.55,17.40,5.39,0.03,-318.80,-843.55,0.00,-3.74,-0.19 
12.63,2,-508.95,-898.31,15.49,4.57,1.28,-508.95,-898.31,0.00,1.02,9.06 
12.74,0,-361.11,-842.71,0.95,5.64,0.78,-361.11,-842.71,0.00,-7.18,5.58 
12.74,1,-319.13,-843.58,17.42,5.39,0.03,-319.13,-843.58,0.00,-3.72,-0.20 
12.74,2,-508.98,-897.38,15.49,4.58,1.29,-508.98,-897.38,0.00,0.95,9.06 
12.95,0,-362.74,-841.56,0.96,5.64,0.78,-362.74,-841.56,0.00,-7.22,5.55 
12.95,1,-319.85,-843.61,17.42,5.40,0.03,-319.85,-843.61,0.00,-3.68,-0.19 
12.95,2,-508.92,-895.35,15.49,4.58,1.29,-508.92,-895.35,0.00,0.88,9.10 
13.05,0,-363.55,-841.13,0.96,5.64,0.79,-363.55,-841.13,0.00,-7.26,5.49 
13.05,1,-320.10,-843.69,17.40,5.40,0.03,-320.10,-843.69,0.00,-3.62,-0.22 
13.05,2,-508.97,-894.44,15.50,4.59,1.30,-508.97,-894.44,0.00,0.82,9.10 
13.05,0,-364.48,-840.79,0.96,5.65,0.79,-364.48,-840.79,0.00,-7.36,5.39 
13.05,1,-320.53,-843.93,17.41,5.40,0.03,-320.53,-843.93,0.00,-3.66,-0.33 
13.05,2,-509.02,-893.60,15.49,4.59,1.30,-509.02,-893.60,0.00,0.75,9.07 
13.05,0,-365.39,-840.46,0.97,5.65,0.80,-365.39,-840.46,0.00,-7.44,5.29 
13.05,1,-320.98,-844.22,17.41,5.41,0.04,-320.98,-844.22,0.00,-3.70,-0.45 
13.05,2,-509.04,-892.78,15.49,4.60,1.31,-509.04,-892.78,0.00,0.71,9.02 
13.05,0,-366.29,-840.20,0.97,5.65,0.80,-366.29,-840.20,0.00,-7.51,5.16 
13.05,1,-321.37,-844.55,17.43,5.41,0.04,-321.37,-844.55,0.00,-3.71,-0.58 
13.05,2,-509.08,-892.06,15.48,4.60,1.31,-509.08,-892.06,0.00,0.66,8.94 
13.59,0,-370.12,-837.59,0.98,5.65,0.80,-370.12,-837.59,0.00,-7.43,5.10 
13.59,1,-323.22,-844.72,17.44,5.41,0.04,-323.22,-844.72,0.00,-3.65,-0.52 
13.59,2,-508.93,-887.54,4.61,15.46,-0.25,-508.93,-887.54,0.00,0.57,8.82 
13.70,0,-370.83,-837.14,0.98,5.65,0.81,-370.83,-837.14,0.00,-7.36,5.03 
13.70,1,-323.47,-844.66,17.43,5.42,0.04,-323.47,-844.66,0.00,-3.57,-0.46 
13.70,2,-508.84,-886.74,15.46,4.61,1.32,-508.84,-886.74,0.00,0.58,8.72 
14.04,0,-373.15,-835.60,0.99,5.66,0.81,-373.15,-835.60,0.00,-7.29,4.97 
14.04,1,-324.55,-844.68,17.44,5.42,0.04,-324.55,-844.68,0.00,-3.51,-0.40 
14.04,2,-508.93,-883.98,4.61,15.44,-0.24,-508.93,-883.98,0.00,0.44,8.64 
14.14,0,-373.81,-835.20,0.99,5.66,0.82,-373.81,-835.20,0.00,-7.26,4.91 
14.14,1,-324.84,-844.61,17.45,5.42,0.04,-324.84,-844.61,0.00,-3.49,-0.35 
14.14,2,-509.11,-883.19,4.62,15.43,-0.24,-509.11,-883.19,0.00,0.33,8.60 
14.35,0,-375.34,-834.30,1.00,5.66,0.83,-375.34,-834.30,0.00,-7.24,4.83 
14.35,1,-325.43,-844.67,17.42,5.43,0.04,-325.43,-844.67,0.00,-3.40,-0.34 
14.35,2,-509.28,-881.34,4.62,15.44,-0.23,-509.28,-881.34,0.00,0.21,8.60 
14.47,0,-376.16,-833.85,1.00,5.66,0.83,-376.16,-833.85,0.00,-7.23,4.78 
14.47,1,-325.78,-844.69,17.44,5.43,0.04,-325.78,-844.69,0.00,-3.38,-0.33 
14.47,2,-509.45,-880.34,4.63,15.45,-0.22,-509.45,-880.34,0.00,0.11,8.60 
14.57,0,-377.01,-833.37,1.01,5.66,0.84,-377.01,-833.37,0.00,-7.29,4.78 
14.57,1,-326.11,-844.72,17.43,5.43,0.04,-326.11,-844.72,0.00,-3.37,-0.33 
14.57,2,-509.63,-879.31,4.63,15.45,-0.22,-509.63,-879.31,0.00,0.01,8.69 
14.69,0,-377.97,-832.81,1.02,5.66,0.84,-377.97,-832.81,0.00,-7.34,4.78 
14.69,1,-326.50,-844.71,17.44,5.44,0.04,-326.50,-844.71,0.00,-3.37,-0.30 
14.69,2,-509.79,-878.14,4.64,15.45,-0.21,-509.79,-878.14,0.00,-0.07,8.76 
14.92,0,-379.77,-831.69,1.03,5.66,0.85,-379.77,-831.69,0.00,-7.39,4.78 
14.92,1,-327.37,-844.72,17.45,5.44,0.04,-327.37,-844.72,0.00,-3.41,-0.27 
14.92,2,-509.98,-876.03,4.64,15.44,-0.20,-509.98,-876.03,0.00,-0.16,8.80 
15.14,0,-381.50,-830.63,1.03,5.66,0.85,-381.50,-830.63,0.00,-7.45,4.79 
15.14,1,-328.16,-844.71,17.45,5.44,0.04,-328.16,-844.71,0.00,-3.44,-0.24 
15.14,2,-510.21,-873.93,4.65,15.45,-0.20,-510.21,-873.93,0.00,-0.25,8.89 
15.25,0,-382.47,-830.18,1.04,5.67,0.86,-382.47,-830.18,0.00,-7.50,4.74 
15.25,1,-328.62,-844.78,17.46,5.44,0.05,-328.62,-844.78,0.00,-3.47,-0.26 
15.25,2,-510.39,-872.98,4.65,15.43,-0.19,-510.39,-872.98,0.00,-0.33,8.85 
15.37,0,-383.42,-829.72,1.04,5.67,0.86,-383.42,-829.72,0.00,-7.54,4.69 
15.37,1,-329.03,-844.82,17.44,5.45,0.05,-329.03,-844.82,0.00,-3.47,-0.26 
15.37,2,-510.58,-871.85,4.65,15.44,-0.18,-510.58,-871.85,0.00,-0.41,8.90 
15.59,0,-385.17,-828.74,1.05,5.68,0.87,-385.17,-828.74,0.00,-7.60,4.67 
15.59,1,-329.77,-844.87,17.43,5.45,0.05,-329.77,-844.87,0.00,-3.46,-0.26 
15.59,2,-510.83,-869.81,4.66,15.44,-0.18,-510.83,-869.81,0.00,-0.49,8.95 
15.79,0,-386.86,-827.84,1.05,5.69,0.87,-386.86,-827.84,0.00,-7.68,4.65 
15.79,1,-330.53,-844.92,17.43,5.45,0.05,-330.53,-844.92,0.00,-3.50,-0.26 
15.79,2,-510.98,-867.93,4.66,15.45,-0.17,-510.98,-867.93,0.00,-0.51,8.99 
15.90,0,-388.00,-827.24,1.06,5.70,0.88,-388.00,-827.24,0.00,-7.80,4.68 
15.90,1,-331.04,-844.94,17.44,5.46,0.05,-331.04,-844.94,0.00,-3.55,-0.25 
15.90,2,-511.20,-866.78,4.66,15.43,-0.17,-511.20,-866.78,0.00,-0.59,9.04 
16.12,0,-389.93,-826.17,1.06,5.71,0.88,-389.93,-826.17,0.00,-7.92,4.71 
16.12,1,-331.88,-844.97,17.44,5.46,0.05,-331.88,-844.97,0.00,-3.58,-0.24 
16.12,2,-511.36,-864.55,4.67,15.44,-0.16,-511.36,-864.55,0.00,-0.61,9.18 
16.34,0,-391.86,-825.12,1.07,5.72,0.89,-391.86,-825.12,0.00,-8.02,4.72 
16.34,1,-332.69,-845.08,5.46,17.46,1.62,-332.69,-845.08,0.00,-3.60,-0.27 
16.34,2,-511.72,-862.34,4.67,15.45,-0.15,-511.72,-862.34,0.00,-0.72,9.28 
16.44,0,-392.86,-824.64,1.07,5.73,0.89,-392.86,-824.64,0.00,-8.11,4.73 
16.44,1,-333.15,-845.06,17.46,5.46,0.05,-333.15,-845.06,0.00,-3.64,-0.25 
16.44,2,-511.96,-861.18,4.68,15.46,-0.15,-511.96,-861.18,0.00,-0.80,9.38 
16.56,0,-393.95,-824.15,1.08,5.74,0.90,-393.95,-824.15,0.00,-8.18,4.69 
16.56,1,-333.57,-845.21,5.45,17.47,1.62,-333.57,-845.21,0.00,-3.64,-0.30 
16.56,2,-512.24,-860.01,4.68,15.47,-0.14,-512.24,-860.01,0.00,-0.89,9.43 
16.66,0,-394.91,-823.78,1.08,5.75,0.90,-394.91,-823.78,0.00,-8.24,4.65 
16.66,1,-334.01,-845.27,17.47,5.46,0.05,-334.01,-845.27,0.00,-3.68,-0.32 
16.66,2,-512.50,-858.99,4.69,15.48,-0.13,-512.50,-858.99,0.00,-0.97,9.46 
16.87,0,-396.81,-822.82,1.08,5.76,0.91,-396.81,-822.82,0.00,-8.30,4.62 
16.87,1,-334.81,-845.35,17.45,5.46,0.05,-334.81,-845.35,0.00,-3.68,-0.32 
16.87,2,-512.89,-856.86,4.69,15.49,-0.13,-512.89,-856.86,0.00,-1.05,9.50 
16.87,0,-397.73,-822.40,1.09,5.77,0.91,-397.73,-822.40,0.00,-8.34,4.61 
16.87,1,-335.23,-845.37,17.45,5.46,0.05,-335.23,-845.37,0.00,-3.70,-0.32 
16.87,2,-513.15,-855.83,4.70,15.50,-0.12,-513.15,-855.83,0.00,-1.13,9.53 
16.99,0,-398.79,-821.93,1.09,5.78,0.92,-398.79,-821.93,0.00,-8.38,4.57 
16.99,1,-335.66,-845.40,17.44,5.46,0.05,-335.66,-845.40,0.00,-3.70,-0.32 
16.99,2,-513.42,-854.68,4.70,15.51,-0.11,-513.42,-854.68,0.00,-1.19,9.56 
17.19,0,-400.42,-821.10,1.10,5.78,0.92,-400.42,-821.10,0.00,-8.36,4.53 
17.19,1,-336.40,-845.45,17.44,5.47,0.05,-336.40,-845.45,0.00,-3.70,-0.31 
17.19,2,-513.79,-852.85,4.70,15.52,-0.11,-513.79,-852.85,0.00,-1.25,9.51 
17.19,0,-401.19,-820.73,1.11,5.78,0.93,-401.19,-820.73,0.00,-8.33,4.49 
17.19,1,-336.79,-845.48,17.44,5.47,0.05,-336.79,-845.48,0.00,-3.71,-0.31 
17.19,2,-514.02,-851.98,4.71,15.52,-0.10,-514.02,-851.98,0.00,-1.31,9.47 
17.29,0,-401.97,-820.35,1.12,5.78,0.93,-401.97,-820.35,0.00,-8.30,4.46 
17.29,1,-337.09,-845.55,5.46,17.43,1.62,-337.09,-845.55,0.00,-3.68,-0.33 
17.29,2,-514.25,-851.15,4.71,15.52,-0.09,-514.25,-851.15,0.00,-1.35,9.42 
17.51,0,-403.80,-819.50,1.12,5.79,0.93,-403.80,-819.50,0.00,-8.32,4.40 
17.51,1,-337.89,-845.64,5.46,17.42,1.62,-337.89,-845.64,0.00,-3.68,-0.33 
17.51,2,-514.64,-849.27,4.71,15.50,-0.09,-514.64,-849.27,0.00,-1.40,9.34 
17.62,0,-404.78,-819.11,1.11,5.80,0.94,-404.78,-819.11,0.00,-8.32,4.35 
17.62,1,-338.27,-845.63,17.41,5.46,0.05,-338.27,-845.63,0.00,-3.66,-0.31 
17.62,2,-514.89,-848.32,4.72,15.49,-0.08,-514.89,-848.32,0.00,-1.44,9.27 
17.84,0,-406.54,-818.27,1.12,5.81,0.94,-406.54,-818.27,0.00,-8.30,4.30 
17.84,1,-339.09,-845.66,17.41,5.47,0.05,-339.09,-845.66,0.00,-3.67,-0.29 
17.84,2,-515.30,-846.51,4.72,15.46,-0.08,-515.30,-846.51,0.00,-1.48,9.18 
17.94,0,-407.37,-817.87,1.13,5.82,0.94,-407.37,-817.87,0.00,-8.30,4.28 
17.94,1,-339.46,-845.64,17.41,5.47,0.05,-339.46,-845.64,0.00,-3.67,-0.27 
17.94,2,-515.56,-845.63,4.72,15.45,-0.07,-515.56,-845.63,0.00,-1.54,9.16 
18.04,0,-408.20,-817.56,1.13,5.82,0.94,-408.20,-817.56,0.00,-8.30,4.22 
18.04,1,-339.76,-845.70,17.40,5.46,0.05,-339.76,-845.70,0.00,-3.64,-0.29 
18.04,2,-515.82,-844.73,4.72,15.45,-0.06,-515.82,-844.73,0.00,-1.59,9.15 
18.14,0,-409.04,-817.26,1.14,5.84,0.94,-409.04,-817.26,0.00,-8.30,4.17 
18.14,1,-340.17,-845.76,17.39,5.46,0.05,-340.17,-845.76,0.00,-3.66,-0.30 
18.14,2,-516.09,-843.90,4.72,15.44,-0.06,-516.09,-843.90,0.00,-1.64,9.11 
18.36,0,-410.87,-816.42,1.15,5.85,0.94,-410.87,-816.42,0.00,-8.32,4.14 
18.36,1,-340.98,-845.77,17.39,5.46,0.05,-340.98,-845.77,0.00,-3.67,-0.28 
18.36,2,-516.54,-842.02,4.73,15.42,-0.05,-516.54,-842.02,0.00,-1.69,9.07 
18.47,0,-411.85,-815.98,1.15,5.86,0.95,-411.85,-815.98,0.00,-8.32,4.12 
18.47,1,-341.36,-845.74,17.38,5.46,0.05,-341.36,-845.74,0.00,-3.64,-0.25 
18.47,2,-516.86,-840.95,4.73,15.42,-0.04,-516.86,-840.95,0.00,-1.75,9.07 
18.57,0,-412.70,-815.73,1.16,5.86,0.94,-412.70,-815.73,0.00,-8.33,4.04 
18.57,1,-341.72,-845.80,17.37,5.47,0.05,-341.72,-845.80,0.00,-3.64,-0.26 
18.57,2,-517.16,-840.07,4.73,15.42,-0.04,-517.16,-840.07,0.00,-1.81,9.06 
18.67,0,-413.53,-815.36,1.17,5.87,0.95,-413.53,-815.36,0.00,-8.33,4.02 
18.67,1,-342.13,-845.78,17.36,5.47,0.05,-342.13,-845.78,0.00,-3.66,-0.24 
18.67,2,-517.42,-839.26,4.73,15.39,-0.03,-517.42,-839.26,0.00,-1.84,9.01 
18.77,0,-414.37,-815.06,1.17,5.87,0.95,-414.37,-815.06,0.00,-8.33,3.97 
18.77,1,-342.52,-845.84,17.36,5.47,0.05,-342.52,-845.84,0.00,-3.67,-0.26 
18.77,2,-517.72,-838.38,4.74,15.38,-0.03,-517.72,-838.38,0.00,-1.90,9.00 
18.77,0,-415.26,-814.76,1.18,5.88,0.95,-415.26,-814.76,0.00,-8.36,3.93 
18.77,1,-342.91,-845.88,17.36,5.47,0.06,-342.91,-845.88,0.00,-3.68,-0.26 
18.77,2,-518.03,-837.46,4.74,15.38,-0.02,-518.03,-837.46,0.00,-1.96,9.01 
19.12,0,-418.09,-813.54,1.19,5.89,0.95,-418.09,-813.54,0.00,-8.31,3.85 
19.12,1,-344.13,-845.95,17.36,5.47,0.06,-344.13,-845.95,0.00,-3.65,-0.26 
19.12,2,-518.78,-834.60,4.74,15.35,-0.02,-518.78,-834.60,0.00,-1.99,8.87 
19.12,0,-418.83,-813.31,1.20,5.89,0.95,-418.83,-813.31,0.00,-8.27,3.78 
19.12,1,-344.50,-845.97,17.35,5.47,0.06,-344.50,-845.97,0.00,-3.65,-0.25 
19.12,2,-519.04,-833.96,4.74,15.32,-0.01,-519.04,-833.96,0.00,-2.01,8.76 
19.22,0,-419.61,-813.06,1.20,5.90,0.94,-419.61,-813.06,0.00,-8.25,3.72 
19.22,1,-344.86,-845.97,17.34,5.47,0.06,-344.86,-845.97,0.00,-3.65,-0.24 
19.22,2,-519.31,-833.27,4.74,15.28,-0.00,-519.31,-833.27,0.00,-2.05,8.67 
19.46,0,-421.51,-812.31,1.21,5.90,0.94,-421.51,-812.31,0.00,-8.23,3.66 
19.46,1,-345.70,-846.01,17.33,5.48,0.06,-345.70,-846.01,0.00,-3.64,-0.23 
19.46,2,-519.92,-831.27,4.74,15.28,0.00,-519.92,-831.27,0.00,-2.11,8.65 
19.56,0,-422.27,-812.09,1.22,5.91,0.95,-422.27,-812.09,0.00,-8.20,3.59 
19.56,1,-346.05,-846.09,17.33,5.48,0.06,-346.05,-846.09,0.00,-3.64,-0.26 
19.56,2,-520.11,-830.48,4.75,15.28,0.01,-520.11,-830.48,0.00,-2.10,8.62 
19.67,0,-423.20,-811.79,1.23,5.92,0.95,-423.20,-811.79,0.00,-8.19,3.53 
19.67,1,-346.46,-846.15,17.32,5.48,0.06,-346.46,-846.15,0.00,-3.63,-0.28 
19.67,2,-520.50,-829.54,4.75,15.28,0.01,-520.50,-829.54,0.00,-2.17,8.59 
20.01,0,-425.91,-810.79,1.22,5.93,0.95,-425.91,-810.79,0.00,-8.18,3.45 
20.01,1,-347.60,-846.25,17.31,5.48,0.06,-347.60,-846.25,0.00,-3.60,-0.28 
20.01,2,-521.35,-826.93,4.75,15.24,0.02,-521.35,-826.93,0.00,-2.23,8.46 
20.12,0,-427.02,-810.45,1.22,5.94,0.96,-427.02,-810.45,0.00,-8.25,3.42 
20.12,1,-348.05,-846.33,5.48,17.30,1.63,-348.05,-846.33,0.00,-3.61,-0.30 
20.12,2,-521.77,-825.98,4.75,15.20,0.02,-521.77,-825.98,0.00,-2.31,8.45 
20.34,0,-428.95,-809.77,1.22,5.95,0.96,-428.95,-809.77,0.00,-8.33,3.39 
20.34,1,-348.88,-846.42,5.48,17.29,1.63,-348.88,-846.42,0.00,-3.64,-0.31 
20.34,2,-522.54,-823.97,4.75,15.20,0.03,-522.54,-823.97,0.00,-2.44,8.54 
20.44,0,-429.94,-809.45,1.22,5.96,0.96,-429.94,-809.45,0.00,-8.39,3.37 
20.44,1,-349.25,-846.41,17.29,5.48,0.06,-349.25,-846.41,0.00,-3.63,-0.29 
20.44,2,-523.00,-823.00,4.75,15.19,0.04,-523.00,-823.00,0.00,-2.54,8.58 
20.56,0,-430.98,-809.19,1.22,5.97,0.97,-430.98,-809.19,0.00,-8.43,3.31 
20.56,1,-349.76,-846.50,17.30,5.48,0.06,-349.76,-846.50,0.00,-3.68,-0.32 
20.56,2,-523.51,-821.94,4.76,15.20,0.04,-523.51,-821.94,0.00,-2.65,8.62 
20.79,0,-433.04,-808.53,1.23,5.97,0.97,-433.04,-808.53,0.00,-8.47,3.26 
20.79,1,-350.73,-846.60,17.30,5.48,0.06,-350.73,-846.60,0.00,-3.73,-0.33 
20.79,2,-524.32,-819.95,4.76,15.18,0.05,-524.32,-819.95,0.00,-2.74,8.61 
20.91,0,-434.11,-808.21,1.24,5.97,0.97,-434.11,-808.21,0.00,-8.51,3.23 
20.91,1,-351.27,-846.63,17.31,5.49,0.06,-351.27,-846.63,0.00,-3.78,-0.33 
20.91,2,-524.75,-819.06,4.76,15.15,0.06,-524.75,-819.06,0.00,-2.80,8.55 
21.03,0,-435.31,-807.84,1.24,5.98,0.97,-435.31,-807.84,0.00,-8.61,3.22 
21.03,1,-351.80,-846.66,17.32,5.49,0.06,-351.80,-846.66,0.00,-3.83,-0.32 
21.03,2,-525.29,-817.93,4.76,15.14,0.06,-525.29,-817.93,0.00,-2.90,8.62 
21.14,0,-436.41,-807.56,1.25,5.98,0.98,-436.41,-807.56,0.00,-8.68,3.18 
21.14,1,-352.33,-846.76,17.33,5.49,0.06,-352.33,-846.76,0.00,-3.88,-0.36 
21.14,2,-525.83,-816.83,4.76,15.15,0.07,-525.83,-816.83,0.00,-3.01,8.68 
21.26,0,-437.54,-807.23,1.25,5.98,0.98,-437.54,-807.23,0.00,-8.73,3.16 
21.26,1,-352.88,-846.84,17.33,5.49,0.06,-352.88,-846.84,0.00,-3.92,-0.37 
21.26,2,-526.37,-815.74,4.77,15.15,0.08,-526.37,-815.74,0.00,-3.10,8.72 
21.47,0,-439.56,-806.50,1.26,5.99,0.99,-439.56,-806.50,0.00,-8.79,3.18 
21.47,1,-353.78,-846.86,17.33,5.49,0.06,-353.78,-846.86,0.00,-3.95,-0.35 
21.47,2,-527.24,-813.69,4.77,15.15,0.08,-527.24,-813.69,0.00,-3.20,8.79 
21.57,0,-440.55,-806.24,1.27,5.99,0.99,-440.55,-806.24,0.00,-8.85,3.16 
21.57,1,-354.22,-846.99,5.49,17.34,1.63,-354.22,-846.99,0.00,-3.97,-0.39 
21.57,2,-527.66,-812.95,4.77,15.11,0.09,-527.66,-812.95,0.00,-3.24,8.73 
21.69,0,-441.66,-805.84,1.27,6.00,0.99,-441.66,-805.84,0.00,-8.89,3.17 
21.69,1,-354.70,-846.96,17.35,5.49,0.06,-354.70,-846.96,0.00,-3.97,-0.35 
21.69,2,-528.21,-811.78,4.77,15.12,0.10,-528.21,-811.78,0.00,-3.33,8.80 
21.79,0,-442.75,-805.47,1.28,6.00,1.00,-442.75,-805.47,0.00,-8.98,3.20 
21.79,1,-355.06,-846.93,17.34,5.49,0.06,-355.06,-846.93,0.00,-3.96,-0.32 
21.79,2,-528.70,-810.79,4.77,15.09,0.10,-528.70,-810.79,0.00,-3.40,8.85 
21.99,0,-444.76,-804.87,1.29,6.00,1.00,-444.76,-804.87,0.00,-9.08,3.18 
21.99,1,-355.90,-847.02,17.35,5.50,0.06,-355.90,-847.02,0.00,-3.98,-0.33 
21.99,2,-529.59,-808.91,4.78,15.08,0.11,-529.59,-808.91,0.00,-3.50,8.90 
22.21,0,-446.79,-804.25,1.29,6.01,1.01,-446.79,-804.25,0.00,-9.10,3.14 
22.21,1,-356.79,-847.09,17.35,5.50,0.06,-356.79,-847.09,0.00,-3.99,-0.33 
22.21,2,-530.54,-806.94,4.78,15.08,0.11,-530.54,-806.94,0.00,-3.59,8.91 
22.21,0,-447.74,-803.90,1.30,6.01,1.01,-447.74,-803.90,0.00,-9.12,3.16 
22.21,1,-357.15,-847.01,17.36,5.50,0.06,-357.15,-847.01,0.00,-3.97,-0.28 
22.21,2,-530.96,-806.11,4.78,15.05,0.12,-530.96,-806.11,0.00,-3.62,8.88 
22.44,0,-449.68,-803.22,1.30,6.01,1.02,-449.68,-803.22,0.00,-9.04,3.13 
22.44,1,-357.93,-846.97,17.35,5.50,0.06,-357.93,-846.97,0.00,-3.90,-0.23 
22.44,2,-531.82,-804.25,4.78,15.02,0.13,-531.82,-804.25,0.00,-3.63,8.79 
22.54,0,-450.63,-802.98,1.31,6.01,1.02,-450.63,-802.98,0.00,-9.06,3.10 
22.54,1,-358.37,-846.99,17.35,5.50,0.06,-358.37,-846.99,0.00,-3.93,-0.23 
22.54,2,-532.26,-803.52,4.78,14.99,0.13,-532.26,-803.52,0.00,-3.66,8.71 
22.78,0,-452.77,-802.44,1.32,6.02,1.03,-452.77,-802.44,0.00,-9.06,3.01 
22.78,1,-359.24,-847.11,17.35,5.50,0.06,-359.24,-847.11,0.00,-3.90,-0.26 
22.78,2,-533.22,-801.71,4.78,14.96,0.14,-533.22,-801.71,0.00,-3.71,8.60 
22.89,0,-453.81,-802.24,1.32,6.02,1.03,-453.81,-802.24,0.00,-9.06,2.94 
22.89,1,-359.72,-847.19,17.35,5.50,0.06,-359.72,-847.19,0.00,-3.91,-0.28 
22.89,2,-533.84,-800.72,4.79,14.96,0.15,-533.84,-800.72,0.00,-3.80,8.60 
22.89,0,-454.72,-802.07,1.33,6.03,1.04,-454.72,-802.07,0.00,-9.06,2.88 
22.89,1,-360.10,-847.25,17.35,5.51,0.06,-360.10,-847.25,0.00,-3.91,-0.30 
22.89,2,-534.28,-800.05,4.79,14.93,0.15,-534.28,-800.05,0.00,-3.83,8.51 
23.19,0,-457.30,-801.42,1.33,6.03,1.05,-457.30,-801.42,0.00,-8.99,2.78 
23.19,1,-361.18,-847.36,17.32,5.51,0.06,-361.18,-847.36,0.00,-3.86,-0.31 
23.19,2,-535.48,-797.79,4.79,14.90,0.16,-535.48,-797.79,0.00,-3.85,8.36 
23.30,0,-458.13,-801.29,1.34,6.03,1.05,-458.13,-801.29,0.00,-8.95,2.70 
23.30,1,-361.55,-847.42,17.32,5.51,0.06,-361.55,-847.42,0.00,-3.85,-0.32 
23.30,2,-535.92,-797.20,4.79,14.87,0.17,-535.92,-797.20,0.00,-3.88,8.24 
23.41,0,-459.23,-801.06,1.35,6.03,1.06,-459.23,-801.06,0.00,-8.98,2.67 
23.41,1,-361.99,-847.45,17.32,5.51,0.06,-361.99,-847.45,0.00,-3.85,-0.32 
23.41,2,-536.60,-796.12,4.79,14.87,0.17,-536.60,-796.12,0.00,-3.99,8.30 
23.53,0,-460.29,-800.84,1.35,6.03,1.06,-460.29,-800.84,0.00,-8.99,2.62 
23.53,1,-362.42,-847.48,17.32,5.51,0.06,-362.42,-847.48,0.00,-3.84,-0.31 
23.53,2,-537.15,-795.27,4.79,14.84,0.18,-537.15,-795.27,0.00,-4.02,8.25 
23.74,0,-462.28,-800.35,1.36,6.04,1.07,-462.28,-800.35,0.00,-9.01,2.59 
23.74,1,-363.19,-847.53,17.32,5.51,0.06,-363.19,-847.53,0.00,-3.81,-0.30 
23.74,2,-538.22,-793.42,4.80,14.83,0.19,-538.22,-793.42,0.00,-4.12,8.27 
23.84,0,-463.19,-800.17,1.36,6.03,1.07,-463.19,-800.17,0.00,-9.01,2.55 
23.84,1,-363.44,-847.53,17.32,5.52,0.07,-363.44,-847.53,0.00,-3.75,-0.29 
23.84,2,-538.81,-792.55,4.80,14.83,0.19,-538.81,-792.55,0.00,-4.20,8.30 
23.94,0,-464.12,-799.99,1.37,6.03,1.08,-464.12,-799.99,0.00,-9.02,2.51 
23.94,1,-363.79,-847.54,17.32,5.52,0.07,-363.79,-847.54,0.00,-3.73,-0.28 
23.94,2,-539.31,-791.80,4.80,14.80,0.20,-539.31,-791.80,0.00,-4.25,8.26 
24.14,0,-465.97,-799.57,1.37,6.03,1.08,-465.97,-799.57,0.00,-9.04,2.47 
24.14,1,-364.52,-847.58,17.33,5.52,0.07,-364.52,-847.58,0.00,-3.72,-0.27 
24.14,2,-540.27,-790.23,4.80,14.77,0.21,-540.27,-790.23,0.00,-4.30,8.22 
24.25,0,-466.92,-799.38,1.38,6.03,1.09,-466.92,-799.38,0.00,-9.06,2.44 
24.25,1,-364.88,-847.59,17.33,5.52,0.07,-364.88,-847.59,0.00,-3.72,-0.26 
24.25,2,-540.80,-789.44,4.80,14.74,0.21,-540.80,-789.44,0.00,-4.35,8.20 
24.48,0,-469.04,-799.05,6.02,1.39,-0.47,-469.04,-799.05,0.00,-9.07,2.33 
24.48,1,-365.81,-847.71,17.32,5.52,0.07,-365.81,-847.71,0.00,-3.75,-0.29 
24.48,2,-541.93,-787.67,4.80,14.71,0.22,-541.93,-787.67,0.00,-4.40,8.13 
24.70,0,-471.08,-798.69,1.39,6.03,1.10,-471.08,-798.69,0.00,-9.10,2.26 
24.70,1,-366.73,-847.82,17.30,5.53,0.07,-366.73,-847.82,0.00,-3.80,-0.31 
24.70,2,-543.02,-786.03,4.80,14.68,0.23,-543.02,-786.03,0.00,-4.46,8.06 
24.81,0,-472.13,-798.55,1.40,6.02,1.11,-472.13,-798.55,0.00,-9.10,2.20 
24.81,1,-367.28,-847.87,17.28,5.53,0.07,-367.28,-847.87,0.00,-3.85,-0.32 
24.81,2,-543.64,-785.21,4.80,14.66,0.23,-543.64,-785.21,0.00,-4.52,8.01 
24.93,0,-473.35,-798.34,1.40,6.03,1.12,-473.35,-798.34,0.00,-9.17,2.17 
24.93,1,-367.91,-847.90,17.25,5.53,0.07,-367.91,-847.90,0.00,-3.94,-0.32 
24.93,2,-544.36,-784.24,4.80,14.63,0.24,-544.36,-784.24,0.00,-4.60,8.03 
25.05,0,-474.50,-798.15,1.41,6.02,1.12,-474.50,-798.15,0.00,-9.21,2.14 
25.05,1,-368.47,-847.93,17.23,5.53,0.07,-368.47,-847.93,0.00,-3.99,-0.32 
25.05,2,-545.01,-783.35,4.80,14.59,0.25,-545.01,-783.35,0.00,-4.66,8.01 
25.35,0,-477.38,-797.60,1.41,6.02,1.13,-477.38,-797.60,0.00,-9.26,2.10 
25.35,1,-369.81,-848.02,17.19,5.53,0.07,-369.81,-848.02,0.00,-4.06,-0.31 
25.35,2,-546.75,-780.75,4.81,14.60,0.25,-546.75,-780.75,0.00,-4.82,8.10 
25.56,0,-479.47,-797.33,1.42,6.01,1.13,-479.47,-797.33,0.00,-9.30,2.01 
25.56,1,-370.81,-848.16,17.16,5.53,0.07,-370.81,-848.16,0.00,-4.11,-0.35 
25.56,2,-547.97,-779.14,4.81,14.56,0.26,-547.97,-779.14,0.00,-4.90,8.03 
25.76,0,-481.42,-797.10,1.42,6.01,1.14,-481.42,-797.10,0.00,-9.35,1.93 
25.76,1,-371.73,-848.29,17.12,5.54,0.07,-371.73,-848.29,0.00,-4.16,-0.37 
25.76,2,-549.13,-777.32,4.81,14.58,0.27,-549.13,-777.32,0.00,-4.99,8.13 
25.88,0,-482.63,-797.02,1.43,6.01,1.15,-482.63,-797.02,0.00,-9.40,1.86 
25.88,1,-372.29,-848.38,17.09,5.54,0.07,-372.29,-848.38,0.00,-4.19,-0.40 
25.88,2,-549.97,-776.40,4.81,14.57,0.27,-549.97,-776.40,0.00,-5.11,8.12 
26.00,0,-483.74,-796.92,1.43,6.01,1.15,-483.74,-796.92,0.00,-9.41,1.80 
26.00,1,-372.82,-848.44,17.05,5.54,0.07,-372.82,-848.44,0.00,-4.21,-0.40 
26.00,2,-550.82,-775.43,4.81,14.58,0.28,-550.82,-775.43,0.00,-5.23,8.13 
26.21,0,-485.79,-796.65,1.44,6.00,1.16,-485.79,-796.65,0.00,-9.41,1.75 
26.21,1,-373.80,-848.53,17.03,5.54,0.07,-373.80,-848.53,0.00,-4.25,-0.40 
26.21,2,-552.19,-773.68,4.81,14.58,0.29,-552.19,-773.68,0.00,-5.34,8.12 
26.21,0,-486.80,-796.56,1.44,6.01,1.16,-486.80,-796.56,0.00,-9.45,1.71 
26.21,1,-374.29,-848.57,17.00,5.54,0.07,-374.29,-848.57,0.00,-4.28,-0.40 
26.21,2,-552.97,-772.83,4.81,14.59,0.30,-552.97,-772.83,0.00,-5.46,8.14 
26.53,0,-489.65,-796.15,1.45,6.00,1.17,-489.65,-796.15,0.00,-9.38,1.65 
26.53,1,-375.24,-848.63,17.04,5.55,0.07,-375.24,-848.63,0.00,-4.09,-0.37 
26.53,2,-554.67,-770.62,4.82,14.56,0.31,-554.67,-770.62,0.00,-5.45,7.97 
26.53,0,-490.53,-796.09,1.45,6.01,1.18,-490.53,-796.09,0.00,-9.35,1.60 
26.53,1,-375.69,-848.64,17.01,5.55,0.07,-375.69,-848.64,0.00,-4.11,-0.36 
26.53,2,-555.20,-770.13,4.82,14.52,0.31,-555.20,-770.13,0.00,-5.44,7.83 
26.75,0,-492.44,-795.85,1.46,6.00,1.18,-492.44,-795.85,0.00,-9.30,1.55 
26.75,1,-376.20,-848.65,17.05,5.55,0.07,-376.20,-848.65,0.00,-3.93,-0.33 
26.75,2,-556.62,-768.43,4.82,14.54,0.32,-556.62,-768.43,0.00,-5.55,7.83 
26.85,0,-493.29,-795.78,1.46,6.00,1.19,-493.29,-795.78,0.00,-9.26,1.51 
26.85,1,-376.31,-848.62,17.08,5.55,0.07,-376.31,-848.62,0.00,-3.79,-0.30 
26.85,2,-557.37,-767.65,4.82,14.56,0.33,-557.37,-767.65,0.00,-5.64,7.82 
27.05,0,-495.15,-795.66,1.47,6.00,1.19,-495.15,-795.66,0.00,-9.26,1.42 
27.05,1,-376.84,-848.72,17.11,5.56,0.07,-376.84,-848.72,0.00,-3.68,-0.32 
27.05,2,-558.55,-766.11,4.82,14.58,0.34,-558.55,-766.11,0.00,-5.67,7.81 
27.16,0,-496.22,-795.64,1.47,6.00,1.20,-496.22,-795.64,0.00,-9.25,1.35 
27.16,1,-377.05,-848.78,17.14,5.56,0.07,-377.05,-848.78,0.00,-3.57,-0.33 
27.16,2,-559.26,-765.23,4.82,14.60,0.34,-559.26,-765.23,0.00,-5.69,7.79 
27.28,0,-497.28,-795.59,1.48,6.01,1.21,-497.28,-795.59,0.00,-9.24,1.30 
27.28,1,-377.29,-848.81,17.17,5.56,0.07,-377.29,-848.81,0.00,-3.49,-0.33 
27.28,2,-560.08,-764.45,4.82,14.61,0.35,-560.08,-764.45,0.00,-5.77,7.73 
27.38,0,-498.20,-795.56,1.48,6.01,1.21,-498.20,-795.56,0.00,-9.24,1.25 
27.38,1,-377.50,-848.84,17.20,5.56,0.08,-377.50,-848.84,0.00,-3.42,-0.32 
27.38,2,-560.66,-763.96,4.82,14.58,0.36,-560.66,-763.96,0.00,-5.77,7.59 
27.48,0,-499.13,-795.52,1.48,6.01,1.22,-499.13,-795.52,0.00,-9.24,1.21 
27.48,1,-377.74,-848.87,17.23,5.57,0.08,-377.74,-848.87,0.00,-3.37,-0.32 
27.48,2,-561.20,-763.49,4.82,14.54,0.36,-561.20,-763.49,0.00,-5.75,7.45 
27.48,0,-500.07,-795.48,1.49,6.02,1.22,-500.07,-795.48,0.00,-9.25,1.17 
27.48,1,-378.00,-848.90,17.26,5.57,0.08,-378.00,-848.90,0.00,-3.33,-0.32 
27.48,2,-561.79,-762.96,4.82,14.51,0.37,-561.79,-762.96,0.00,-5.75,7.35 
27.60,0,-501.15,-795.41,1.49,6.02,1.23,-501.15,-795.41,0.00,-9.25,1.14 
27.60,1,-378.32,-848.91,17.29,5.57,0.08,-378.32,-848.91,0.00,-3.30,-0.31 
27.60,2,-562.60,-762.15,4.83,14.52,0.38,-562.60,-762.15,0.00,-5.83,7.33 
27.81,0,-503.15,-795.24,1.50,6.03,1.23,-503.15,-795.24,0.00,-9.25,1.10 
27.81,1,-378.97,-848.96,17.31,5.57,0.08,-378.97,-848.96,0.00,-3.27,-0.30 
27.81,2,-563.98,-760.67,4.83,14.51,0.38,-563.98,-760.67,0.00,-5.88,7.27 
27.91,0,-504.09,-795.20,1.50,6.03,1.24,-504.09,-795.20,0.00,-9.26,1.07 
27.91,1,-379.26,-848.98,17.34,5.57,0.08,-379.26,-848.98,0.00,-3.25,-0.29 
27.91,2,-564.53,-760.17,4.83,14.47,0.39,-564.53,-760.17,0.00,-5.86,7.16 
28.13,0,-506.11,-795.02,1.51,6.03,1.24,-506.11,-795.02,0.00,-9.26,1.04 
28.13,1,-379.94,-848.99,17.36,5.57,0.08,-379.94,-848.99,0.00,-3.24,-0.27 
28.13,2,-565.84,-758.77,4.83,14.44,0.40,-565.84,-758.77,0.00,-5.88,7.09 
28.25,0,-507.14,-795.03,1.51,6.03,1.25,-507.14,-795.03,0.00,-9.24,0.98 
28.25,1,-380.29,-849.06,17.39,5.58,0.08,-380.29,-849.06,0.00,-3.22,-0.29 
28.25,2,-566.51,-758.22,4.83,14.40,0.41,-566.51,-758.22,0.00,-5.87,6.96 
28.36,0,-508.14,-795.02,1.51,6.02,1.25,-508.14,-795.02,0.00,-9.20,0.93 
28.36,1,-380.63,-849.11,17.42,5.58,0.08,-380.63,-849.11,0.00,-3.21,-0.30 
28.36,2,-567.33,-757.49,4.83,14.40,0.41,-567.33,-757.49,0.00,-5.94,6.92 
28.47,0,-508.99,-795.02,1.52,6.01,1.26,-508.99,-795.02,0.00,-9.16,0.88 
28.47,1,-380.95,-849.16,17.44,5.58,0.08,-380.95,-849.16,0.00,-3.21,-0.30 
28.47,2,-567.90,-757.03,4.83,14.36,0.42,-567.90,-757.03,0.00,-5.92,6.80 
28.58,0,-510.07,-795.00,1.52,6.01,1.26,-510.07,-795.00,0.00,-9.17,0.84 
28.58,1,-381.32,-849.19,17.46,5.58,0.08,-381.32,-849.19,0.00,-3.21,-0.30 
28.58,2,-568.63,-756.37,4.83,14.33,0.43,-568.63,-756.37,0.00,-5.94,6.74 
28.68,0,-510.96,-794.98,1.52,6.01,1.27,-510.96,-794.98,0.00,-9.16,0.81 
28.68,1,-381.64,-849.22,17.49,5.58,0.08,-381.64,-849.22,0.00,-3.21,-0.30 
28.68,2,-569.20,-755.88,4.83,14.28,0.43,-569.20,-755.88,0.00,-5.93,6.65 
28.78,0,-511.87,-794.97,1.53,6.00,1.27,-511.87,-794.97,0.00,-9.15,0.78 
28.78,1,-381.95,-849.25,17.51,5.58,0.08,-381.95,-849.25,0.00,-3.20,-0.30 
28.78,2,-569.70,-755.40,4.83,14.23,0.44,-569.70,-755.40,0.00,-5.89,6.56 
28.78,0,-512.78,-794.95,1.53,6.00,1.28,-512.78,-794.95,0.00,-9.15,0.75 
28.78,1,-382.29,-849.27,17.53,5.58,0.08,-382.29,-849.27,0.00,-3.21,-0.30 
28.78,2,-570.18,-755.01,4.81,14.17,0.43,-570.18,-755.01,0.00,-5.84,6.43 
28.90,0,-513.84,-794.93,1.54,5.99,1.28,-513.84,-794.93,0.00,-9.15,0.72 
28.90,1,-382.68,-849.30,17.56,5.59,0.08,-382.68,-849.30,0.00,-3.21,-0.30 
28.90,2,-570.91,-754.32,4.80,14.14,0.44,-570.91,-754.32,0.00,-5.86,6.40 
29.00,0,-514.72,-794.90,1.54,5.98,1.29,-514.72,-794.90,0.00,-9.13,0.69 
29.00,1,-383.03,-849.33,17.58,5.59,0.08,-383.03,-849.33,0.00,-3.23,-0.29 
29.00,2,-571.66,-753.49,4.80,14.15,0.44,-571.66,-753.49,0.00,-5.93,6.49 
29.12,0,-515.82,-794.87,1.54,5.99,1.29,-515.82,-794.87,0.00,-9.15,0.67 
29.12,1,-383.42,-849.34,17.60,5.59,0.08,-383.42,-849.34,0.00,-3.23,-0.29 
29.12,2,-572.37,-752.80,4.79,14.11,0.45,-572.37,-752.80,0.00,-5.95,6.46 
29.22,0,-516.75,-794.85,1.54,5.98,1.30,-516.75,-794.85,0.00,-9.15,0.65 
29.22,1,-383.78,-849.36,17.62,5.59,0.08,-383.78,-849.36,0.00,-3.25,-0.28 
29.22,2,-573.06,-752.17,4.79,14.08,0.45,-573.06,-752.17,0.00,-5.99,6.45 
29.32,0,-517.73,-794.83,1.55,5.99,1.30,-517.73,-794.83,0.00,-9.17,0.63 
29.32,1,-384.13,-849.37,17.64,5.59,0.08,-384.13,-849.37,0.00,-3.26,-0.27 
29.32,2,-573.73,-751.58,4.79,14.05,0.46,-573.73,-751.58,0.00,-6.02,6.42 
29.55,0,-519.84,-794.79,5.98,1.55,-0.27,-519.84,-794.79,0.00,-9.17,0.58 
29.55,1,-384.92,-849.47,17.66,5.59,0.08,-384.92,-849.47,0.00,-3.28,-0.29 
29.55,2,-575.19,-750.25,4.79,14.01,0.47,-575.19,-750.25,0.00,-6.05,6.35 
29.77,0,-521.83,-794.77,5.98,1.55,-0.26,-521.83,-794.77,0.00,-9.17,0.53 
29.77,1,-385.67,-849.55,17.68,5.59,0.08,-385.67,-849.55,0.00,-3.30,-0.30 
29.77,2,-576.58,-749.01,4.79,13.97,0.47,-576.58,-749.01,0.00,-6.09,6.28 
29.88,0,-522.88,-794.79,5.97,1.56,-0.26,-522.88,-794.79,0.00,-9.16,0.49 
29.88,1,-386.10,-849.59,17.70,5.59,0.08,-386.10,-849.59,0.00,-3.32,-0.30 
29.88,2,-577.44,-748.34,4.79,13.94,0.48,-577.44,-748.34,0.00,-6.16,6.25 
30.00,0,-524.05,-794.80,5.97,1.56,-0.25,-524.05,-794.80,0.00,-9.21,0.46 
30.00,1,-386.55,-849.62,17.72,5.59,0.08,-386.55,-849.62,0.00,-3.35,-0.29 
30.00,2,-578.40,-747.56,4.79,13.92,0.49,-578.40,-747.56,0.00,-6.27,6.27 
30.23,0,-526.28,-794.76,5.97,1.56,-0.25,-526.28,-794.76,0.00,-9.25,0.43 
30.23,1,-387.41,-849.66,17.74,5.60,0.09,-387.41,-849.66,0.00,-3.38,-0.28 
30.23,2,-580.11,-746.06,4.79,13.90,0.49,-580.11,-746.06,0.00,-6.39,6.29 
30.45,0,-528.36,-794.74,5.96,1.57,-0.24,-528.36,-794.74,0.00,-9.28,0.39 
30.45,1,-388.22,-849.69,17.76,5.60,0.09,-388.22,-849.69,0.00,-3.42,-0.27 
30.45,2,-581.65,-744.77,4.80,13.86,0.50,-581.65,-744.77,0.00,-6.46,6.26 
30.77,0,-531.41,-794.77,5.95,1.57,-0.24,-531.41,-794.77,0.00,-9.33,0.32 
30.77,1,-389.45,-849.80,17.78,5.60,0.09,-389.45,-849.80,0.00,-3.49,-0.28 
30.77,2,-583.99,-742.84,4.80,13.81,0.51,-583.99,-742.84,0.00,-6.59,6.23 
30.98,0,-533.46,-794.86,5.95,1.57,-0.23,-533.46,-794.86,0.00,-9.34,0.25 
30.98,1,-390.28,-849.88,17.80,5.60,0.09,-390.28,-849.88,0.00,-3.52,-0.29 
30.98,2,-585.44,-741.75,4.80,13.73,0.52,-585.44,-741.75,0.00,-6.60,6.11 
30.98,0,-534.48,-794.98,5.97,1.58,-0.22,-534.48,-794.98,0.00,-9.38,0.18 
30.98,1,-390.68,-849.91,17.82,5.60,0.09,-390.68,-849.91,0.00,-3.55,-0.29 
30.98,2,-586.28,-741.23,4.80,13.69,0.53,-586.28,-741.23,0.00,-6.69,6.07 
31.10,0,-535.51,-795.07,5.96,1.58,-0.22,-535.51,-795.07,0.00,-9.36,0.13 
31.10,1,-391.13,-849.94,17.85,5.60,0.09,-391.13,-849.94,0.00,-3.56,-0.29 
31.10,2,-587.10,-740.70,4.80,13.62,0.53,-587.10,-740.70,0.00,-6.71,5.99 
31.32,0,-537.44,-795.14,5.94,1.59,-0.21,-537.44,-795.14,0.00,-9.30,0.08 
31.32,1,-391.96,-850.00,17.87,5.60,0.09,-391.96,-850.00,0.00,-3.59,-0.29 
31.32,2,-588.74,-739.48,4.80,13.58,0.54,-588.74,-739.48,0.00,-6.80,5.95 
31.52,0,-539.41,-795.25,5.96,1.59,-0.21,-539.41,-795.25,0.00,-9.36,0.02 
31.52,1,-392.71,-850.06,17.89,5.60,0.09,-392.71,-850.06,0.00,-3.61,-0.29 
31.52,2,-590.27,-738.39,4.80,13.53,0.55,-590.27,-738.39,0.00,-6.88,5.90 
31.62,0,-540.32,-795.36,5.95,1.60,-0.20,-540.32,-795.36,0.00,-9.35,-0.03 
31.62,1,-393.13,-850.09,17.91,5.61,0.09,-393.13,-850.09,0.00,-3.63,-0.29 
31.62,2,-590.96,-737.98,4.80,13.46,0.56,-590.96,-737.98,0.00,-6.88,5.81 
31.82,0,-542.16,-795.49,5.96,1.60,-0.19,-542.16,-795.49,0.00,-9.33,-0.09 
31.82,1,-393.84,-850.15,17.93,5.61,0.09,-393.84,-850.15,0.00,-3.62,-0.29 
31.82,2,-592.11,-737.18,13.35,4.80,0.57,-592.11,-737.18,0.00,-6.77,5.64 
31.93,0,-543.29,-795.58,5.96,1.60,-0.19,-543.29,-795.58,0.00,-9.35,-0.13 
31.93,1,-394.32,-850.16,17.95,5.61,0.09,-394.32,-850.16,0.00,-3.65,-0.28 
31.93,2,-592.88,-736.69,4.80,13.26,0.58,-592.88,-736.69,0.00,-6.76,5.56 
32.15,0,-545.30,-795.68,5.96,1.61,-0.18,-545.30,-795.68,0.00,-9.34,-0.16 
32.15,1,-395.16,-850.19,17.97,5.61,0.09,-395.16,-850.19,0.00,-3.67,-0.26 
32.15,2,-594.52,-735.52,4.80,13.20,0.59,-594.52,-735.52,0.00,-6.84,5.54 
32.25,0,-546.23,-795.75,5.95,1.61,-0.18,-546.23,-795.75,0.00,-9.34,-0.19 
32.25,1,-395.56,-850.18,17.98,5.61,0.09,-395.56,-850.18,0.00,-3.69,-0.25 
32.25,2,-595.23,-735.07,4.80,13.11,0.60,-595.23,-735.07,0.00,-6.85,5.49 
32.37,0,-547.39,-795.85,5.96,1.62,-0.17,-547.39,-795.85,0.00,-9.38,-0.23 
32.37,1,-395.99,-850.19,18.01,5.61,0.09,-395.99,-850.19,0.00,-3.69,-0.23 
32.37,2,-595.93,-734.61,13.01,4.78,0.60,-595.93,-734.61,0.00,-6.81,5.41 
32.47,0,-548.41,-796.02,5.97,1.62,-0.16,-548.41,-796.02,0.00,-9.41,-0.30 
32.47,1,-396.39,-850.26,18.03,5.61,0.09,-396.39,-850.26,0.00,-3.70,-0.26 
32.47,2,-596.61,-734.26,12.92,4.78,0.61,-596.61,-734.26,0.00,-6.81,5.31 
32.59,0,-549.59,-796.17,5.98,1.62,-0.16,-549.59,-796.17,0.00,-9.45,-0.35 
32.59,1,-396.82,-850.32,18.05,5.61,0.09,-396.82,-850.32,0.00,-3.70,-0.28 
32.59,2,-597.35,-733.82,12.83,4.77,0.62,-597.35,-733.82,0.00,-6.78,5.22 
32.59,0,-550.62,-796.31,5.98,1.62,-0.15,-550.62,-796.31,0.00,-9.49,-0.41 
32.59,1,-397.21,-850.38,18.07,5.62,0.09,-397.21,-850.38,0.00,-3.71,-0.29 
32.59,2,-598.35,-733.24,4.77,12.80,0.63,-598.35,-733.24,0.00,-6.94,5.25 
32.80,0,-552.71,-796.50,5.98,1.63,-0.15,-552.71,-796.50,0.00,-9.51,-0.45 
32.80,1,-398.03,-850.45,18.08,5.62,0.09,-398.03,-850.45,0.00,-3.72,-0.29 
32.80,2,-599.82,-732.28,12.71,4.75,0.63,-599.82,-732.28,0.00,-6.92,5.17 
33.00,0,-554.38,-796.67,5.96,1.63,-0.14,-554.38,-796.67,0.00,-9.40,-0.49 
33.00,1,-398.75,-850.52,18.10,5.62,0.09,-398.75,-850.52,0.00,-3.71,-0.30 
33.00,2,-601.35,-731.29,4.75,12.66,0.64,-601.35,-731.29,0.00,-6.99,5.15 
33.00,0,-555.15,-796.79,5.94,1.63,-0.14,-555.15,-796.79,0.00,-9.31,-0.53 
33.00,1,-399.09,-850.56,18.12,5.62,0.09,-399.09,-850.56,0.00,-3.69,-0.30 
33.00,2,-602.06,-730.92,4.75,12.58,0.65,-602.06,-730.92,0.00,-7.00,5.08 
33.20,0,-556.86,-796.98,5.92,1.63,-0.13,-556.86,-796.98,0.00,-9.24,-0.57 
33.20,1,-399.80,-850.62,18.14,5.62,0.09,-399.80,-850.62,0.00,-3.68,-0.30 
33.20,2,-603.53,-730.03,4.75,12.50,0.66,-603.53,-730.03,0.00,-7.02,5.02 
33.32,0,-557.83,-797.13,5.90,1.64,-0.13,-557.83,-797.13,0.00,-9.19,-0.61 
33.32,1,-400.21,-850.66,18.16,5.62,0.09,-400.21,-850.66,0.00,-3.67,-0.30 
33.32,2,-604.29,-729.63,12.42,4.74,0.66,-604.29,-729.63,0.00,-6.99,4.93 
33.54,0,-559.66,-797.33,5.88,1.64,-0.12,-559.66,-797.33,0.00,-9.11,-0.64 
33.54,1,-400.98,-850.71,18.18,5.62,0.09,-400.98,-850.71,0.00,-3.66,-0.30 
33.54,2,-605.77,-728.72,12.33,4.72,0.67,-605.77,-728.72,0.00,-6.98,4.85 
33.74,0,-561.39,-797.55,5.86,1.64,-0.12,-561.39,-797.55,0.00,-9.07,-0.68 
33.74,1,-401.69,-850.77,18.20,5.62,0.09,-401.69,-850.77,0.00,-3.65,-0.30 
33.74,2,-607.33,-727.80,4.72,12.26,0.68,-607.33,-727.80,0.00,-7.06,4.83 
33.94,0,-563.12,-797.77,5.83,1.64,-0.11,-563.12,-797.77,0.00,-9.03,-0.72 
33.94,1,-402.43,-850.80,18.22,5.62,0.09,-402.43,-850.80,0.00,-3.65,-0.28 
33.94,2,-608.79,-726.96,12.17,4.71,0.69,-608.79,-726.96,0.00,-7.08,4.77 
34.05,0,-564.16,-797.94,5.82,1.65,-0.11,-564.16,-797.94,0.00,-9.02,-0.76 
34.05,1,-402.85,-850.82,18.24,5.62,0.09,-402.85,-850.82,0.00,-3.65,-0.28 
34.05,2,-609.67,-726.50,12.09,4.69,0.70,-609.67,-726.50,0.00,-7.10,4.72 
34.15,0,-565.04,-798.19,5.80,1.65,-0.10,-565.04,-798.19,0.00,-9.01,-0.84 
34.15,1,-403.22,-850.91,18.26,5.63,0.09,-403.22,-850.91,0.00,-3.65,-0.31 
34.15,2,-610.44,-726.19,12.01,4.68,0.71,-610.44,-726.19,0.00,-7.13,4.65 
34.37,0,-566.97,-798.55,5.78,1.65,-0.09,-566.97,-798.55,0.00,-9.00,-0.93 
34.37,1,-404.00,-851.02,18.28,5.63,0.09,-404.00,-851.02,0.00,-3.65,-0.33 
34.37,2,-612.08,-725.33,11.93,4.66,0.71,-612.08,-725.33,0.00,-7.18,4.58 
34.37,0,-567.89,-798.76,5.77,1.65,-0.09,-567.89,-798.76,0.00,-9.01,-0.98 
34.37,1,-404.38,-851.07,18.30,5.63,0.09,-404.38,-851.07,0.00,-3.65,-0.33 
34.37,2,-612.90,-724.97,11.85,4.65,0.72,-612.90,-724.97,0.00,-7.22,4.53 
34.60,0,-569.76,-799.05,5.74,1.65,-0.08,-569.76,-799.05,0.00,-8.90,-1.01 
34.60,1,-405.18,-851.14,18.31,5.63,0.09,-405.18,-851.14,0.00,-3.63,-0.33 
34.60,2,-614.55,-724.08,11.77,4.64,0.73,-614.55,-724.08,0.00,-7.21,4.45 
34.60,0,-570.53,-799.24,5.72,1.65,-0.07,-570.53,-799.24,0.00,-8.84,-1.05 
34.60,1,-405.52,-851.18,18.33,5.63,0.09,-405.52,-851.18,0.00,-3.62,-0.34 
34.60,2,-615.29,-723.77,11.70,4.62,0.74,-615.29,-723.77,0.00,-7.22,4.39 
34.70,0,-571.31,-799.40,5.70,1.65,-0.07,-571.31,-799.40,0.00,-8.79,-1.08 
34.70,1,-405.85,-851.20,18.35,5.63,0.10,-405.85,-851.20,0.00,-3.60,-0.33 
34.70,2,-616.05,-723.43,11.62,4.61,0.74,-616.05,-723.43,0.00,-7.24,4.34 
34.82,0,-572.25,-799.57,5.68,1.65,-0.06,-572.25,-799.57,0.00,-8.75,-1.10 
34.82,1,-406.25,-851.22,18.37,5.63,0.10,-406.25,-851.22,0.00,-3.59,-0.32 
34.82,2,-616.91,-723.00,11.54,4.60,0.75,-616.91,-723.00,0.00,-7.24,4.31 
35.04,0,-574.05,-799.86,5.66,1.65,-0.06,-574.05,-799.86,0.00,-8.70,-1.13 
35.04,1,-407.00,-851.27,18.38,5.63,0.10,-407.00,-851.27,0.00,-3.58,-0.31 
35.04,2,-618.54,-722.17,11.47,4.58,0.76,-618.54,-722.17,0.00,-7.27,4.25 
35.35,0,-576.76,-800.29,5.63,1.66,-0.05,-576.76,-800.29,0.00,-8.68,-1.16 
35.35,1,-408.12,-851.33,18.40,5.63,0.10,-408.12,-851.33,0.00,-3.57,-0.29 
35.35,2,-621.26,-720.78,4.59,11.43,0.77,-621.26,-720.78,0.00,-7.46,4.28 
35.65,0,-579.33,-800.74,5.61,1.66,-0.04,-579.33,-800.74,0.00,-8.66,-1.21 
35.65,1,-409.22,-851.36,18.42,5.63,0.10,-409.22,-851.36,0.00,-3.59,-0.27 
35.65,2,-623.83,-719.49,4.58,11.36,0.78,-623.83,-719.49,0.00,-7.62,4.28 
35.87,0,-581.19,-801.21,5.58,1.66,-0.04,-581.19,-801.21,0.00,-8.67,-1.31 
35.87,1,-410.01,-851.48,18.45,5.63,0.10,-410.01,-851.48,0.00,-3.60,-0.30 
35.87,2,-625.70,-718.77,4.57,11.29,0.79,-625.70,-718.77,0.00,-7.73,4.19 
36.19,0,-584.02,-801.84,5.56,1.66,-0.03,-584.02,-801.84,0.00,-8.70,-1.41 
36.19,1,-411.17,-851.61,18.47,5.63,0.10,-411.17,-851.61,0.00,-3.60,-0.31 
36.19,2,-628.73,-717.49,4.58,11.25,0.80,-628.73,-717.49,0.00,-8.00,4.16 
36.29,0,-584.93,-802.15,5.53,1.66,-0.02,-584.93,-802.15,0.00,-8.72,-1.49 
36.29,1,-411.57,-851.67,18.49,5.63,0.10,-411.57,-851.67,0.00,-3.62,-0.33 
36.29,2,-629.70,-717.21,4.57,11.17,0.81,-629.70,-717.21,0.00,-8.08,4.10 
36.50,0,-586.83,-802.60,5.49,1.66,-0.01,-586.83,-802.60,0.00,-8.72,-1.55 
36.50,1,-412.39,-851.75,18.52,5.63,0.10,-412.39,-851.75,0.00,-3.63,-0.33 
36.50,2,-631.66,-716.45,4.57,11.10,0.82,-631.66,-716.45,0.00,-8.17,4.04 
36.50,0,-587.71,-802.88,5.45,1.66,-0.00,-587.71,-802.88,0.00,-8.72,-1.60 
36.50,1,-412.77,-851.78,18.54,5.63,0.10,-412.77,-851.78,0.00,-3.65,-0.33 
36.50,2,-632.63,-716.17,4.56,11.02,0.83,-632.63,-716.17,0.00,-8.25,3.98 
36.60,0,-588.70,-803.15,5.43,1.66,0.00,-588.70,-803.15,0.00,-8.78,-1.66 
36.60,1,-413.18,-851.80,18.56,5.63,0.10,-413.18,-851.80,0.00,-3.66,-0.32 
36.60,2,-633.59,-715.85,4.56,10.95,0.84,-633.59,-715.85,0.00,-8.31,3.94 
37.04,0,-592.65,-804.15,5.42,1.66,0.01,-592.65,-804.15,0.00,-8.85,-1.79 
37.04,1,-414.81,-852.02,18.59,5.63,0.10,-414.81,-852.02,0.00,-3.68,-0.36 
37.04,2,-637.41,-714.38,4.56,10.88,0.85,-637.41,-714.38,0.00,-8.41,3.83 
