1,1,-271.730,-843.640,1.150,2.710,1.460,-271.730,-843.640,0.000,-2.740,-0.070
1,2,-544.560,-1009.060,1.980,1.150,1.260,-544.560,-1009.060,0.000,2.480,3.040
2,1,-272.814,-843.729,1.265,3.909,1.459,-272.814,-843.729,0.000,-2.934,-0.125
2,2,-542.451,-1006.089,2.522,1.230,1.141,-542.451,-1006.089,0.000,3.646,4.805
3,1,-275.180,-843.800,1.430,5.640,1.390,-275.180,-843.800,0.000,-3.560,-0.130
3,2,-539.540,-1001.920,3.320,1.340,1.220,-539.540,-1001.920,0.000,4.360,5.980
3,0,-285.200,-919.700,1.310,12.330,0.460,-285.200,-919.700,0.000,-4.740,7.390
4,1,-276.830,-843.870,1.740,7.820,1.430,-276.830,-843.870,0.000,-3.880,-0.150
4,2,-537.600,-998.890,4.275,1.520,1.265,-537.600,-998.890,0.000,4.710,6.690
4,0,-286.495,-917.820,1.035,9.420,0.505,-286.495,-917.820,0.000,-4.915,7.555
5,1,-278.848,-843.971,1.955,9.993,1.410,-278.848,-843.971,0.000,-4.063,-0.170
5,2,-535.223,-995.282,5.512,1.623,1.190,-535.223,-995.282,0.000,4.891,7.084
5,0,-288.910,-914.233,1.362,11.437,0.461,-288.910,-914.233,0.000,-5.063,7.722
6,1,-281.530,-844.030,3.150,24.140,1.410,-281.530,-844.030,0.000,-4.310,-0.150
6,2,-532.360,-990.540,10.590,2.140,1.280,-532.360,-990.540,0.000,5.010,7.550
6,0,-291.980,-909.850,1.100,9.550,0.530,-291.980,-909.850,0.000,-5.250,7.850
7,1,-282.390,-844.160,3.250,30.450,1.470,-282.390,-844.160,0.000,-3.860,-0.190
7,2,-530.290,-986.980,16.410,2.740,1.220,-530.290,-986.980,0.000,5.000,7.740
7,0,-294.440,-906.570,1.730,9.800,0.490,-294.440,-906.570,0.000,-5.370,7.850
8,1,-283.981,-844.257,3.381,26.955,1.435,-283.981,-844.257,0.000,-3.793,-0.195
8,2,-528.109,-983.179,19.328,3.207,1.245,-528.109,-983.179,0.000,4.970,7.891
8,0,-296.991,-903.105,1.710,10.290,0.573,-296.991,-903.105,0.000,-5.438,7.821
9,1,-285.583,-844.340,3.565,23.260,1.421,-285.583,-844.340,0.000,-3.780,-0.190
9,2,-526.059,-979.050,27.448,4.581,1.270,-526.059,-979.050,0.000,4.930,8.218
9,0,-299.765,-899.586,2.294,10.572,0.549,-299.765,-899.586,0.000,-5.625,7.881
10,1,-287.330,-844.490,4.800,31.350,1.480,-287.330,-844.490,0.000,-3.790,-0.210
10,2,-524.050,-974.880,26.200,5.380,1.280,-524.050,-974.880,0.000,4.830,8.420
10,0,-302.600,-896.060,1.430,10.080,0.550,-302.600,-896.060,0.000,-5.750,7.870
12,1,-290.874,-844.650,4.531,26.688,1.401,-290.874,-844.650,0.000,-3.642,-0.190
12,2,-519.842,-965.560,24.770,5.769,1.342,-519.842,-965.560,0.000,4.517,8.642
12,0,-309.710,-887.680,2.760,10.430,0.540,-309.710,-887.680,0.000,-6.000,7.680
13,1,-292.670,-844.760,4.560,24.880,1.470,-292.670,-844.760,0.000,-3.780,-0.210
13,2,-518.560,-961.720,23.810,5.050,1.360,-518.560,-961.720,0.000,4.250,8.760
13,0,-311.770,-885.560,3.290,12.100,0.590,-311.770,-885.560,0.000,-6.070,7.530
14,1,-294.190,-844.890,4.100,25.800,1.390,-294.190,-844.890,0.000,-3.710,-0.230
14,2,-517.230,-957.790,24.010,6.900,1.440,-517.230,-957.790,0.000,3.990,8.810
15,1,-296.520,-845.050,3.870,26.870,1.420,-296.520,-845.050,0.000,-3.670,-0.240
15,2,-515.230,-952.020,24.080,4.200,1.340,-515.230,-952.020,0.000,3.720,8.830
16,1,-297.420,-845.260,4.330,27.040,1.430,-297.420,-845.260,0.000,-3.730,-0.310
16,2,-514.740,-950.170,23.810,5.120,1.420,-514.740,-950.170,0.000,3.560,8.790
16,0,-320.430,-876.990,2.730,8.370,0.620,-320.430,-876.990,0.000,-6.380,7.020
18,1,-301.490,-845.380,5.910,22.700,1.130,-301.490,-845.380,0.000,-4.070,-0.240
18,2,-512.280,-942.020,24.760,3.620,1.360,-512.280,-942.020,0.000,3.270,8.960
19,2,-511.050,-936.840,24.550,4.000,1.410,-511.050,-936.840,0.000,3.010,9.080
20,1,-308.820,-845.330,2.450,10.000,0.570,-308.820,-845.330,0.000,-5.120,-0.120
20,2,-509.780,-931.320,26.420,4.340,1.430,-509.780,-931.320,0.000,2.820,9.320
21,2,-509.515,-928.129,22.845,2.714,1.419,-509.515,-928.129,0.000,2.534,9.449
21,0,-337.280,-861.950,2.750,9.910,0.700,-337.280,-861.950,0.000,-7.170,6.660
22,1,-306.740,-846.460,17.760,1.570,0.010,-306.740,-846.460,0.000,-2.970,-0.540
22,2,-509.240,-924.890,23.510,3.220,1.350,-509.240,-924.890,0.000,2.250,9.470
22,0,-339.760,-859.960,2.010,9.760,0.750,-339.760,-859.960,0.000,-7.220,6.540
23,1,-308.560,-846.580,15.410,6.110,1.490,-308.560,-846.580,0.000,-3.210,-0.490
23,2,-508.450,-920.690,24.380,3.680,1.500,-508.450,-920.690,0.000,2.150,9.520
23,0,-343.000,-857.160,1.980,9.660,0.710,-343.000,-857.160,0.000,-7.280,6.530
24,1,-310.990,-846.690,2.960,30.310,1.480,-310.990,-846.690,0.000,-3.560,-0.430
24,2,-507.780,-915.660,24.070,4.870,1.200,-507.780,-915.660,0.000,1.940,9.570
24,0,-347.000,-853.850,2.200,10.070,0.840,-347.000,-853.850,0.000,-7.390,6.500
25,1,-312.610,-846.780,3.290,30.490,1.460,-312.610,-846.780,0.000,-3.730,-0.400
25,2,-507.500,-912.400,23.080,7.510,1.280,-507.500,-912.400,0.000,1.750,9.530
25,0,-349.870,-851.700,3.050,9.640,0.740,-349.870,-851.700,0.000,-7.530,6.440
26,1,-315.182,-846.870,3.572,28.376,1.460,-315.182,-846.870,0.000,-4.009,-0.351
26,2,-507.291,-907.499,22.521,7.147,1.308,-507.291,-907.499,0.000,1.443,9.530
26,0,-354.007,-848.792,2.453,8.838,0.810,-354.007,-848.792,0.000,-7.649,6.261
27,1,-317.830,-846.920,3.620,28.140,1.430,-317.830,-846.920,0.000,-4.220,-0.290
27,2,-507.350,-901.840,26.380,10.130,1.310,-507.350,-901.840,0.000,1.090,9.770
27,0,-358.490,-845.690,2.390,10.700,0.820,-358.490,-845.690,0.000,-7.820,6.150
28,1,-319.090,-846.940,3.630,28.070,1.460,-319.090,-846.940,0.000,-4.190,-0.260
28,2,-507.240,-898.440,26.430,8.690,1.370,-507.240,-898.440,0.000,0.970,9.920
29,1,-320.320,-847.160,3.790,22.050,1.390,-320.320,-847.160,0.000,-4.150,-0.320
29,2,-507.370,-895.230,23.630,8.360,1.390,-507.370,-895.230,0.000,0.770,9.960
29,0,-363.900,-842.160,2.710,8.410,0.850,-363.900,-842.160,0.000,-8.030,5.990
30,1,-323.360,-847.980,5.420,33.270,1.490,-323.360,-847.980,0.000,-4.100,-0.530
30,2,-507.150,-888.700,28.960,7.520,1.240,-507.150,-888.700,0.000,0.630,9.600
30,0,-370.180,-838.670,1.930,15.570,0.850,-370.180,-838.670,0.000,-8.130,5.620
32,1,-326.470,-847.930,6.540,20.520,1.220,-326.470,-847.930,0.000,-3.940,-0.330
32,2,-507.330,-881.090,26.510,9.280,1.450,-507.330,-881.090,0.000,0.330,9.330
34,1,-329.492,-847.805,5.458,27.858,1.394,-329.492,-847.805,0.000,-3.534,-0.140
34,2,-508.346,-872.026,23.409,7.791,1.365,-508.346,-872.026,0.000,-0.216,9.145
34,0,-384.057,-830.161,0.951,8.896,0.940,-384.057,-830.161,0.000,-7.700,4.920
35,1,-331.078,-847.910,3.350,26.555,1.401,-331.078,-847.910,0.000,-3.617,-0.160
35,2,-508.958,-868.556,22.206,6.165,1.370,-508.958,-868.556,0.000,-0.460,8.981
35,0,-387.383,-828.509,1.718,10.544,0.941,-387.383,-828.509,0.000,-7.769,4.740
36,1,-332.933,-847.619,7.106,23.151,1.191,-332.933,-847.619,0.000,-3.779,0.021
36,2,-509.562,-864.389,24.392,9.492,1.411,-509.562,-864.389,0.000,-0.671,9.111
36,0,-391.068,-826.365,1.742,10.652,0.941,-391.068,-826.365,0.000,-7.920,4.770
37,1,-334.567,-847.576,6.385,26.261,1.332,-334.567,-847.576,0.000,-3.793,0.032
37,2,-510.352,-859.853,24.661,8.934,1.460,-510.352,-859.853,0.000,-0.933,9.434
37,0,-394.050,-824.720,1.150,10.630,0.990,-394.050,-824.720,0.000,-8.110,4.800
38,1,-336.307,-847.839,5.840,23.703,1.340,-336.307,-847.839,0.000,-3.830,-0.110
38,2,-511.148,-855.590,24.408,8.925,1.480,-511.148,-855.590,0.000,-1.139,9.510
38,0,-398.871,-822.524,1.910,10.111,0.995,-398.871,-822.524,0.000,-8.365,4.620
39,1,-338.150,-848.000,3.970,27.580,1.470,-338.150,-848.000,0.000,-3.940,-0.170
39,2,-511.910,-851.500,22.100,8.300,1.440,-511.910,-851.500,0.000,-1.270,9.570
39,0,-402.720,-820.720,2.380,13.840,0.990,-402.720,-820.720,0.000,-8.540,4.560
40,1,-339.980,-848.150,3.500,24.720,1.430,-339.980,-848.150,0.000,-3.990,-0.210
40,2,-512.850,-847.100,20.960,8.110,1.410,-512.850,-847.100,0.000,-1.450,9.680
40,0,-406.790,-818.780,2.200,11.280,1.010,-406.790,-818.780,0.000,-8.710,4.540
41,1,-341.793,-848.487,5.725,23.129,1.289,-341.793,-848.487,0.000,-4.066,-0.320
41,2,-513.741,-843.417,22.048,8.581,1.434,-513.741,-843.417,0.000,-1.587,9.516
41,0,-411.640,-816.810,3.120,10.900,1.030,-411.640,-816.810,0.000,-8.800,4.340
42,1,-344.490,-848.590,8.274,18.964,0.915,-344.490,-848.590,0.000,-4.516,-0.309
42,2,-514.801,-839.555,21.307,9.012,1.450,-514.801,-839.555,0.000,-1.762,9.449
42,0,-414.425,-815.747,2.957,9.592,1.040,-414.425,-815.747,0.000,-8.850,4.219
43,1,-346.900,-848.630,6.830,19.610,1.180,-346.900,-848.630,0.000,-4.680,-0.260
43,2,-515.940,-835.320,20.480,9.970,1.470,-515.940,-835.320,0.000,-1.920,9.460
43,0,-418.500,-814.020,2.210,11.120,1.100,-418.500,-814.020,0.000,-8.910,4.160
44,1,-348.800,-848.780,5.590,19.680,1.180,-348.800,-848.780,0.000,-4.590,-0.270
44,2,-517.440,-831.100,20.690,10.000,1.500,-517.440,-831.100,0.000,-2.200,9.450
44,0,-422.770,-812.550,2.370,11.380,1.220,-422.770,-812.550,0.000,-9.020,3.980
45,1,-350.453,-848.849,4.983,21.549,1.254,-350.453,-848.849,0.000,-4.391,-0.249
45,2,-518.940,-826.684,19.800,10.270,1.490,-518.940,-826.684,0.000,-2.434,9.500
45,0,-427.168,-810.853,2.378,10.715,1.100,-427.168,-810.853,0.000,-9.162,3.929
46,1,-352.280,-848.960,7.030,15.450,0.890,-352.280,-848.960,0.000,-4.600,-0.270
46,2,-520.623,-822.609,20.636,9.493,1.555,-520.623,-822.609,0.000,-2.709,9.505
46,0,-430.240,-809.890,3.060,10.670,1.240,-430.240,-809.890,0.000,-9.240,3.800
47,1,-356.150,-849.300,7.740,16.010,0.960,-356.150,-849.300,0.000,-4.900,-0.330
47,2,-522.770,-816.960,10.600,21.210,0.020,-522.770,-816.960,0.000,-2.970,9.560
48,1,-357.814,-849.481,3.435,15.689,1.224,-357.814,-849.481,0.000,-4.902,-0.370
48,2,-523.980,-814.035,21.759,9.400,1.530,-523.980,-814.035,0.000,-3.072,9.428
48,0,-440.139,-806.646,3.547,10.795,1.170,-440.139,-806.646,0.000,-9.380,3.528
51,1,-364.466,-849.829,4.667,11.052,0.863,-364.466,-849.829,0.000,-4.970,-0.320
51,2,-529.997,-802.353,11.019,22.685,0.089,-529.997,-802.353,0.000,-3.825,9.258
51,0,-452.855,-803.326,3.454,11.477,1.206,-452.855,-803.326,0.000,-9.587,3.072
52,1,-366.355,-849.681,7.475,8.877,0.610,-366.355,-849.681,0.000,-4.838,-0.191
52,2,-532.461,-798.713,8.669,18.837,0.091,-532.461,-798.713,0.000,-4.243,9.132
52,0,-457.228,-802.472,2.568,11.068,1.279,-457.228,-802.472,0.000,-9.741,2.849
53,1,-368.120,-849.520,12.610,10.860,0.500,-368.120,-849.520,0.000,-4.660,-0.050
53,2,-534.670,-794.610,6.860,16.710,0.080,-534.670,-794.610,0.000,-4.440,9.220
53,0,-461.430,-801.320,1.330,9.680,1.310,-461.430,-801.320,0.000,-9.730,2.820
54,1,-370.400,-849.590,4.840,10.630,0.750,-370.400,-849.590,0.000,-4.590,-0.070
54,2,-537.060,-790.340,19.790,6.920,1.560,-537.060,-790.340,0.000,-4.490,8.950
54,0,-466.390,-800.080,1.660,9.840,1.310,-466.390,-800.080,0.000,-9.700,2.700
55,1,-371.960,-849.780,5.840,11.110,0.580,-371.960,-849.780,0.000,-4.370,-0.150
55,2,-539.330,-786.690,8.830,20.000,0.160,-539.330,-786.690,0.000,-4.660,8.830
55,0,-470.520,-799.290,2.180,9.960,1.500,-470.520,-799.290,0.000,-9.660,2.510
56,1,-373.180,-848.850,16.460,9.140,1.120,-373.180,-848.850,0.000,-4.200,0.320
56,2,-540.930,-785.020,20.500,8.590,1.370,-540.930,-785.020,0.000,-4.630,8.140
56,0,-473.300,-798.680,3.230,12.560,1.540,-473.300,-798.680,0.000,-9.370,2.380
58,1,-376.882,-848.654,7.495,9.581,0.279,-376.882,-848.654,0.000,-4.268,0.297
58,0,-481.145,-797.164,9.867,3.768,0.167,-481.145,-797.164,0.000,-9.370,2.188
59,1,-378.800,-848.630,8.770,8.560,0.110,-378.800,-848.630,0.000,-4.280,0.250
59,0,-485.220,-796.600,8.810,4.460,0.150,-485.220,-796.600,0.000,-9.320,1.990
60,1,-380.150,-848.260,10.760,7.600,1.310,-380.150,-848.260,0.000,-4.280,0.390
60,2,-549.560,-775.320,9.050,4.100,1.130,-549.560,-775.320,0.000,-5.090,7.020
60,0,-488.280,-796.220,9.410,4.120,0.140,-488.280,-796.220,0.000,-9.370,1.880
61,1,-382.573,-848.597,9.721,9.505,0.968,-382.573,-848.597,0.000,-4.363,0.153
61,2,-551.600,-773.230,10.960,4.210,1.010,-551.600,-773.230,0.000,-5.290,6.950
61,0,-493.755,-796.059,12.302,4.959,0.198,-493.755,-796.059,0.000,-9.640,1.514
62,1,-383.940,-848.790,10.290,9.220,1.550,-383.940,-848.790,0.000,-4.330,0.040
62,2,-555.270,-769.360,9.150,4.730,1.170,-555.270,-769.360,0.000,-5.660,7.020
62,0,-497.210,-795.950,10.220,4.990,0.200,-497.210,-795.950,0.000,-9.760,1.330
63,1,-386.210,-848.720,13.110,8.760,0.960,-386.210,-848.720,0.000,-4.120,0.060
63,0,-503.590,-795.670,10.450,5.580,0.320,-503.590,-795.670,0.000,-9.840,1.090
65,1,-387.860,-848.300,29.770,6.870,0.450,-387.860,-848.300,0.000,-3.340,0.200
65,0,-512.130,-795.350,7.100,4.550,0.310,-512.130,-795.350,0.000,-9.780,0.840
66,1,-386.068,-847.885,34.628,5.765,0.372,-386.068,-847.885,0.000,-2.167,0.348
66,0,-515.486,-795.464,7.737,3.342,0.018,-515.486,-795.464,0.000,-9.908,0.679
69,1,-389.090,-847.690,31.180,6.130,0.370,-389.090,-847.690,0.000,-2.250,0.230
69,0,-528.950,-795.340,7.950,3.510,0.320,-528.950,-795.340,0.000,-10.010,0.370
71,1,-392.710,-847.760,32.400,3.460,0.260,-392.710,-847.760,0.000,-2.880,0.120
71,0,-537.660,-795.940,5.790,2.610,0.680,-537.660,-795.940,0.000,-9.610,0.010
72,1,-393.790,-847.780,30.720,2.980,0.240,-393.790,-847.780,0.000,-2.990,0.090
72,0,-540.400,-796.110,6.260,2.990,0.580,-540.400,-796.110,0.000,-9.530,-0.080
73,1,-395.550,-847.980,31.640,3.570,0.250,-395.550,-847.980,0.000,-3.230,-0.030
73,0,-544.660,-796.440,8.260,3.140,0.580,-544.660,-796.440,0.000,-9.590,-0.230
74,1,-397.470,-848.210,30.980,3.280,0.250,-397.470,-848.210,0.000,-3.480,-0.130
74,2,-595.700,-734.500,10.200,0.090,1.010,-595.700,-734.500,0.000,-7.860,6.110
74,0,-548.720,-796.910,5.690,2.840,0.730,-548.720,-796.910,0.000,-9.550,-0.410
75,1,-399.310,-848.331,31.514,3.297,0.260,-399.310,-848.331,0.000,-3.661,-0.170
75,0,-552.994,-797.403,8.775,2.875,0.659,-552.994,-797.403,0.000,-9.682,-0.561
76,1,-401.160,-848.460,29.420,3.160,0.250,-401.160,-848.460,0.000,-3.780,-0.190
76,0,-557.600,-797.960,6.930,3.070,0.550,-557.600,-797.960,0.000,-9.870,-0.710
77,1,-403.290,-848.560,30.030,3.310,0.250,-403.290,-848.560,0.000,-3.860,-0.190
77,0,-562.710,-798.290,8.000,3.040,0.680,-562.710,-798.290,0.000,-9.880,-0.700
79,1,-406.899,-848.847,30.485,3.165,0.245,-406.899,-848.847,0.000,-3.965,-0.239
80,1,-408.625,-848.822,31.050,4.384,0.260,-408.625,-848.822,0.000,-3.960,-0.180
81,1,-410.140,-849.110,30.210,4.600,0.240,-410.140,-849.110,0.000,-3.940,-0.280
82,1,-412.150,-849.400,31.350,3.450,0.240,-412.150,-849.400,0.000,-3.900,-0.350
83,1,-413.760,-849.580,30.310,3.220,0.250,-413.760,-849.580,0.000,-3.890,-0.360
