1,0,-278.845,-928.772,1.077,8.318,0.460,-278.845,-928.772,0.000,-2.913,4.748
1,1,-270.922,-840.297,1.662,1.453,0.090,-270.922,-840.297,0.000,-3.562,0.768
1,2,-546.920,-1009.675,2.227,1.260,0.932,-546.920,-1009.675,0.000,1.890,3.292
2,0,-281.677,-924.234,1.047,7.979,0.491,-281.677,-924.234,0.000,-3.885,6.247
2,1,-273.047,-840.836,1.867,2.052,1.286,-273.047,-840.836,0.000,-3.645,-0.007
2,2,-544.412,-1005.392,3.101,1.472,0.950,-544.412,-1005.392,0.000,3.058,5.241
3,0,-283.989,-920.691,0.935,7.877,0.531,-283.989,-920.691,0.000,-4.351,6.887
3,1,-274.820,-840.887,2.253,2.667,1.393,-274.820,-840.887,0.000,-3.812,-0.045
3,2,-542.149,-1001.813,4.192,1.704,0.965,-542.149,-1001.813,0.000,3.717,6.185
4,0,-286.410,-916.970,1.230,7.420,0.500,-286.410,-916.970,0.000,-4.710,7.380
4,1,-276.480,-840.650,3.880,3.230,0.090,-276.480,-840.650,0.000,-3.850,0.100
4,2,-539.620,-998.110,6.330,2.290,1.150,-539.620,-998.110,0.000,4.300,6.840
5,0,-288.808,-913.365,0.943,6.685,0.619,-288.808,-913.365,0.000,-4.891,7.581
5,1,-278.263,-840.913,4.408,6.281,1.310,-278.263,-840.913,0.000,-3.911,-0.062
5,2,-537.225,-994.453,9.834,3.012,1.010,-537.225,-994.453,0.000,4.571,7.193
6,0,-290.710,-910.680,1.170,7.800,0.650,-290.710,-910.680,0.000,-5.070,7.740
6,1,-279.670,-841.190,5.260,10.840,1.300,-279.670,-841.190,0.000,-4.000,-0.190
6,2,-535.420,-991.600,19.290,5.640,1.030,-535.420,-991.600,0.000,4.760,7.500
7,0,-293.683,-906.308,1.470,7.765,0.660,-293.683,-906.308,0.000,-5.183,7.832
7,1,-281.768,-841.136,16.859,6.754,0.090,-281.768,-841.136,0.000,-3.970,-0.118
7,2,-532.742,-987.086,19.129,6.097,1.076,-532.742,-987.086,0.000,4.817,7.713
8,0,-297.121,-901.698,1.578,7.105,0.656,-297.121,-901.698,0.000,-5.448,7.976
8,1,-283.897,-840.980,12.678,11.834,0.671,-283.897,-840.980,0.000,-3.957,-0.027
8,2,-529.593,-982.038,17.430,7.105,1.085,-529.593,-982.038,0.000,5.017,8.091
10,0,-302.498,-894.964,1.861,5.690,0.710,-302.498,-894.964,0.000,-5.689,7.841
10,1,-287.173,-840.981,18.495,6.040,0.094,-287.173,-840.981,0.000,-3.860,-0.020
10,2,-525.776,-974.068,16.004,7.094,1.120,-525.776,-974.068,0.000,4.742,8.449
11,0,-305.959,-891.121,2.542,7.244,0.626,-305.959,-891.121,0.000,-5.949,7.787
11,1,-289.095,-841.314,6.378,17.572,1.526,-289.095,-841.314,0.000,-3.845,-0.164
11,2,-523.726,-969.327,17.306,5.875,1.156,-523.726,-969.327,0.000,4.585,8.654
12,0,-308.950,-887.897,2.125,6.149,0.661,-308.950,-887.897,0.000,-6.151,7.720
12,1,-290.781,-841.522,5.806,17.975,1.550,-290.781,-841.522,0.000,-3.850,-0.240
12,2,-522.039,-965.282,16.643,6.615,1.210,-522.039,-965.282,0.000,4.449,8.801
13,0,-311.840,-884.920,2.460,6.210,0.670,-311.840,-884.920,0.000,-6.310,7.610
13,1,-292.410,-841.760,18.790,5.930,0.090,-292.410,-841.760,0.000,-3.870,-0.300
13,2,-520.600,-961.390,16.100,5.120,1.200,-520.600,-961.390,0.000,4.260,8.910
14,0,-314.730,-881.770,2.310,6.130,0.710,-314.730,-881.770,0.000,-6.370,7.530
14,1,-294.000,-841.990,5.900,16.880,1.550,-294.000,-841.990,0.000,-3.830,-0.350
14,2,-519.100,-957.440,16.200,5.980,1.220,-519.100,-957.440,0.000,4.090,8.940
15,0,-318.580,-877.950,1.930,9.260,0.740,-318.580,-877.950,0.000,-6.290,7.120
15,1,-296.180,-842.120,17.700,6.090,0.090,-296.180,-842.120,0.000,-3.720,-0.310
15,2,-517.500,-952.300,18.560,6.740,1.250,-517.500,-952.300,0.000,3.670,8.710
16,0,-321.414,-875.356,2.082,6.933,0.800,-321.414,-875.356,0.000,-6.290,6.850
16,1,-297.776,-842.319,6.152,17.760,1.538,-297.776,-842.319,0.000,-3.690,-0.340
16,2,-516.482,-948.558,16.633,5.815,1.270,-516.482,-948.558,0.000,3.390,8.630
17,0,-323.620,-873.240,1.820,6.950,0.760,-323.620,-873.240,0.000,-6.290,6.720
17,1,-299.010,-842.440,5.550,17.920,1.550,-299.010,-842.440,0.000,-3.660,-0.340
17,2,-515.600,-945.630,16.330,6.790,1.280,-515.600,-945.630,0.000,3.250,8.580
18,0,-327.546,-869.533,1.553,5.856,0.830,-327.546,-869.533,0.000,-6.310,6.530
18,1,-301.123,-842.501,16.716,6.361,0.090,-301.123,-842.501,0.000,-3.600,-0.271
18,2,-514.224,-940.309,16.443,6.090,1.310,-514.224,-940.309,0.000,2.971,8.599
19,0,-330.548,-866.908,1.989,6.010,0.849,-330.548,-866.908,0.000,-6.399,6.402
19,1,-303.138,-842.659,15.375,5.673,0.090,-303.138,-842.659,0.000,-3.788,-0.290
19,2,-513.389,-936.352,15.783,6.573,1.340,-513.389,-936.352,0.000,2.752,8.650
20,0,-334.738,-863.173,1.983,6.445,0.860,-334.738,-863.173,0.000,-6.420,6.230
20,1,-305.230,-842.860,18.084,6.233,0.117,-305.230,-842.860,0.000,-3.630,-0.290
20,2,-512.186,-930.836,16.364,4.689,1.449,-512.186,-930.836,0.000,2.508,8.620
21,0,-337.480,-860.640,1.820,6.230,0.880,-337.480,-860.640,0.000,-6.410,6.160
21,1,-306.750,-842.910,17.590,6.520,0.090,-306.750,-842.910,0.000,-3.610,-0.260
21,2,-511.500,-927.120,15.870,6.130,1.380,-511.500,-927.120,0.000,2.340,8.630
22,0,-340.300,-858.316,2.561,6.118,0.890,-340.300,-858.316,0.000,-6.449,6.021
22,1,-308.349,-843.226,18.898,5.733,0.132,-308.349,-843.226,0.000,-3.630,-0.349
22,2,-510.903,-923.456,15.888,6.112,1.400,-510.903,-923.456,0.000,2.152,8.610
23,0,-343.865,-855.415,2.410,6.500,0.860,-343.865,-855.415,0.000,-6.490,5.875
23,1,-310.455,-843.380,18.240,6.225,0.090,-310.455,-843.380,0.000,-3.700,-0.330
23,2,-510.220,-918.875,16.615,6.255,1.415,-510.220,-918.875,0.000,1.950,8.590
24,0,-347.397,-852.670,2.223,5.900,0.930,-347.397,-852.670,0.000,-6.570,5.750
24,1,-312.373,-843.540,18.209,6.889,0.114,-312.373,-843.540,0.000,-3.700,-0.321
24,2,-509.781,-914.467,15.205,6.792,1.450,-509.781,-914.467,0.000,1.701,8.580
25,0,-350.586,-850.390,2.613,5.631,0.940,-350.586,-850.390,0.000,-6.679,5.621
25,1,-314.013,-843.539,18.463,5.719,0.090,-314.013,-843.539,0.000,-3.690,-0.260
25,2,-509.591,-910.518,15.840,6.634,1.470,-509.591,-910.518,0.000,1.441,8.620
26,0,-353.620,-848.262,2.340,6.494,0.950,-353.620,-848.262,0.000,-6.789,5.530
26,1,-315.525,-843.629,18.234,5.672,0.090,-315.525,-843.629,0.000,-3.680,-0.250
26,2,-509.324,-906.825,15.514,5.230,1.412,-509.324,-906.825,0.000,1.300,8.670
27,0,-356.745,-845.992,2.368,6.820,0.941,-356.745,-845.992,0.000,-6.902,5.491
27,1,-317.112,-843.731,18.205,5.751,0.080,-317.112,-843.731,0.000,-3.691,-0.250
27,2,-509.019,-902.960,16.482,6.460,1.471,-509.019,-902.960,0.000,1.189,8.752
28,0,-360.279,-843.478,2.260,8.251,0.980,-360.279,-843.478,0.000,-7.166,5.569
28,1,-318.752,-843.780,18.747,5.874,0.090,-318.752,-843.780,0.000,-3.720,-0.230
28,2,-508.939,-898.600,17.925,6.929,1.540,-508.939,-898.600,0.000,1.003,9.036
29,0,-362.940,-841.730,3.960,8.730,1.000,-362.940,-841.730,0.000,-7.330,5.560
29,1,-319.920,-843.980,16.310,7.190,0.090,-319.920,-843.980,0.000,-3.710,-0.290
29,2,-508.810,-895.550,16.250,7.100,1.560,-508.810,-895.550,0.000,0.910,9.110
30,0,-369.990,-837.600,1.860,7.790,1.020,-369.990,-837.600,0.000,-7.610,5.330
30,1,-323.250,-844.810,19.520,7.090,0.090,-323.250,-844.810,0.000,-3.760,-0.480
30,2,-508.730,-887.800,7.360,16.580,0.000,-508.730,-887.800,0.000,0.640,9.090
31,0,-372.517,-835.955,1.771,5.828,1.030,-372.517,-835.955,0.000,-7.610,5.275
31,1,-324.179,-844.606,18.823,6.702,0.090,-324.179,-844.606,0.000,-3.620,-0.316
31,2,-509.118,-884.573,7.010,15.402,0.035,-509.118,-884.573,0.000,0.377,9.180
32,0,-376.670,-833.370,2.680,6.250,1.050,-376.670,-833.370,0.000,-7.640,5.150
32,1,-326.060,-844.600,18.050,5.680,0.090,-326.060,-844.600,0.000,-3.600,-0.240
32,2,-509.500,-879.500,7.040,16.570,0.060,-509.500,-879.500,0.000,0.100,9.250
33,0,-379.531,-831.695,2.182,7.022,1.060,-379.531,-831.695,0.000,-7.739,5.100
33,1,-327.336,-844.600,18.525,6.049,0.090,-327.336,-844.600,0.000,-3.610,-0.200
33,2,-509.938,-876.160,6.692,15.722,0.080,-509.938,-876.160,0.000,-0.139,9.310
34,0,-383.508,-829.606,2.588,5.811,1.080,-383.508,-829.606,0.000,-7.960,4.980
34,1,-329.084,-844.700,16.602,5.988,0.090,-329.084,-844.700,0.000,-3.660,-0.210
34,2,-510.522,-871.631,6.639,16.935,0.100,-510.522,-871.631,0.000,-0.391,9.450
35,0,-387.112,-827.759,2.271,7.103,1.090,-387.112,-827.759,0.000,-8.109,4.880
35,1,-330.622,-844.839,18.183,5.770,0.090,-330.622,-844.839,0.000,-3.670,-0.230
35,2,-511.108,-867.729,5.203,16.048,0.032,-511.108,-867.729,0.000,-0.590,9.440
36,0,-390.979,-825.675,2.041,8.703,1.110,-390.979,-825.675,0.000,-8.271,4.860
36,1,-332.284,-844.911,18.544,5.984,0.102,-332.284,-844.911,0.000,-3.700,-0.220
36,2,-511.632,-863.320,18.481,5.116,1.558,-511.632,-863.320,0.000,-0.711,9.581
37,0,-394.960,-823.590,2.060,7.830,1.120,-394.960,-823.590,0.000,-8.450,4.850
37,1,-334.040,-845.020,18.180,5.890,0.090,-334.040,-845.020,0.000,-3.780,-0.230
37,2,-512.420,-858.750,6.890,18.160,0.170,-512.420,-858.750,0.000,-0.930,9.770
38,0,-399.670,-821.080,2.140,7.170,1.140,-399.670,-821.080,0.000,-8.540,4.820
38,1,-336.100,-845.130,17.960,6.410,0.090,-336.100,-845.130,0.000,-3.800,-0.220
38,2,-513.360,-853.390,7.090,17.810,0.200,-513.360,-853.390,0.000,-1.120,9.840
39,0,-402.521,-819.654,2.662,6.933,1.113,-402.521,-819.654,0.000,-8.610,4.773
39,1,-337.339,-845.172,10.611,12.062,0.888,-337.339,-845.172,0.000,-3.815,-0.205
39,2,-514.175,-850.235,6.924,14.777,0.209,-514.175,-850.235,0.000,-1.331,9.855
40,0,-406.660,-817.720,3.060,7.520,1.150,-406.660,-817.720,0.000,-8.780,4.710
40,1,-339.110,-845.300,17.850,5.640,0.090,-339.110,-845.300,0.000,-3.860,-0.220
40,2,-515.230,-845.900,6.920,15.650,0.240,-515.230,-845.900,0.000,-1.550,9.880
41,0,-410.541,-816.150,3.496,6.895,0.869,-410.541,-816.150,0.000,-8.889,4.542
41,1,-340.897,-845.419,17.535,5.613,0.080,-340.897,-845.419,0.000,-3.949,-0.230
41,2,-516.411,-841.916,6.853,14.557,0.260,-516.411,-841.916,0.000,-1.788,9.822
42,0,-414.386,-814.719,3.547,7.030,1.160,-414.386,-814.719,0.000,-8.921,4.317
42,1,-342.586,-845.662,17.504,6.430,0.090,-342.586,-845.662,0.000,-3.960,-0.301
42,2,-517.623,-838.113,7.055,15.252,0.280,-517.623,-838.113,0.000,-1.992,9.660
43,0,-419.890,-812.850,2.630,8.440,0.840,-419.890,-812.850,0.000,-8.800,3.920
43,1,-345.000,-845.910,17.040,5.680,0.090,-345.000,-845.910,0.000,-3.890,-0.320
43,2,-519.270,-832.880,6.910,15.370,0.310,-519.270,-832.880,0.000,-2.150,9.210
44,0,-423.591,-811.571,2.993,8.705,1.077,-423.591,-811.571,0.000,-8.669,3.687
44,1,-346.643,-846.142,17.331,6.181,0.090,-346.643,-846.142,0.000,-3.829,-0.360
44,2,-520.522,-829.083,7.374,16.095,0.330,-520.522,-829.083,0.000,-2.271,9.026
45,0,-427.460,-810.250,2.100,7.180,1.200,-427.460,-810.250,0.000,-8.670,3.550
45,1,-348.280,-846.420,5.660,16.930,1.520,-348.280,-846.420,0.000,-3.810,-0.410
45,2,-521.900,-825.540,6.770,12.850,0.350,-521.900,-825.540,0.000,-2.440,8.820
46,0,-431.353,-808.926,2.290,6.962,1.347,-431.353,-808.926,0.000,-8.740,3.450
46,1,-349.952,-846.500,18.878,6.417,0.090,-349.952,-846.500,0.000,-3.820,-0.370
46,2,-523.562,-821.509,6.763,17.747,0.380,-523.562,-821.509,0.000,-2.709,8.919
47,0,-436.327,-807.413,2.775,6.564,0.983,-436.327,-807.413,0.000,-8.760,3.271
47,1,-352.301,-846.709,18.286,5.908,0.090,-352.301,-846.709,0.000,-3.900,-0.370
47,2,-525.651,-817.072,6.697,14.760,0.400,-525.651,-817.072,0.000,-2.948,8.670
48,0,-440.288,-806.185,3.030,6.702,1.239,-440.288,-806.185,0.000,-8.750,3.159
48,1,-354.088,-846.892,17.709,6.204,0.118,-354.088,-846.892,0.000,-3.910,-0.381
48,2,-527.388,-813.266,7.007,15.989,0.420,-527.388,-813.266,0.000,-3.131,8.608
49,0,-443.951,-805.133,2.920,6.352,1.230,-443.951,-805.133,0.000,-8.770,3.050
49,1,-355.577,-847.130,18.460,5.580,0.090,-355.577,-847.130,0.000,-3.850,-0.410
49,2,-529.016,-809.958,6.889,13.604,0.440,-529.016,-809.958,0.000,-3.280,8.500
51,0,-452.130,-802.865,3.417,7.300,1.281,-452.130,-802.865,0.000,-8.938,2.862
51,1,-358.999,-847.499,18.118,5.626,0.090,-358.999,-847.499,0.000,-3.850,-0.410
51,2,-532.744,-802.502,7.355,12.486,0.490,-532.744,-802.502,0.000,-3.608,8.462
52,0,-456.207,-801.993,3.101,6.311,1.398,-456.207,-801.993,0.000,-9.072,2.709
52,1,-360.657,-847.611,15.377,5.900,0.090,-360.657,-847.611,0.000,-3.861,-0.380
52,2,-534.939,-799.032,6.845,12.345,0.510,-534.939,-799.032,0.000,-3.922,8.409
53,0,-461.291,-800.825,2.344,6.716,1.360,-461.291,-800.825,0.000,-9.209,2.590
53,1,-362.753,-847.650,18.124,6.099,0.090,-362.753,-847.650,0.000,-3.880,-0.301
53,2,-537.859,-794.388,6.026,16.150,0.540,-537.859,-794.388,0.000,-4.309,8.499
54,0,-465.160,-799.950,3.300,5.980,1.550,-465.160,-799.950,0.000,-9.210,2.490
54,1,-364.180,-847.680,18.440,6.100,0.070,-364.180,-847.680,0.000,-3.790,-0.260
54,2,-539.920,-790.890,6.370,12.710,0.560,-539.920,-790.890,0.000,-4.430,8.470
55,0,-469.132,-799.371,5.724,4.074,0.020,-469.132,-799.371,0.000,-9.210,2.252
55,1,-365.882,-847.869,17.084,6.071,0.080,-365.882,-847.869,0.000,-3.820,-0.300
55,2,-542.060,-787.633,6.697,13.260,0.580,-542.060,-787.633,0.000,-4.549,8.281
56,0,-474.832,-798.362,2.291,7.341,1.410,-474.832,-798.362,0.000,-9.060,2.050
56,1,-368.606,-848.050,15.402,6.159,0.080,-368.606,-848.050,0.000,-3.910,-0.280
56,2,-545.335,-783.146,6.241,13.562,0.610,-545.335,-783.146,0.000,-4.670,7.881
57,0,-478.416,-797.657,2.587,6.788,1.420,-478.416,-797.657,0.000,-8.991,1.981
57,1,-370.223,-848.099,15.179,5.913,0.090,-370.223,-848.099,0.000,-3.919,-0.250
57,2,-547.658,-779.792,6.506,16.111,0.620,-547.658,-779.792,0.000,-4.858,7.920
58,0,-482.106,-796.999,2.684,6.068,1.440,-482.106,-796.999,0.000,-8.930,1.898
58,1,-372.002,-848.153,14.805,5.973,0.052,-372.002,-848.153,0.000,-3.970,-0.231
58,2,-549.808,-776.491,5.172,17.604,0.475,-549.808,-776.491,0.000,-4.892,7.898
59,0,-486.062,-796.598,3.138,6.139,1.451,-486.062,-796.598,0.000,-8.903,1.699
59,1,-373.905,-848.401,15.731,5.918,0.090,-373.905,-848.401,0.000,-4.021,-0.290
59,2,-552.558,-773.272,7.049,15.043,0.670,-552.558,-773.272,0.000,-5.131,7.758
60,0,-490.250,-796.120,2.720,8.080,1.470,-490.250,-796.120,0.000,-9.120,1.610
60,1,-375.210,-848.470,22.220,5.950,0.100,-375.210,-848.470,0.000,-3.850,-0.270
60,2,-555.250,-770.170,6.770,20.060,0.690,-555.250,-770.170,0.000,-5.390,7.720
61,0,-494.290,-795.711,3.870,7.845,1.480,-494.290,-795.711,0.000,-9.239,1.491
61,1,-376.424,-848.609,21.239,6.583,0.100,-376.424,-848.609,0.000,-3.681,-0.280
61,2,-557.987,-766.737,5.719,17.964,0.581,-557.987,-766.737,0.000,-5.609,7.820
62,0,-499.540,-795.391,3.224,7.291,1.500,-499.540,-795.391,0.000,-9.362,1.282
62,1,-377.895,-848.822,20.919,5.963,0.100,-377.895,-848.822,0.000,-3.468,-0.305
62,2,-561.280,-763.223,7.522,13.972,0.740,-561.280,-763.223,0.000,-5.735,7.517
63,0,-504.300,-795.162,2.904,6.565,1.510,-504.300,-795.162,0.000,-9.239,1.087
63,1,-379.334,-848.935,20.219,5.794,0.100,-379.334,-848.935,0.000,-3.289,-0.282
63,2,-564.578,-760.168,6.828,13.586,0.760,-564.578,-760.168,0.000,-5.820,7.085
64,0,-508.258,-795.080,3.136,6.440,1.530,-508.258,-795.080,0.000,-9.148,0.908
64,1,-380.675,-849.132,20.197,5.980,0.110,-380.675,-849.132,0.000,-3.220,-0.310
64,2,-567.356,-757.628,6.735,14.816,0.780,-567.356,-757.628,0.000,-5.890,6.796
65,0,-512.980,-794.850,3.020,6.070,1.550,-512.980,-794.850,0.000,-9.100,0.800
65,1,-382.380,-849.300,19.650,5.760,0.100,-382.380,-849.300,0.000,-3.230,-0.320
65,2,-570.340,-754.740,4.260,13.150,0.180,-570.340,-754.740,0.000,-5.830,6.490
66,0,-516.140,-794.776,2.726,8.380,1.565,-516.140,-794.776,0.000,-9.234,0.715
66,1,-383.554,-849.359,20.378,6.028,0.110,-383.554,-849.359,0.000,-3.295,-0.295
66,2,-572.620,-752.459,5.907,11.188,0.835,-572.620,-752.459,0.000,-6.024,6.585
67,0,-520.571,-794.769,7.536,3.249,0.000,-520.571,-794.769,0.000,-9.369,0.572
67,1,-385.226,-849.498,20.164,5.938,0.110,-385.226,-849.498,0.000,-3.380,-0.300
67,2,-575.861,-749.743,6.893,12.521,0.850,-575.861,-749.743,0.000,-6.268,6.481
68,0,-525.060,-794.779,7.092,2.734,0.049,-525.060,-794.779,0.000,-9.488,0.451
68,1,-386.964,-849.619,20.576,6.074,0.110,-386.964,-849.619,0.000,-3.479,-0.290
68,2,-579.435,-746.681,6.064,18.954,0.802,-579.435,-746.681,0.000,-6.615,6.557
69,0,-529.480,-794.810,7.980,3.720,0.040,-529.480,-794.810,0.000,-9.610,0.350
69,1,-388.660,-849.760,20.440,6.160,0.110,-388.660,-849.760,0.000,-3.560,-0.300
69,2,-582.750,-743.760,7.680,10.860,0.900,-582.750,-743.760,0.000,-6.800,6.570
70,0,-534.335,-795.083,7.531,3.137,0.042,-534.335,-795.083,0.000,-9.479,0.149
70,1,-390.723,-849.981,19.815,5.735,0.110,-390.723,-849.981,0.000,-3.620,-0.330
70,2,-586.596,-741.052,6.723,11.782,0.920,-586.596,-741.052,0.000,-6.870,6.207
71,0,-538.860,-795.320,6.660,2.980,0.050,-538.860,-795.320,0.000,-9.260,0.020
71,1,-392.600,-850.100,19.650,5.830,0.110,-392.600,-850.100,0.000,-3.600,-0.300
71,2,-590.110,-738.570,6.470,13.160,0.950,-590.110,-738.570,0.000,-6.820,5.870
72,0,-542.411,-795.529,7.693,3.438,0.130,-542.411,-795.529,0.000,-9.190,-0.080
72,1,-394.017,-850.210,20.068,5.760,0.110,-394.017,-850.210,0.000,-3.590,-0.290
72,2,-592.485,-736.864,6.968,10.087,0.960,-592.485,-736.864,0.000,-6.661,5.571
73,0,-546.889,-795.833,6.926,3.301,0.094,-546.889,-795.833,0.000,-9.010,-0.197
73,1,-395.838,-850.286,19.961,6.156,0.110,-395.838,-850.286,0.000,-3.551,-0.259
73,2,-595.590,-734.784,6.520,7.765,0.985,-595.590,-734.784,0.000,-6.478,5.196
74,0,-550.842,-796.294,7.156,3.305,0.110,-550.842,-796.294,0.000,-9.049,-0.368
74,1,-397.316,-850.458,19.710,5.930,0.110,-397.316,-850.458,0.000,-3.530,-0.290
74,2,-598.510,-733.011,6.800,7.901,0.990,-598.510,-733.011,0.000,-6.553,4.999
75,0,-554.528,-796.712,5.072,3.085,0.120,-554.528,-796.712,0.000,-8.985,-0.485
75,1,-398.817,-850.591,19.850,5.740,0.110,-398.817,-850.591,0.000,-3.535,-0.290
75,2,-601.563,-731.142,6.302,7.585,1.005,-601.563,-731.142,0.000,-6.675,4.889
76,0,-559.077,-797.356,4.367,2.760,0.140,-559.077,-797.356,0.000,-8.901,-0.649
76,1,-400.766,-850.719,19.940,5.871,0.110,-400.766,-850.719,0.000,-3.570,-0.280
76,2,-605.323,-729.115,6.093,3.864,1.060,-605.323,-729.115,0.000,-6.779,4.651
77,0,-563.750,-797.930,5.280,2.740,0.160,-563.750,-797.930,0.000,-8.920,-0.750
77,1,-402.690,-850.830,20.150,5.980,0.110,-402.690,-850.830,0.000,-3.600,-0.270
77,2,-609.160,-726.880,5.980,4.820,1.080,-609.160,-726.880,0.000,-6.910,4.570
78,0,-567.674,-798.632,5.192,3.300,0.175,-567.674,-798.632,0.000,-8.959,-0.918
78,1,-404.285,-851.028,20.282,5.932,0.110,-404.285,-851.028,0.000,-3.620,-0.300
78,2,-612.517,-725.125,6.403,4.911,1.100,-612.517,-725.125,0.000,-7.087,4.472
79,0,-571.847,-799.422,5.274,2.741,0.190,-571.847,-799.422,0.000,-9.078,-1.093
79,1,-406.070,-851.148,20.664,5.812,0.110,-406.070,-851.148,0.000,-3.709,-0.300
79,2,-616.435,-723.214,5.921,6.316,1.125,-616.435,-723.214,0.000,-7.445,4.455
80,0,-576.820,-800.320,4.660,3.740,0.290,-576.820,-800.320,0.000,-9.130,-1.230
80,1,-408.160,-851.380,20.640,6.260,0.110,-408.160,-851.380,0.000,-3.760,-0.330
80,2,-621.040,-720.900,7.050,9.130,1.160,-621.040,-720.900,0.000,-7.730,4.430
81,0,-579.930,-801.030,5.580,3.400,0.220,-579.930,-801.030,0.000,-9.240,-1.380
81,1,-409.440,-851.490,20.650,6.040,0.110,-409.440,-851.490,0.000,-3.800,-0.340
81,2,-624.290,-719.520,6.850,8.200,1.170,-624.290,-719.520,0.000,-8.100,4.420
82,0,-583.940,-801.958,4.914,3.115,0.288,-583.940,-801.958,0.000,-9.329,-1.547
82,1,-411.094,-851.678,20.446,5.810,0.110,-411.094,-851.678,0.000,-3.840,-0.360
82,2,-628.526,-717.778,6.725,12.826,1.180,-628.526,-717.778,0.000,-8.510,4.380
83,0,-587.894,-802.902,2.900,2.858,0.251,-587.894,-802.902,0.000,-9.314,-1.682
83,1,-412.778,-851.821,20.468,5.746,0.110,-412.778,-851.821,0.000,-3.861,-0.350
83,2,-632.644,-716.134,6.456,6.374,1.211,-632.644,-716.134,0.000,-8.735,4.279
84,0,-592.458,-804.162,6.277,3.493,0.300,-592.458,-804.162,0.000,-9.579,-1.928
84,1,-414.661,-851.998,20.997,6.242,0.110,-414.661,-851.998,0.000,-3.969,-0.369
84,2,-637.168,-714.575,7.061,7.290,1.251,-637.168,-714.575,0.000,-9.088,4.151
