1,0,-279.520,-927.680,0.680,5.260,0.500,-279.520,-927.680,0.000,-2.770,4.370
1,1,-271.250,-840.460,5.170,16.200,1.540,-271.250,-840.460,0.000,-3.660,0.460
1,2,-546.370,-1008.700,15.230,4.170,0.960,-546.370,-1008.700,0.000,1.540,2.620
2,0,-281.590,-924.410,0.700,5.330,0.510,-281.590,-924.410,0.000,-3.480,5.480
2,1,-272.980,-840.890,5.220,16.500,1.490,-272.980,-840.890,0.000,-3.740,-0.050
2,2,-544.580,-1005.700,15.210,4.410,0.950,-544.580,-1005.700,0.000,2.460,4.140
3,0,-283.872,-920.772,0.730,5.410,0.520,-283.872,-920.772,0.000,-4.073,6.434
3,1,-274.739,-840.913,5.251,16.622,1.490,-274.739,-840.913,0.000,-3.871,-0.062
3,2,-542.238,-1001.992,15.310,4.531,0.950,-542.238,-1001.992,0.000,3.403,5.555
4,0,-286.180,-917.280,0.750,5.450,0.530,-286.180,-917.280,0.000,-4.450,6.940
4,1,-276.470,-840.820,16.650,5.320,-0.070,-276.470,-840.820,0.000,-3.940,0.020
4,2,-539.920,-998.620,15.300,4.600,0.970,-539.920,-998.620,0.000,3.970,6.210
5,0,-288.660,-913.700,0.740,5.450,0.530,-288.660,-913.700,0.000,-4.760,7.270
5,1,-278.360,-841.130,5.360,16.820,1.470,-278.360,-841.130,0.000,-4.050,-0.160
5,2,-537.370,-994.850,15.360,4.530,0.970,-537.370,-994.850,0.000,4.440,6.820
6,0,-291.689,-909.401,0.740,5.475,0.540,-291.689,-909.401,0.000,-5.007,7.471
6,1,-280.541,-841.458,5.390,16.952,1.440,-280.541,-841.458,0.000,-4.054,-0.281
6,2,-534.418,-990.348,15.390,4.416,0.985,-534.418,-990.348,0.000,4.720,7.244
7,0,-294.217,-905.984,0.750,5.490,0.550,-294.217,-905.984,0.000,-5.191,7.590
7,1,-282.106,-841.328,17.039,5.420,-0.120,-282.106,-841.328,0.000,-3.979,-0.159
7,2,-532.149,-986.613,15.430,4.350,1.001,-532.149,-986.613,0.000,4.844,7.560
8,0,-296.764,-902.650,0.760,5.500,0.570,-296.764,-902.650,0.000,-5.291,7.560
8,1,-283.654,-841.458,5.876,16.614,1.398,-283.654,-841.458,0.000,-3.879,-0.189
8,2,-529.846,-982.987,15.381,4.369,1.030,-529.846,-982.987,0.000,4.892,7.671
9,0,-299.888,-898.664,0.770,5.520,0.580,-299.888,-898.664,0.000,-5.440,7.560
9,1,-285.544,-841.241,17.080,5.440,-0.080,-285.544,-841.241,0.000,-3.811,-0.050
9,2,-527.330,-978.426,15.440,4.320,1.060,-527.330,-978.426,0.000,4.870,7.900
10,0,-302.549,-895.344,0.780,5.540,0.590,-302.549,-895.344,0.000,-5.530,7.510
10,1,-287.203,-841.270,16.955,5.634,-0.034,-287.203,-841.270,0.000,-3.780,-0.060
10,2,-525.527,-974.477,15.460,4.300,1.060,-525.527,-974.477,0.000,4.691,8.060
11,0,-305.709,-891.718,0.770,5.560,0.590,-305.709,-891.718,0.000,-5.671,7.430
11,1,-289.052,-841.430,5.760,16.850,1.477,-289.052,-841.430,0.000,-3.751,-0.120
11,2,-523.659,-970.074,15.460,4.350,1.070,-523.659,-970.074,0.000,4.469,8.191
12,0,-309.068,-887.929,0.770,5.570,0.600,-309.068,-887.929,0.000,-5.830,7.369
12,1,-291.001,-841.560,5.607,17.024,1.506,-291.001,-841.560,0.000,-3.730,-0.150
12,2,-521.799,-965.355,15.470,4.360,1.090,-521.799,-965.355,0.000,4.249,8.350
13,0,-312.120,-884.410,0.770,5.580,0.610,-312.120,-884.410,0.000,-5.850,7.250
13,1,-292.870,-841.610,17.200,5.430,-0.040,-292.870,-841.610,0.000,-3.710,-0.130
13,2,-520.070,-961.060,15.470,4.350,1.090,-520.070,-961.060,0.000,4.060,8.360
14,0,-314.756,-881.633,0.770,5.580,0.620,-314.756,-881.633,0.000,-5.899,7.092
14,1,-294.279,-841.806,5.849,16.772,1.483,-294.279,-841.806,0.000,-3.621,-0.199
14,2,-518.889,-957.451,15.460,4.380,1.100,-518.889,-957.451,0.000,3.803,8.350
15,0,-318.840,-877.450,0.770,5.580,0.630,-318.840,-877.450,0.000,-6.000,6.910
15,1,-296.450,-842.050,5.410,17.180,1.540,-296.450,-842.050,0.000,-3.550,-0.240
15,2,-517.090,-951.900,15.450,4.400,1.110,-517.090,-951.900,0.000,3.520,8.400
16,0,-320.964,-875.306,0.770,5.580,0.630,-320.964,-875.306,0.000,-6.060,6.840
16,1,-297.667,-842.075,17.185,5.420,-0.025,-297.667,-842.075,0.000,-3.560,-0.220
16,2,-516.213,-948.958,15.455,4.410,1.115,-516.213,-948.958,0.000,3.390,8.465
17,0,-324.597,-872.102,0.780,5.590,0.640,-324.597,-872.102,0.000,-6.190,6.601
17,1,-299.614,-842.310,17.170,5.410,-0.020,-299.614,-842.310,0.000,-3.550,-0.270
17,2,-515.144,-944.198,15.440,4.440,1.130,-515.144,-944.198,0.000,3.041,8.519
18,0,-326.720,-870.110,0.780,5.590,0.650,-326.720,-870.110,0.000,-6.260,6.550
18,1,-300.790,-842.400,17.160,5.410,-0.010,-300.790,-842.400,0.000,-3.570,-0.270
18,2,-514.420,-941.330,15.440,4.440,1.140,-514.420,-941.330,0.000,2.930,8.580
19,0,-330.336,-866.817,0.780,5.600,0.660,-330.336,-866.817,0.000,-6.358,6.422
19,1,-303.096,-842.608,17.043,5.410,-0.010,-303.096,-842.608,0.000,-3.737,-0.300
19,2,-513.236,-936.544,15.440,4.460,1.150,-513.236,-936.544,0.000,2.743,8.639
20,0,-334.080,-863.660,0.800,5.600,0.680,-334.080,-863.660,0.000,-6.490,6.280
20,1,-304.950,-842.860,17.060,5.400,-0.000,-304.950,-842.860,0.000,-3.650,-0.340
20,2,-512.310,-931.670,15.460,4.480,1.170,-512.310,-931.670,0.000,2.500,8.720
21,0,-337.070,-861.025,0.820,5.610,0.690,-337.070,-861.025,0.000,-6.578,6.247
21,1,-306.481,-843.053,17.056,5.370,0.000,-306.481,-843.053,0.000,-3.629,-0.355
21,2,-511.593,-927.661,15.465,4.480,1.185,-511.593,-927.661,0.000,2.328,8.839
22,0,-340.138,-858.577,0.850,5.620,0.710,-340.138,-858.577,0.000,-6.689,6.131
22,1,-308.118,-843.346,16.767,5.703,0.047,-308.118,-843.346,0.000,-3.669,-0.429
22,2,-511.034,-923.698,15.480,4.480,1.200,-511.034,-923.698,0.000,2.122,8.909
23,0,-344.080,-855.425,0.865,5.620,0.720,-344.080,-855.425,0.000,-6.845,6.070
23,1,-310.430,-843.420,17.180,5.355,0.010,-310.430,-843.420,0.000,-3.815,-0.360
23,2,-510.360,-918.685,15.490,4.490,1.215,-510.360,-918.685,0.000,1.915,9.015
24,0,-347.075,-853.012,0.880,5.620,0.730,-347.075,-853.012,0.000,-6.919,6.020
24,1,-312.092,-843.550,17.230,5.340,0.010,-312.092,-843.550,0.000,-3.860,-0.341
24,2,-509.941,-914.909,15.480,4.500,1.230,-509.941,-914.909,0.000,1.741,9.030
25,0,-350.390,-850.280,0.890,5.630,0.740,-350.390,-850.280,0.000,-7.000,6.030
25,1,-313.860,-843.290,17.280,5.360,0.020,-313.860,-843.290,0.000,-3.860,-0.160
25,2,-509.600,-910.510,15.480,4.520,1.240,-509.600,-910.510,0.000,1.540,9.160
26,0,-354.001,-847.629,0.920,5.630,0.760,-354.001,-847.629,0.000,-7.000,5.832
26,1,-315.676,-843.248,17.350,5.380,0.020,-315.676,-843.248,0.000,-3.790,-0.109
26,2,-509.334,-905.982,15.490,4.540,1.260,-509.334,-905.982,0.000,1.320,9.082
27,0,-357.872,-844.935,0.930,5.640,0.770,-357.872,-844.935,0.000,-7.091,5.679
27,1,-317.631,-843.441,17.380,5.380,0.030,-317.631,-843.441,0.000,-3.780,-0.171
27,2,-509.040,-901.284,15.490,4.560,1.270,-509.040,-901.284,0.000,1.139,9.060
28,0,-361.074,-842.733,0.950,5.640,0.780,-361.074,-842.733,0.000,-7.179,5.581
28,1,-319.115,-843.579,17.419,5.390,0.030,-319.115,-843.579,0.000,-3.721,-0.200
28,2,-508.979,-897.422,15.490,4.580,1.290,-508.979,-897.422,0.000,0.953,9.060
29,0,-363.550,-841.130,0.960,5.640,0.790,-363.550,-841.130,0.000,-7.260,5.490
29,1,-320.100,-843.690,17.400,5.400,0.030,-320.100,-843.690,0.000,-3.620,-0.220
29,2,-508.970,-894.440,15.500,4.590,1.300,-508.970,-894.440,0.000,0.820,9.100
30,0,-370.120,-837.590,0.980,5.650,0.800,-370.120,-837.590,0.000,-7.430,5.100
30,1,-323.220,-844.720,17.440,5.410,0.040,-323.220,-844.720,0.000,-3.650,-0.520
30,2,-508.930,-887.540,4.610,15.460,-0.250,-508.930,-887.540,0.000,0.570,8.820
31,0,-373.150,-835.600,0.990,5.660,0.810,-373.150,-835.600,0.000,-7.290,4.970
31,1,-324.550,-844.680,17.440,5.420,0.040,-324.550,-844.680,0.000,-3.510,-0.400
31,2,-508.930,-883.980,4.610,15.440,-0.240,-508.930,-883.980,0.000,0.440,8.640
32,0,-376.153,-833.854,1.000,5.660,0.830,-376.153,-833.854,0.000,-7.230,4.780
32,1,-325.777,-844.690,17.440,5.430,0.040,-325.777,-844.690,0.000,-3.380,-0.330
32,2,-509.449,-880.348,4.630,15.450,-0.220,-509.449,-880.348,0.000,0.111,8.600
33,0,-379.770,-831.690,1.030,5.660,0.850,-379.770,-831.690,0.000,-7.390,4.780
33,1,-327.370,-844.720,17.450,5.440,0.040,-327.370,-844.720,0.000,-3.410,-0.270
33,2,-509.980,-876.030,4.640,15.440,-0.200,-509.980,-876.030,0.000,-0.160,8.800
34,0,-383.420,-829.720,1.040,5.670,0.860,-383.420,-829.720,0.000,-7.540,4.690
34,1,-329.030,-844.820,17.440,5.450,0.050,-329.030,-844.820,0.000,-3.470,-0.260
34,2,-510.580,-871.850,4.650,15.440,-0.180,-510.580,-871.850,0.000,-0.410,8.900
35,0,-386.843,-827.849,1.050,5.690,0.870,-386.843,-827.849,0.000,-7.679,4.650
35,1,-330.522,-844.919,17.430,5.450,0.050,-330.522,-844.919,0.000,-3.500,-0.260
35,2,-510.978,-867.949,4.660,15.450,-0.170,-510.978,-867.949,0.000,-0.510,8.990
36,0,-390.816,-825.688,1.065,5.715,0.885,-390.816,-825.688,0.000,-7.966,4.715
36,1,-332.252,-845.021,11.940,10.969,0.771,-332.252,-845.021,0.000,-3.589,-0.254
36,2,-511.525,-863.535,4.670,15.445,-0.155,-511.525,-863.535,0.000,-0.660,9.226
37,0,-394.862,-823.798,1.080,5.750,0.900,-394.862,-823.798,0.000,-8.237,4.652
37,1,-333.988,-845.267,16.869,6.060,0.128,-333.988,-845.267,0.000,-3.678,-0.319
37,2,-512.487,-859.041,4.690,15.479,-0.130,-512.487,-859.041,0.000,-0.966,9.459
38,0,-399.597,-821.519,1.095,5.780,0.920,-399.597,-821.519,0.000,-8.370,4.550
38,1,-336.026,-845.425,17.440,5.465,0.050,-336.026,-845.425,0.000,-3.700,-0.315
38,2,-513.603,-853.774,4.700,15.515,-0.110,-513.603,-853.774,0.000,-1.220,9.535
39,0,-403.800,-819.500,1.120,5.790,0.930,-403.800,-819.500,0.000,-8.320,4.400
39,1,-337.890,-845.640,5.460,17.420,1.620,-337.890,-845.640,0.000,-3.680,-0.330
39,2,-514.640,-849.270,4.710,15.500,-0.090,-514.640,-849.270,0.000,-1.400,9.340
40,0,-407.370,-817.870,1.130,5.820,0.940,-407.370,-817.870,0.000,-8.300,4.280
40,1,-339.460,-845.640,17.410,5.470,0.050,-339.460,-845.640,0.000,-3.670,-0.270
40,2,-515.560,-845.630,4.720,15.450,-0.070,-515.560,-845.630,0.000,-1.540,9.160
41,0,-410.870,-816.420,1.150,5.850,0.940,-410.870,-816.420,0.000,-8.320,4.140
41,1,-340.980,-845.770,17.390,5.460,0.050,-340.980,-845.770,0.000,-3.670,-0.280
41,2,-516.540,-842.020,4.730,15.420,-0.050,-516.540,-842.020,0.000,-1.690,9.070
42,0,-414.370,-815.060,1.170,5.870,0.950,-414.370,-815.060,0.000,-8.330,3.970
42,1,-342.520,-845.840,17.360,5.470,0.050,-342.520,-845.840,0.000,-3.670,-0.260
42,2,-517.720,-838.380,4.740,15.380,-0.030,-517.720,-838.380,0.000,-1.900,9.000
43,0,-419.610,-813.060,1.200,5.900,0.940,-419.610,-813.060,0.000,-8.250,3.720
43,1,-344.860,-845.970,17.340,5.470,0.060,-344.860,-845.970,0.000,-3.650,-0.240
43,2,-519.310,-833.270,4.740,15.280,-0.000,-519.310,-833.270,0.000,-2.050,8.670
44,0,-423.200,-811.790,1.230,5.920,0.950,-423.200,-811.790,0.000,-8.190,3.530
44,1,-346.460,-846.150,17.320,5.480,0.060,-346.460,-846.150,0.000,-3.630,-0.280
44,2,-520.500,-829.540,4.750,15.280,0.010,-520.500,-829.540,0.000,-2.170,8.590
45,0,-427.020,-810.450,1.220,5.940,0.960,-427.020,-810.450,0.000,-8.250,3.420
45,1,-348.050,-846.330,5.480,17.300,1.630,-348.050,-846.330,0.000,-3.610,-0.300
45,2,-521.770,-825.980,4.750,15.200,0.020,-521.770,-825.980,0.000,-2.310,8.450
46,0,-430.963,-809.194,1.220,5.970,0.970,-430.963,-809.194,0.000,-8.429,3.311
46,1,-349.752,-846.499,17.300,5.480,0.060,-349.752,-846.499,0.000,-3.679,-0.320
46,2,-523.501,-821.958,4.760,15.200,0.040,-523.501,-821.958,0.000,-2.648,8.619
47,0,-435.260,-807.855,1.240,5.980,0.970,-435.260,-807.855,0.000,-8.606,3.220
47,1,-351.778,-846.659,17.320,5.490,0.060,-351.778,-846.659,0.000,-3.828,-0.320
47,2,-525.267,-817.977,4.760,15.140,0.060,-525.267,-817.977,0.000,-2.896,8.617
48,0,-439.580,-806.495,1.260,5.990,0.990,-439.580,-806.495,0.000,-8.791,3.180
48,1,-353.789,-846.863,17.093,5.727,0.091,-353.789,-846.863,0.000,-3.950,-0.351
48,2,-527.248,-813.675,4.770,15.149,0.080,-527.248,-813.675,0.000,-3.201,8.789
49,0,-443.745,-805.173,1.285,6.000,1.000,-443.745,-805.173,0.000,-9.030,3.190
49,1,-355.476,-846.975,17.345,5.495,0.060,-355.476,-846.975,0.000,-3.970,-0.325
49,2,-529.141,-809.859,4.775,15.085,0.105,-529.141,-809.859,0.000,-3.450,8.875
50,0,-448.710,-803.560,1.300,6.010,1.015,-448.710,-803.560,0.000,-9.080,3.145
50,1,-357.540,-846.990,17.355,5.500,0.060,-357.540,-846.990,0.000,-3.935,-0.255
50,2,-531.390,-805.180,4.780,15.035,0.125,-531.390,-805.180,0.000,-3.625,8.835
51,0,-452.770,-802.440,1.320,6.020,1.030,-452.770,-802.440,0.000,-9.060,3.010
51,1,-359.240,-847.110,17.350,5.500,0.060,-359.240,-847.110,0.000,-3.900,-0.260
51,2,-533.220,-801.710,4.780,14.960,0.140,-533.220,-801.710,0.000,-3.710,8.600
52,0,-457.330,-801.415,1.330,6.030,1.050,-457.330,-801.415,0.000,-8.989,2.777
52,1,-361.193,-847.362,17.320,5.510,0.060,-361.193,-847.362,0.000,-3.860,-0.310
52,2,-535.496,-797.769,4.790,14.899,0.160,-535.496,-797.769,0.000,-3.851,8.356
53,0,-461.219,-800.611,1.355,6.035,1.065,-461.219,-800.611,0.000,-8.999,2.606
53,1,-362.779,-847.503,17.320,5.510,0.060,-362.779,-847.503,0.000,-3.826,-0.305
53,2,-537.649,-794.407,4.795,14.835,0.185,-537.649,-794.407,0.000,-4.067,8.259
54,0,-465.091,-799.769,1.370,6.030,1.080,-465.091,-799.769,0.000,-9.030,2.489
54,1,-364.173,-847.561,17.325,5.520,0.070,-364.173,-847.561,0.000,-3.725,-0.275
54,2,-539.814,-790.976,4.800,14.784,0.205,-539.814,-790.976,0.000,-4.276,8.239
55,0,-469.040,-799.050,6.020,1.390,-0.470,-469.040,-799.050,0.000,-9.070,2.330
55,1,-365.810,-847.710,17.320,5.520,0.070,-365.810,-847.710,0.000,-3.750,-0.290
55,2,-541.930,-787.670,4.800,14.710,0.220,-541.930,-787.670,0.000,-4.400,8.130
56,0,-473.340,-798.342,1.400,6.030,1.120,-473.340,-798.342,0.000,-9.169,2.170
56,1,-367.905,-847.900,17.250,5.530,0.070,-367.905,-847.900,0.000,-3.939,-0.320
56,2,-544.354,-784.248,4.800,14.630,0.240,-544.354,-784.248,0.000,-4.599,8.030
57,0,-477.380,-797.600,1.410,6.020,1.130,-477.380,-797.600,0.000,-9.260,2.100
57,1,-369.810,-848.020,17.190,5.530,0.070,-369.810,-848.020,0.000,-4.060,-0.310
57,2,-546.750,-780.750,4.810,14.600,0.250,-546.750,-780.750,0.000,-4.820,8.100
58,0,-481.450,-797.098,1.420,6.010,1.140,-481.450,-797.098,0.000,-9.351,1.928
58,1,-371.744,-848.292,17.119,5.540,0.070,-371.744,-848.292,0.000,-4.161,-0.371
58,2,-549.151,-777.297,4.810,14.580,0.270,-549.151,-777.297,0.000,-4.993,8.130
59,0,-485.790,-796.650,1.440,6.000,1.160,-485.790,-796.650,0.000,-9.410,1.750
59,1,-373.800,-848.530,17.030,5.540,0.070,-373.800,-848.530,0.000,-4.250,-0.400
59,2,-552.190,-773.680,4.810,14.580,0.290,-552.190,-773.680,0.000,-5.340,8.120
60,0,-491.398,-795.981,1.455,6.005,1.180,-491.398,-795.981,0.000,-9.327,1.577
60,1,-375.922,-848.645,17.028,5.550,0.070,-375.922,-848.645,0.000,-4.028,-0.346
60,2,-555.845,-769.357,4.820,14.529,0.315,-555.845,-769.357,0.000,-5.490,7.830
61,0,-495.131,-795.661,1.470,6.000,1.190,-495.131,-795.661,0.000,-9.260,1.421
61,1,-376.835,-848.719,17.110,5.560,0.070,-376.835,-848.719,0.000,-3.681,-0.320
61,2,-558.538,-766.125,4.820,14.580,0.340,-558.538,-766.125,0.000,-5.670,7.810
62,0,-500.079,-795.479,1.490,6.020,1.220,-500.079,-795.479,0.000,-9.250,1.170
62,1,-378.003,-848.900,17.260,5.570,0.080,-378.003,-848.900,0.000,-3.330,-0.320
62,2,-561.797,-762.953,4.820,14.510,0.370,-561.797,-762.953,0.000,-5.751,7.350
63,0,-504.090,-795.200,1.500,6.030,1.240,-504.090,-795.200,0.000,-9.260,1.070
63,1,-379.260,-848.980,17.340,5.570,0.080,-379.260,-848.980,0.000,-3.250,-0.290
63,2,-564.530,-760.170,4.830,14.470,0.390,-564.530,-760.170,0.000,-5.860,7.160
64,0,-508.179,-795.020,1.510,6.020,1.250,-508.179,-795.020,0.000,-9.198,0.928
64,1,-380.645,-849.112,17.421,5.580,0.080,-380.645,-849.112,0.000,-3.210,-0.300
64,2,-567.356,-757.469,4.830,14.398,0.410,-567.356,-757.469,0.000,-5.939,6.915
65,0,-512.798,-794.950,1.530,6.000,1.280,-512.798,-794.950,0.000,-9.150,0.750
65,1,-382.297,-849.270,17.530,5.580,0.080,-382.297,-849.270,0.000,-3.210,-0.300
65,2,-570.192,-754.999,4.810,14.169,0.430,-570.192,-754.999,0.000,-5.840,6.429
66,0,-516.722,-794.851,1.540,5.980,1.300,-516.722,-794.851,0.000,-9.150,0.651
66,1,-383.769,-849.359,17.619,5.590,0.080,-383.769,-849.359,0.000,-3.249,-0.280
66,2,-573.039,-752.189,4.790,14.081,0.450,-573.039,-752.189,0.000,-5.989,6.450
67,0,-520.889,-794.779,5.980,1.550,-0.265,-520.889,-794.779,0.000,-9.170,0.554
67,1,-385.315,-849.512,17.671,5.590,0.080,-385.315,-849.512,0.000,-3.291,-0.295
67,2,-575.923,-749.596,4.790,13.989,0.470,-575.923,-749.596,0.000,-6.071,6.313
68,0,-525.175,-794.780,5.970,1.560,-0.250,-525.175,-794.780,0.000,-9.230,0.445
68,1,-386.984,-849.640,17.730,5.595,0.085,-386.984,-849.640,0.000,-3.365,-0.285
68,2,-579.262,-746.803,4.790,13.910,0.490,-579.262,-746.803,0.000,-6.331,6.280
69,0,-528.360,-794.740,5.960,1.570,-0.240,-528.360,-794.740,0.000,-9.280,0.390
69,1,-388.220,-849.690,17.760,5.600,0.090,-388.220,-849.690,0.000,-3.420,-0.270
69,2,-581.650,-744.770,4.800,13.860,0.500,-581.650,-744.770,0.000,-6.460,6.260
70,0,-534.514,-794.983,5.970,1.580,-0.220,-534.514,-794.983,0.000,-9.379,0.178
70,1,-390.695,-849.911,17.821,5.600,0.090,-390.695,-849.911,0.000,-3.550,-0.290
70,2,-586.307,-741.212,4.800,13.688,0.530,-586.307,-741.212,0.000,-6.691,6.067
71,0,-538.395,-795.193,5.950,1.590,-0.210,-538.395,-795.193,0.000,-9.329,0.051
71,1,-392.324,-850.029,17.880,5.600,0.090,-392.324,-850.029,0.000,-3.600,-0.290
71,2,-589.482,-738.951,4.800,13.556,0.545,-589.482,-738.951,0.000,-6.839,5.926
72,0,-542.151,-795.489,5.960,1.600,-0.190,-542.151,-795.489,0.000,-9.330,-0.090
72,1,-393.836,-850.150,17.930,5.610,0.090,-393.836,-850.150,0.000,-3.620,-0.290
72,2,-592.104,-737.184,13.307,4.843,0.570,-592.104,-737.184,0.000,-6.771,5.641
73,0,-546.249,-795.752,5.950,1.610,-0.180,-546.249,-795.752,0.000,-9.341,-0.191
73,1,-395.567,-850.180,17.981,5.610,0.090,-395.567,-850.180,0.000,-3.690,-0.250
73,2,-595.242,-735.062,4.937,12.971,0.600,-595.242,-735.062,0.000,-6.849,5.489
74,0,-551.575,-796.397,5.980,1.625,-0.150,-551.575,-796.397,0.000,-9.499,-0.428
74,1,-397.585,-850.412,18.075,5.620,0.090,-397.585,-850.412,0.000,-3.715,-0.290
74,2,-599.022,-732.801,8.400,9.120,0.630,-599.022,-732.801,0.000,-6.931,5.213
75,0,-556.022,-796.887,5.930,1.630,-0.135,-556.022,-796.887,0.000,-9.274,-0.550
75,1,-399.452,-850.591,18.130,5.620,0.090,-399.452,-850.591,0.000,-3.685,-0.300
75,2,-602.810,-730.466,4.750,12.539,0.655,-602.810,-730.466,0.000,-7.010,5.049
76,0,-559.660,-797.330,5.880,1.640,-0.120,-559.660,-797.330,0.000,-9.110,-0.640
76,1,-400.980,-850.710,18.180,5.620,0.090,-400.980,-850.710,0.000,-3.660,-0.300
76,2,-605.770,-728.720,12.330,4.720,0.670,-605.770,-728.720,0.000,-6.980,4.850
77,0,-564.186,-797.948,5.819,1.650,-0.110,-564.186,-797.948,0.000,-9.020,-0.762
77,1,-402.861,-850.823,18.241,5.620,0.090,-402.861,-850.823,0.000,-3.650,-0.281
77,2,-609.693,-726.491,12.088,4.690,0.700,-609.693,-726.491,0.000,-7.101,4.718
78,0,-568.833,-798.906,5.755,1.650,-0.085,-568.833,-798.906,0.000,-8.955,-0.995
78,1,-404.783,-851.105,18.305,5.630,0.090,-404.783,-851.105,0.000,-3.640,-0.330
78,2,-613.732,-724.521,11.810,4.645,0.725,-613.732,-724.521,0.000,-7.215,4.490
79,0,-573.076,-799.703,5.671,1.650,-0.060,-573.076,-799.703,0.000,-8.727,-1.114
79,1,-406.594,-851.243,18.375,5.630,0.100,-406.594,-851.243,0.000,-3.585,-0.315
79,2,-617.658,-722.619,11.508,4.591,0.755,-617.658,-722.619,0.000,-7.254,4.282
80,0,-576.760,-800.290,5.630,1.660,-0.050,-576.760,-800.290,0.000,-8.680,-1.160
80,1,-408.120,-851.330,18.400,5.630,0.100,-408.120,-851.330,0.000,-3.570,-0.290
80,2,-621.260,-720.780,4.590,11.430,0.770,-621.260,-720.780,0.000,-7.460,4.280
81,0,-580.328,-800.992,5.594,1.660,-0.040,-580.328,-800.992,0.000,-8.665,-1.264
81,1,-409.644,-851.424,18.436,5.630,0.100,-409.644,-851.424,0.000,-3.595,-0.286
81,2,-624.833,-719.104,4.575,11.322,0.785,-624.833,-719.104,0.000,-7.679,4.232
82,0,-584.020,-801.840,5.560,1.660,-0.030,-584.020,-801.840,0.000,-8.700,-1.410
82,1,-411.170,-851.610,18.470,5.630,0.100,-411.170,-851.610,0.000,-3.600,-0.310
82,2,-628.730,-717.490,4.580,11.250,0.800,-628.730,-717.490,0.000,-8.000,4.160
83,0,-588.700,-803.150,5.430,1.660,0.000,-588.700,-803.150,0.000,-8.780,-1.660
83,1,-413.180,-851.800,18.560,5.630,0.100,-413.180,-851.800,0.000,-3.660,-0.320
83,2,-633.590,-715.850,4.560,10.950,0.840,-633.590,-715.850,0.000,-8.310,3.940
84,0,-592.650,-804.150,5.420,1.660,0.010,-592.650,-804.150,0.000,-8.850,-1.790
84,1,-414.810,-852.020,18.590,5.630,0.100,-414.810,-852.020,0.000,-3.680,-0.360
84,2,-637.410,-714.380,4.560,10.880,0.850,-637.410,-714.380,0.000,-8.410,3.830
