0.86,0,-278.32,-929.58,1.11,8.41,0.46,-278.32,-929.58,0.00,-2.63,4.34 
0.86,1,-270.33,-840.38,1.52,1.42,0.09,-270.33,-840.38,0.00,-3.27,0.76 
0.86,2,-547.27,-1010.40,2.06,1.21,0.99,-547.27,-1010.40,0.00,1.69,2.80 
0.98,0,-278.95,-928.61,1.07,8.30,0.46,-278.95,-928.61,0.00,-2.97,4.83 
0.98,1,-271.04,-840.28,1.69,1.46,0.09,-271.04,-840.28,0.00,-3.62,0.77 
0.98,2,-546.85,-1009.53,2.26,1.27,0.92,-546.85,-1009.53,0.00,1.93,3.39 
1.22,0,-279.93,-926.92,1.19,8.20,0.58,-279.93,-926.92,0.00,-3.25,5.38 
1.22,1,-272.12,-840.49,1.74,1.61,1.29,-272.12,-840.49,0.00,-3.85,0.38 
1.22,2,-546.01,-1008.01,2.49,1.33,0.93,-546.01,-1008.01,0.00,2.32,4.11 
1.42,0,-281.00,-925.22,1.02,8.64,0.51,-281.00,-925.22,0.00,-3.62,5.93 
1.42,1,-272.75,-840.60,1.79,1.83,1.51,-272.75,-840.60,0.00,-3.72,0.21 
1.42,2,-545.07,-1006.44,2.77,1.39,0.94,-545.07,-1006.44,0.00,2.74,4.77 
1.42,0,-281.66,-924.26,1.05,7.98,0.49,-281.66,-924.26,0.00,-3.88,6.24 
1.42,1,-273.03,-840.84,1.86,2.05,1.32,-273.03,-840.84,0.00,-3.64,-0.01 
1.42,2,-544.43,-1005.42,3.09,1.47,0.95,-544.43,-1005.42,0.00,3.05,5.23 
1.53,0,-282.29,-923.29,0.95,7.93,0.51,-282.29,-923.29,0.00,-4.07,6.51 
1.53,1,-273.64,-840.71,2.12,2.12,0.09,-273.64,-840.71,0.00,-3.83,0.09 
1.53,2,-543.77,-1004.38,3.48,1.55,0.95,-543.77,-1004.38,0.00,3.34,5.65 
1.73,0,-283.37,-921.64,0.94,8.00,0.52,-283.37,-921.64,0.00,-4.26,6.77 
1.73,1,-274.34,-840.78,2.20,2.48,1.51,-274.34,-840.78,0.00,-3.78,0.03 
1.73,2,-542.73,-1002.73,3.92,1.64,0.96,-542.73,-1002.73,0.00,3.60,6.03 
1.94,0,-284.53,-919.86,0.93,7.77,0.54,-284.53,-919.86,0.00,-4.43,6.99 
1.94,1,-275.24,-840.98,2.30,2.83,1.29,-275.24,-840.98,0.00,-3.84,-0.11 
1.94,2,-541.64,-1001.01,4.43,1.76,0.97,-541.64,-1001.01,0.00,3.82,6.32 
2.04,0,-285.11,-918.88,1.39,7.76,0.61,-285.11,-918.88,0.00,-4.52,7.17 
2.04,1,-275.65,-840.84,2.72,2.95,0.09,-275.65,-840.84,0.00,-3.86,-0.01 
2.04,2,-541.01,-1000.04,5.01,1.90,0.98,-541.01,-1000.04,0.00,3.98,6.54 
2.16,0,-285.79,-917.86,0.90,7.20,0.58,-285.79,-917.86,0.00,-4.61,7.28 
2.16,1,-276.10,-840.73,3.24,3.08,0.09,-276.10,-840.73,0.00,-3.85,0.06 
2.16,2,-540.31,-998.94,5.71,2.06,0.98,-540.31,-998.94,0.00,4.13,6.76 
2.26,0,-286.41,-916.97,1.23,7.42,0.50,-286.41,-916.97,0.00,-4.71,7.38 
2.26,1,-276.48,-840.65,3.88,3.23,0.09,-276.48,-840.65,0.00,-3.85,0.10 
2.26,2,-539.62,-998.11,6.33,2.29,1.15,-539.62,-998.11,0.00,4.30,6.84 
2.36,0,-287.00,-916.06,0.83,7.08,0.60,-287.00,-916.06,0.00,-4.77,7.47 
2.36,1,-276.84,-840.71,3.99,4.15,1.52,-276.84,-840.71,0.00,-3.83,0.06 
2.36,2,-539.01,-997.23,7.34,2.50,0.99,-539.01,-997.23,0.00,4.40,6.95 
2.48,0,-287.66,-915.10,0.95,6.59,0.57,-287.66,-915.10,0.00,-4.83,7.52 
2.48,1,-277.37,-840.80,4.18,5.11,1.33,-277.37,-840.80,0.00,-3.87,0.00 
2.48,2,-538.40,-996.19,8.36,2.77,1.00,-538.40,-996.19,0.00,4.46,7.08 
2.69,0,-288.79,-913.39,0.94,6.69,0.62,-288.79,-913.39,0.00,-4.89,7.58 
2.69,1,-278.25,-840.91,4.40,6.24,1.31,-278.25,-840.91,0.00,-3.91,-0.06 
2.69,2,-537.24,-994.48,9.80,3.00,1.01,-537.24,-994.48,0.00,4.57,7.19 
2.79,0,-289.38,-912.55,1.03,6.52,0.60,-289.38,-912.55,0.00,-4.94,7.62 
2.79,1,-278.69,-841.01,4.66,7.60,1.30,-278.69,-841.01,0.00,-3.93,-0.11 
2.79,2,-536.73,-993.58,10.93,3.39,1.01,-536.73,-993.58,0.00,4.60,7.29 
2.90,0,-289.99,-911.69,1.25,6.96,0.52,-289.99,-911.69,0.00,-5.00,7.67 
2.90,1,-279.13,-841.09,4.92,9.19,1.30,-279.13,-841.09,0.00,-3.95,-0.15 
2.90,2,-536.07,-992.74,16.91,4.33,1.05,-536.07,-992.74,0.00,4.71,7.34 
3.01,0,-290.71,-910.68,1.17,7.80,0.65,-290.71,-910.68,0.00,-5.07,7.74 
3.01,1,-279.67,-841.19,5.26,10.84,1.30,-279.67,-841.19,0.00,-4.00,-0.19 
3.01,2,-535.42,-991.60,19.29,5.64,1.03,-535.42,-991.60,0.00,4.76,7.50 
3.54,0,-293.65,-906.35,1.47,7.79,0.66,-293.65,-906.35,0.00,-5.18,7.83 
3.54,1,-281.75,-841.14,16.87,6.76,0.09,-281.75,-841.14,0.00,-3.97,-0.12 
3.54,2,-532.78,-987.13,19.23,6.04,1.06,-532.78,-987.13,0.00,4.81,7.71 
3.66,0,-294.43,-905.33,1.48,7.20,0.67,-294.43,-905.33,0.00,-5.26,7.88 
3.66,1,-282.18,-841.04,16.60,6.61,0.09,-282.18,-841.04,0.00,-3.96,-0.06 
3.66,2,-531.87,-986.07,16.80,7.42,1.44,-531.87,-986.07,0.00,4.97,7.79 
3.88,0,-295.73,-903.54,1.50,6.91,0.67,-295.73,-903.54,0.00,-5.34,7.92 
3.88,1,-283.07,-840.96,18.29,6.36,0.09,-283.07,-840.96,0.00,-3.97,-0.02 
3.88,2,-530.53,-984.22,16.99,5.48,1.35,-530.53,-984.22,0.00,5.10,7.87 
3.88,0,-296.41,-902.67,1.60,7.23,0.64,-296.41,-902.67,0.00,-5.41,7.96 
3.88,1,-283.49,-841.04,6.31,17.93,1.36,-283.49,-841.04,0.00,-3.99,-0.06 
3.88,2,-530.13,-983.14,17.11,7.10,1.08,-530.13,-983.14,0.00,5.05,8.01 
4.09,0,-297.72,-900.88,1.56,7.00,0.67,-297.72,-900.88,0.00,-5.48,7.99 
4.09,1,-284.24,-840.93,18.04,6.70,0.09,-284.24,-840.93,0.00,-3.93,0.00 
4.09,2,-529.14,-981.11,17.70,7.11,1.09,-529.14,-981.11,0.00,4.99,8.16 
4.21,0,-298.47,-899.99,2.05,6.03,0.69,-298.47,-899.99,0.00,-5.53,7.97 
4.21,1,-284.74,-840.94,18.13,5.62,0.09,-284.74,-840.94,0.00,-3.95,-0.00 
4.21,2,-528.53,-980.08,16.53,2.97,1.09,-528.53,-980.08,0.00,5.01,8.19 
4.64,0,-301.01,-896.64,2.09,5.84,0.66,-301.01,-896.64,0.00,-5.60,7.92 
4.64,1,-286.43,-840.90,18.56,5.96,0.09,-286.43,-840.90,0.00,-3.94,0.02 
4.64,2,-526.50,-976.32,16.62,5.56,1.11,-526.50,-976.32,0.00,4.94,8.29 
4.76,0,-301.77,-895.80,1.93,5.70,0.69,-301.77,-895.80,0.00,-5.65,7.88 
4.76,1,-286.75,-841.01,5.83,17.87,1.51,-286.75,-841.01,0.00,-3.87,-0.04 
4.76,2,-526.14,-975.15,16.26,7.35,1.12,-526.14,-975.15,0.00,4.84,8.39 
4.88,0,-302.51,-894.95,1.86,5.69,0.71,-302.51,-894.95,0.00,-5.69,7.84 
4.88,1,-287.18,-840.98,18.71,5.84,0.07,-287.18,-840.98,0.00,-3.86,-0.02 
4.88,2,-525.77,-974.05,16.00,7.09,1.12,-525.77,-974.05,0.00,4.74,8.45 
5.09,0,-303.81,-893.46,2.38,6.70,0.68,-303.81,-893.46,0.00,-5.73,7.74 
5.09,1,-287.99,-841.03,18.47,6.02,0.09,-287.99,-841.03,0.00,-3.85,-0.04 
5.09,2,-524.97,-972.23,16.34,6.73,1.13,-524.97,-972.23,0.00,4.63,8.44 
5.20,0,-304.71,-892.56,2.63,8.62,0.62,-304.71,-892.56,0.00,-5.88,7.80 
5.20,1,-288.42,-841.20,6.58,16.89,1.52,-288.42,-841.20,0.00,-3.87,-0.12 
5.20,2,-524.54,-971.05,18.07,6.67,1.15,-524.54,-971.05,0.00,4.61,8.61 
5.49,0,-306.69,-890.28,2.49,6.44,0.63,-306.69,-890.28,0.00,-5.99,7.78 
5.49,1,-289.49,-841.38,6.26,17.97,1.53,-289.49,-841.38,0.00,-3.83,-0.19 
5.49,2,-523.25,-968.32,16.86,5.41,1.16,-523.25,-968.32,0.00,4.57,8.68 
5.59,0,-307.46,-889.54,2.30,6.51,0.64,-307.46,-889.54,0.00,-6.08,7.75 
5.59,1,-290.01,-841.40,18.96,5.74,0.09,-290.01,-841.40,0.00,-3.89,-0.20 
5.59,2,-522.89,-967.36,15.54,5.39,1.17,-522.89,-967.36,0.00,4.52,8.73 
5.81,0,-308.93,-887.92,2.13,6.15,0.66,-308.93,-887.92,0.00,-6.15,7.72 
5.81,1,-290.77,-841.52,5.81,17.99,1.55,-290.77,-841.52,0.00,-3.85,-0.24 
5.81,2,-522.05,-965.31,16.66,6.63,1.21,-522.05,-965.31,0.00,4.45,8.80 
6.01,0,-310.28,-886.39,1.82,6.11,0.75,-310.28,-886.39,0.00,-6.21,7.71 
6.01,1,-291.51,-841.63,5.57,17.00,1.54,-291.51,-841.63,0.00,-3.83,-0.26 
6.01,2,-521.29,-963.45,15.53,5.66,1.19,-521.29,-963.45,0.00,4.38,8.85 
6.13,0,-311.11,-885.57,1.98,5.90,0.66,-311.11,-885.57,0.00,-6.26,7.68 
6.13,1,-291.90,-841.68,17.29,4.86,0.09,-291.90,-841.68,0.00,-3.81,-0.28 
6.13,2,-520.94,-962.30,16.36,6.90,1.20,-520.94,-962.30,0.00,4.30,8.91 
6.23,0,-311.84,-884.92,2.46,6.21,0.67,-311.84,-884.92,0.00,-6.31,7.61 
6.23,1,-292.41,-841.76,18.79,5.93,0.09,-292.41,-841.76,0.00,-3.87,-0.30 
6.23,2,-520.60,-961.39,16.10,5.12,1.20,-520.60,-961.39,0.00,4.26,8.91 
6.35,0,-312.63,-884.06,1.44,5.63,0.76,-312.63,-884.06,0.00,-6.33,7.60 
6.35,1,-292.82,-841.80,5.17,17.07,1.54,-292.82,-841.80,0.00,-3.85,-0.30 
6.35,2,-520.26,-960.27,15.54,6.95,1.20,-520.26,-960.27,0.00,4.18,8.95 
6.67,0,-314.73,-881.77,2.31,6.13,0.71,-314.73,-881.77,0.00,-6.37,7.53 
6.67,1,-294.00,-841.99,5.90,16.88,1.55,-294.00,-841.99,0.00,-3.83,-0.35 
6.67,2,-519.10,-957.44,16.20,5.98,1.22,-519.10,-957.44,0.00,4.09,8.94 
6.67,0,-315.40,-881.12,2.02,6.18,0.77,-315.40,-881.12,0.00,-6.39,7.48 
6.67,1,-294.38,-841.98,16.75,6.12,0.09,-294.38,-841.98,0.00,-3.82,-0.32 
6.67,2,-518.88,-956.52,15.53,6.85,1.22,-518.88,-956.52,0.00,4.01,8.95 
6.88,0,-316.74,-879.76,2.01,7.90,0.69,-316.74,-879.76,0.00,-6.37,7.36 
6.88,1,-295.18,-842.01,18.32,5.86,0.08,-295.18,-842.01,0.00,-3.81,-0.31 
6.88,2,-518.22,-954.74,17.52,5.93,1.23,-518.22,-954.74,0.00,3.90,8.88 
6.88,0,-317.36,-879.21,1.94,7.32,0.71,-317.36,-879.21,0.00,-6.36,7.27 
6.88,1,-295.48,-842.10,5.63,17.18,1.55,-295.48,-842.10,0.00,-3.77,-0.33 
6.88,2,-518.05,-953.95,17.20,6.81,1.23,-518.05,-953.95,0.00,3.80,8.83 
7.10,0,-318.58,-877.95,1.93,9.26,0.74,-318.58,-877.95,0.00,-6.29,7.12 
7.10,1,-296.18,-842.12,17.70,6.09,0.09,-296.18,-842.12,0.00,-3.72,-0.31 
7.10,2,-517.50,-952.30,18.56,6.74,1.25,-517.50,-952.30,0.00,3.67,8.71 
7.22,0,-319.32,-877.26,1.82,6.77,0.71,-319.32,-877.26,0.00,-6.29,7.05 
7.22,1,-296.50,-842.19,5.46,18.31,1.55,-296.50,-842.19,0.00,-3.66,-0.33 
7.22,2,-517.23,-951.34,16.29,5.91,1.25,-517.23,-951.34,0.00,3.59,8.68 
7.32,0,-319.96,-876.67,1.64,6.82,0.73,-319.96,-876.67,0.00,-6.29,6.99 
7.32,1,-296.86,-842.15,16.37,6.55,0.09,-296.86,-842.15,0.00,-3.66,-0.29 
7.32,2,-517.03,-950.47,15.82,6.79,1.26,-517.03,-950.47,0.00,3.51,8.68 
7.43,0,-320.69,-876.02,2.30,7.35,0.76,-320.69,-876.02,0.00,-6.29,6.91 
7.43,1,-297.35,-842.21,18.31,5.91,0.08,-297.35,-842.21,0.00,-3.69,-0.31 
7.43,2,-516.77,-949.51,16.95,6.41,1.27,-516.77,-949.51,0.00,3.44,8.65 
7.55,0,-321.42,-875.35,2.08,6.93,0.80,-321.42,-875.35,0.00,-6.29,6.85 
7.55,1,-297.78,-842.32,6.05,17.86,1.55,-297.78,-842.32,0.00,-3.69,-0.34 
7.55,2,-516.48,-948.55,16.63,5.81,1.27,-516.48,-948.55,0.00,3.39,8.63 
7.67,0,-322.16,-874.69,1.91,6.70,0.73,-322.16,-874.69,0.00,-6.29,6.78 
7.67,1,-298.13,-842.33,17.87,5.96,0.09,-298.13,-842.33,0.00,-3.65,-0.33 
7.67,2,-516.20,-947.58,16.44,5.69,1.27,-516.20,-947.58,0.00,3.33,8.61 
7.90,0,-323.62,-873.24,1.82,6.95,0.76,-323.62,-873.24,0.00,-6.29,6.72 
7.90,1,-299.01,-842.44,5.55,17.92,1.55,-299.01,-842.44,0.00,-3.66,-0.34 
7.90,2,-515.60,-945.63,16.33,6.79,1.28,-515.60,-945.63,0.00,3.25,8.58 
7.90,0,-324.26,-872.67,1.78,6.48,0.78,-324.26,-872.67,0.00,-6.29,6.67 
7.90,1,-299.32,-842.50,17.05,4.98,0.09,-299.32,-842.50,0.00,-3.64,-0.35 
7.90,2,-515.42,-944.79,16.01,6.69,1.29,-515.42,-944.79,0.00,3.17,8.58 
8.20,0,-326.10,-870.88,1.87,8.11,0.72,-326.10,-870.88,0.00,-6.27,6.57 
8.20,1,-300.37,-842.55,18.67,6.08,0.09,-300.37,-842.55,0.00,-3.62,-0.33 
8.20,2,-514.65,-942.31,17.16,6.07,1.30,-514.65,-942.31,0.00,3.09,8.53 
8.32,0,-326.88,-870.16,1.68,5.66,0.83,-326.88,-870.16,0.00,-6.29,6.54 
8.32,1,-300.78,-842.53,16.53,6.39,0.09,-300.78,-842.53,0.00,-3.61,-0.30 
8.32,2,-514.41,-941.25,15.59,6.08,1.31,-514.41,-941.25,0.00,3.03,8.56 
8.42,0,-327.56,-869.52,1.55,5.86,0.83,-327.56,-869.52,0.00,-6.31,6.53 
8.42,1,-301.13,-842.50,16.72,6.36,0.09,-301.13,-842.50,0.00,-3.60,-0.27 
8.42,2,-514.22,-940.29,16.46,6.09,1.31,-514.22,-940.29,0.00,2.97,8.60 
8.53,0,-328.33,-868.76,1.48,5.90,0.84,-328.33,-868.76,0.00,-6.33,6.53 
8.53,1,-301.59,-842.47,18.31,6.36,0.09,-301.59,-842.47,0.00,-3.62,-0.24 
8.53,2,-513.98,-939.20,16.42,6.16,1.32,-513.98,-939.20,0.00,2.92,8.65 
8.65,0,-329.12,-868.10,2.28,5.94,0.82,-329.12,-868.10,0.00,-6.36,6.48 
8.65,1,-302.12,-842.58,6.26,17.91,1.56,-302.12,-842.58,0.00,-3.67,-0.28 
8.65,2,-513.75,-938.20,16.05,5.77,1.32,-513.75,-938.20,0.00,2.87,8.64 
8.75,0,-329.81,-867.55,2.19,6.25,0.83,-329.81,-867.55,0.00,-6.38,6.44 
8.75,1,-302.62,-842.63,15.49,5.75,0.09,-302.62,-842.63,0.00,-3.74,-0.29 
8.75,2,-513.59,-937.32,15.86,6.65,1.33,-513.59,-937.32,0.00,2.81,8.65 
8.87,0,-330.58,-866.88,1.98,6.00,0.85,-330.58,-866.88,0.00,-6.40,6.40 
8.87,1,-303.16,-842.66,15.37,5.67,0.09,-303.16,-842.66,0.00,-3.79,-0.29 
8.87,2,-513.38,-936.31,15.78,6.57,1.34,-513.38,-936.31,0.00,2.75,8.65 
8.97,0,-331.28,-866.28,1.95,5.75,0.85,-331.28,-866.28,0.00,-6.42,6.37 
8.97,1,-303.55,-842.69,17.52,5.57,0.09,-303.55,-842.69,0.00,-3.79,-0.29 
8.97,2,-513.21,-935.39,15.83,6.60,1.34,-513.21,-935.39,0.00,2.70,8.68 
8.97,0,-331.97,-865.66,1.81,6.01,0.86,-331.97,-865.66,0.00,-6.44,6.36 
8.97,1,-303.92,-842.76,5.73,17.99,1.56,-303.92,-842.76,0.00,-3.79,-0.31 
8.97,2,-513.03,-934.47,16.20,6.29,1.38,-513.03,-934.47,0.00,2.66,8.70 
9.18,0,-333.33,-864.39,1.96,7.01,0.86,-333.33,-864.39,0.00,-6.42,6.31 
9.18,1,-304.66,-842.87,18.73,5.20,0.08,-304.66,-842.87,0.00,-3.75,-0.33 
9.18,2,-512.60,-932.65,17.00,6.67,1.36,-512.60,-932.65,0.00,2.59,8.67 
9.18,0,-333.95,-863.83,1.83,6.49,0.86,-333.95,-863.83,0.00,-6.42,6.28 
9.18,1,-304.89,-842.85,18.85,6.24,0.08,-304.89,-842.85,0.00,-3.68,-0.31 
9.18,2,-512.45,-931.83,16.27,6.40,1.39,-512.45,-931.83,0.00,2.53,8.65 
9.30,0,-334.72,-863.19,1.99,6.45,0.86,-334.72,-863.19,0.00,-6.42,6.23 
9.30,1,-305.22,-842.86,18.40,5.94,0.08,-305.22,-842.86,0.00,-3.63,-0.29 
9.30,2,-512.19,-930.86,16.37,4.64,1.45,-512.19,-930.86,0.00,2.51,8.62 
9.42,0,-335.45,-862.51,1.72,6.25,0.87,-335.45,-862.51,0.00,-6.41,6.21 
9.42,1,-305.63,-842.87,5.78,17.64,1.55,-305.63,-842.87,0.00,-3.62,-0.28 
9.42,2,-512.02,-929.88,16.11,6.58,1.40,-512.02,-929.88,0.00,2.45,8.61 
9.52,0,-336.12,-861.91,1.79,6.00,0.87,-336.12,-861.91,0.00,-6.41,6.18 
9.52,1,-306.00,-842.92,17.33,4.86,0.09,-306.00,-842.92,0.00,-3.62,-0.29 
9.52,2,-511.89,-928.98,15.94,6.75,1.38,-511.89,-928.98,0.00,2.39,8.61 
9.74,0,-337.48,-860.64,1.82,6.23,0.88,-337.48,-860.64,0.00,-6.41,6.16 
9.74,1,-306.75,-842.91,17.59,6.52,0.09,-306.75,-842.91,0.00,-3.61,-0.26 
9.74,2,-511.50,-927.12,15.87,6.13,1.38,-511.50,-927.12,0.00,2.34,8.63 
9.97,0,-338.97,-859.34,2.64,6.70,0.89,-338.97,-859.34,0.00,-6.42,6.10 
9.97,1,-307.62,-842.98,19.10,5.68,0.09,-307.62,-842.98,0.00,-3.63,-0.26 
9.97,2,-511.10,-925.16,16.42,6.23,1.39,-511.10,-925.16,0.00,2.27,8.61 
10.07,0,-339.64,-858.83,2.60,6.39,0.89,-339.64,-858.83,0.00,-6.43,6.06 
10.07,1,-307.98,-843.10,6.24,19.07,1.50,-307.98,-843.10,0.00,-3.63,-0.31 
10.07,2,-511.00,-924.30,16.14,6.17,1.40,-511.00,-924.30,0.00,2.21,8.61 
10.17,0,-340.32,-858.30,2.56,6.11,0.89,-340.32,-858.30,0.00,-6.45,6.02 
10.17,1,-308.36,-843.23,19.29,5.32,0.09,-308.36,-843.23,0.00,-3.63,-0.35 
10.17,2,-510.90,-923.43,15.88,6.11,1.40,-510.90,-923.43,0.00,2.15,8.61 
10.28,0,-341.11,-857.67,2.39,6.01,0.90,-341.11,-857.67,0.00,-6.46,5.98 
10.28,1,-308.85,-843.34,19.16,5.25,0.01,-308.85,-843.34,0.00,-3.66,-0.39 
10.28,2,-510.76,-922.40,15.72,6.11,1.41,-510.76,-922.40,0.00,2.10,8.62 
10.28,0,-341.80,-857.12,2.39,6.08,0.90,-341.80,-857.12,0.00,-6.49,5.96 
10.28,1,-309.28,-843.34,19.06,6.25,0.09,-309.28,-843.34,0.00,-3.69,-0.37 
10.28,2,-510.65,-921.51,15.96,6.06,1.41,-510.65,-921.51,0.00,2.05,8.64 
10.50,0,-343.19,-855.94,2.35,6.66,0.90,-343.19,-855.94,0.00,-6.48,5.91 
10.50,1,-310.08,-843.37,18.21,6.31,0.09,-310.08,-843.37,0.00,-3.70,-0.34 
10.50,2,-510.35,-919.71,16.91,6.29,1.42,-510.35,-919.71,0.00,1.98,8.60 
10.70,0,-344.54,-854.89,2.47,6.34,0.82,-344.54,-854.89,0.00,-6.50,5.84 
10.70,1,-310.83,-843.39,18.27,6.14,0.09,-310.83,-843.39,0.00,-3.70,-0.32 
10.70,2,-510.09,-918.04,16.32,6.22,1.41,-510.09,-918.04,0.00,1.92,8.58 
10.70,0,-345.23,-854.40,2.27,5.90,0.91,-345.23,-854.40,0.00,-6.52,5.80 
10.70,1,-311.20,-843.46,18.33,4.91,0.09,-311.20,-843.46,0.00,-3.70,-0.34 
10.70,2,-510.05,-917.21,15.91,6.69,1.43,-510.05,-917.21,0.00,1.84,8.56 
10.90,0,-346.60,-853.29,2.38,5.91,0.92,-346.60,-853.29,0.00,-6.55,5.77 
10.90,1,-311.94,-843.57,5.18,18.66,1.55,-311.94,-843.57,0.00,-3.70,-0.36 
10.90,2,-509.84,-915.45,16.08,6.89,1.44,-509.84,-915.45,0.00,1.77,8.59 
11.02,0,-347.41,-852.66,2.22,5.90,0.93,-347.41,-852.66,0.00,-6.57,5.75 
11.02,1,-312.38,-843.54,18.43,6.69,0.09,-312.38,-843.54,0.00,-3.70,-0.32 
11.02,2,-509.78,-914.45,15.19,6.79,1.45,-509.78,-914.45,0.00,1.70,8.58 
11.13,0,-348.26,-852.07,2.16,5.83,0.85,-348.26,-852.07,0.00,-6.61,5.71 
11.13,1,-312.81,-843.50,18.49,6.67,0.09,-312.81,-843.50,0.00,-3.70,-0.29 
11.13,2,-509.73,-913.39,16.39,6.85,1.45,-509.73,-913.39,0.00,1.63,8.61 
11.25,0,-349.07,-851.54,2.76,6.36,0.93,-349.07,-851.54,0.00,-6.63,5.65 
11.25,1,-313.24,-843.54,18.47,5.77,0.09,-313.24,-843.54,0.00,-3.70,-0.29 
11.25,2,-509.68,-912.42,16.13,6.78,1.46,-509.68,-912.42,0.00,1.56,8.59 
11.37,0,-349.88,-850.88,1.76,6.15,0.94,-349.88,-850.88,0.00,-6.65,5.65 
11.37,1,-313.66,-843.50,18.62,6.65,0.09,-313.66,-843.50,0.00,-3.69,-0.26 
11.37,2,-509.63,-911.38,15.84,6.83,1.46,-509.63,-911.38,0.00,1.50,8.62 
11.47,0,-350.60,-850.38,2.63,5.62,0.94,-350.60,-850.38,0.00,-6.68,5.62 
11.47,1,-314.02,-843.54,18.46,5.70,0.09,-314.02,-843.54,0.00,-3.69,-0.26 
11.47,2,-509.59,-910.50,15.84,6.63,1.47,-509.59,-910.50,0.00,1.44,8.62 
11.57,0,-351.33,-849.87,2.59,5.71,0.94,-351.33,-849.87,0.00,-6.70,5.59 
11.57,1,-314.39,-843.57,18.39,5.69,0.09,-314.39,-843.57,0.00,-3.69,-0.26 
11.57,2,-509.55,-909.62,15.47,6.57,1.47,-509.55,-909.62,0.00,1.39,8.62 
11.69,0,-352.18,-849.29,2.40,6.03,0.92,-352.18,-849.29,0.00,-6.73,5.56 
11.69,1,-314.81,-843.59,18.43,5.72,0.09,-314.81,-843.59,0.00,-3.68,-0.26 
11.69,2,-509.50,-908.58,16.29,6.57,1.48,-509.50,-908.58,0.00,1.34,8.64 
11.79,0,-352.90,-848.78,2.34,6.12,0.95,-352.90,-848.78,0.00,-6.76,5.54 
11.79,1,-315.17,-843.61,18.33,5.72,0.09,-315.17,-843.61,0.00,-3.68,-0.26 
11.79,2,-509.43,-907.67,16.34,5.94,1.45,-509.43,-907.67,0.00,1.31,8.66 
11.89,0,-353.65,-848.24,2.34,6.51,0.95,-353.65,-848.24,0.00,-6.79,5.53 
11.89,1,-315.54,-843.63,18.23,5.67,0.09,-315.54,-843.63,0.00,-3.68,-0.25 
11.89,2,-509.32,-906.79,15.48,5.20,1.41,-509.32,-906.79,0.00,1.30,8.67 
12.09,0,-355.11,-847.15,2.44,6.58,0.96,-355.11,-847.15,0.00,-6.83,5.52 
12.09,1,-316.29,-843.68,18.26,5.59,0.09,-316.29,-843.68,0.00,-3.69,-0.25 
12.09,2,-509.18,-904.96,17.04,6.77,1.50,-509.18,-904.96,0.00,1.24,8.71 
12.30,0,-356.72,-846.01,2.37,6.78,0.94,-356.72,-846.01,0.00,-6.90,5.49 
12.30,1,-317.10,-843.73,18.19,5.75,0.08,-317.10,-843.73,0.00,-3.69,-0.25 
12.30,2,-509.02,-902.99,16.44,6.45,1.47,-509.02,-902.99,0.00,1.19,8.75 
12.42,0,-357.72,-845.31,2.30,8.36,0.97,-357.72,-845.31,0.00,-6.99,5.52 
12.42,1,-317.59,-843.75,18.78,5.78,0.09,-317.59,-843.75,0.00,-3.72,-0.25 
12.42,2,-509.00,-901.77,18.13,6.84,1.51,-509.00,-901.77,0.00,1.14,8.85 
12.63,0,-359.42,-844.06,2.25,8.27,0.98,-359.42,-844.06,0.00,-7.08,5.55 
12.63,1,-318.38,-843.78,18.90,5.95,0.09,-318.38,-843.78,0.00,-3.72,-0.23 
12.63,2,-508.91,-899.65,18.24,7.11,1.53,-508.91,-899.65,0.00,1.06,8.95 
12.74,0,-360.32,-843.45,2.26,8.25,0.98,-360.32,-843.45,0.00,-7.17,5.57 
12.74,1,-318.77,-843.78,18.74,5.87,0.09,-318.77,-843.78,0.00,-3.72,-0.23 
12.74,2,-508.94,-898.55,17.91,6.92,1.54,-508.94,-898.55,0.00,1.00,9.04 
13.05,0,-362.94,-841.73,3.96,8.73,1.00,-362.94,-841.73,0.00,-7.33,5.56 
13.05,1,-319.92,-843.98,16.31,7.19,0.09,-319.92,-843.98,0.00,-3.71,-0.29 
13.05,2,-508.81,-895.55,16.25,7.10,1.56,-508.81,-895.55,0.00,0.91,9.11 
13.05,0,-364.09,-841.28,5.35,9.33,1.01,-364.09,-841.28,0.00,-7.53,5.50 
13.05,1,-320.46,-844.30,20.16,8.91,0.09,-320.46,-844.30,0.00,-3.79,-0.42 
13.05,2,-508.86,-894.46,17.59,6.63,1.54,-508.86,-894.46,0.00,0.85,9.19 
13.05,0,-365.19,-840.93,5.71,8.25,1.01,-365.19,-840.93,0.00,-7.69,5.41 
13.05,1,-320.93,-844.64,20.12,9.43,0.09,-320.93,-844.64,0.00,-3.83,-0.56 
13.05,2,-508.93,-893.52,14.75,6.94,1.57,-508.93,-893.52,0.00,0.77,9.20 
13.70,0,-369.99,-837.60,1.86,7.79,1.02,-369.99,-837.60,0.00,-7.61,5.33 
13.70,1,-323.25,-844.81,19.52,7.09,0.09,-323.25,-844.81,0.00,-3.76,-0.48 
13.70,2,-508.73,-887.80,7.36,16.58,0.00,-508.73,-887.80,0.00,0.64,9.09 
13.82,0,-370.88,-837.01,1.74,5.98,1.02,-370.88,-837.01,0.00,-7.60,5.31 
13.82,1,-323.49,-844.70,17.84,6.90,0.09,-323.49,-844.70,0.00,-3.67,-0.40 
13.82,2,-508.89,-886.59,17.17,7.01,1.57,-508.89,-886.59,0.00,0.54,9.15 
13.94,0,-371.76,-836.44,1.81,5.91,1.03,-371.76,-836.44,0.00,-7.60,5.29 
13.94,1,-323.83,-844.63,19.57,6.77,0.09,-323.83,-844.63,0.00,-3.62,-0.34 
13.94,2,-509.05,-885.47,7.02,16.10,0.03,-509.05,-885.47,0.00,0.43,9.18 
14.14,0,-373.32,-835.44,1.73,5.74,1.03,-373.32,-835.44,0.00,-7.62,5.26 
14.14,1,-324.55,-844.58,18.03,6.63,0.09,-324.55,-844.58,0.00,-3.62,-0.29 
14.14,2,-509.19,-883.62,7.00,14.66,0.04,-509.19,-883.62,0.00,0.32,9.18 
14.25,0,-374.23,-834.88,1.76,5.77,1.04,-374.23,-834.88,0.00,-7.63,5.23 
14.25,1,-324.91,-844.52,17.59,6.52,0.09,-324.91,-844.52,0.00,-3.59,-0.24 
14.25,2,-509.32,-882.47,6.56,16.40,0.02,-509.32,-882.47,0.00,0.23,9.22 
14.57,0,-376.67,-833.37,2.68,6.25,1.05,-376.67,-833.37,0.00,-7.64,5.15 
14.57,1,-326.06,-844.60,18.05,5.68,0.09,-326.06,-844.60,0.00,-3.60,-0.24 
14.57,2,-509.50,-879.50,7.04,16.57,0.06,-509.50,-879.50,0.00,0.10,9.25 
14.80,0,-378.48,-832.29,2.38,6.07,1.05,-378.48,-832.29,0.00,-7.66,5.09 
14.80,1,-326.82,-844.61,19.07,5.90,0.09,-326.82,-844.61,0.00,-3.56,-0.22 
14.80,2,-509.72,-877.33,6.95,15.91,0.07,-509.72,-877.33,0.00,-0.03,9.26 
14.92,0,-379.54,-831.69,2.18,7.03,1.06,-379.54,-831.69,0.00,-7.74,5.10 
14.92,1,-327.34,-844.60,18.52,6.05,0.09,-327.34,-844.60,0.00,-3.61,-0.20 
14.92,2,-509.94,-876.15,6.69,15.72,0.08,-509.94,-876.15,0.00,-0.14,9.31 
15.02,0,-380.48,-831.17,2.18,7.15,1.06,-380.48,-831.17,0.00,-7.82,5.10 
15.02,1,-327.72,-844.58,16.73,6.04,0.09,-327.72,-844.58,0.00,-3.62,-0.18 
15.02,2,-509.94,-875.03,17.84,4.90,1.51,-509.94,-875.03,0.00,-0.13,9.40 
15.14,0,-381.50,-830.57,2.03,6.82,1.07,-381.50,-830.57,0.00,-7.88,5.10 
15.14,1,-328.19,-844.57,18.31,6.01,0.09,-328.19,-844.57,0.00,-3.64,-0.16 
15.14,2,-510.15,-873.79,6.85,17.32,0.09,-510.15,-873.79,0.00,-0.23,9.47 
15.25,0,-382.51,-830.09,2.89,5.99,1.07,-382.51,-830.09,0.00,-7.93,5.04 
15.25,1,-328.67,-844.65,18.29,6.25,0.09,-328.67,-844.65,0.00,-3.67,-0.20 
15.25,2,-510.33,-872.80,6.83,15.12,0.10,-510.33,-872.80,0.00,-0.31,9.41 
15.37,0,-383.50,-829.61,2.59,5.81,1.08,-383.50,-829.61,0.00,-7.96,4.98 
15.37,1,-329.08,-844.70,16.59,5.99,0.09,-329.08,-844.70,0.00,-3.66,-0.21 
15.37,2,-510.52,-871.64,6.64,16.95,0.10,-510.52,-871.64,0.00,-0.39,9.45 
15.49,0,-384.48,-829.13,2.32,5.96,1.08,-384.48,-829.13,0.00,-7.99,4.94 
15.49,1,-329.53,-844.74,18.02,5.76,0.09,-329.53,-844.74,0.00,-3.67,-0.22 
15.49,2,-510.70,-870.60,6.58,15.12,0.11,-510.70,-870.60,0.00,-0.46,9.42 
15.59,0,-385.34,-828.67,2.31,6.88,1.08,-385.34,-828.67,0.00,-8.02,4.92 
15.59,1,-329.87,-844.77,16.94,5.76,0.09,-329.87,-844.77,0.00,-3.66,-0.22 
15.59,2,-510.88,-869.59,6.47,17.07,0.11,-510.88,-869.59,0.00,-0.53,9.45 
15.69,0,-386.24,-828.20,2.31,7.25,1.09,-386.24,-828.20,0.00,-8.07,4.90 
15.69,1,-330.22,-844.80,18.31,5.76,0.09,-330.22,-844.80,0.00,-3.65,-0.23 
15.69,2,-511.03,-868.68,6.33,14.99,0.12,-511.03,-868.68,0.00,-0.58,9.43 
15.79,0,-387.13,-827.75,2.27,7.10,1.09,-387.13,-827.75,0.00,-8.11,4.88 
15.79,1,-330.63,-844.84,18.18,5.77,0.09,-330.63,-844.84,0.00,-3.67,-0.23 
15.79,2,-511.11,-867.71,5.18,16.07,0.03,-511.11,-867.71,0.00,-0.59,9.44 
15.90,0,-388.13,-827.20,2.12,7.11,1.09,-388.13,-827.20,0.00,-8.14,4.87 
15.90,1,-331.04,-844.86,16.62,5.70,0.09,-331.04,-844.86,0.00,-3.67,-0.23 
15.90,2,-511.30,-866.55,6.50,17.24,0.13,-511.30,-866.55,0.00,-0.65,9.48 
16.12,0,-389.97,-826.19,2.04,7.01,1.10,-389.97,-826.19,0.00,-8.18,4.85 
16.12,1,-331.82,-844.89,16.78,5.74,0.09,-331.82,-844.89,0.00,-3.66,-0.22 
16.12,2,-511.57,-864.46,6.54,16.45,0.14,-511.57,-864.46,0.00,-0.72,9.50 
16.22,0,-390.97,-825.68,2.04,8.71,1.11,-390.97,-825.68,0.00,-8.27,4.86 
16.22,1,-332.28,-844.91,18.65,5.88,0.09,-332.28,-844.91,0.00,-3.70,-0.22 
16.22,2,-511.63,-863.33,18.58,5.01,1.57,-511.63,-863.33,0.00,-0.71,9.58 
16.34,0,-392.06,-825.10,2.10,7.84,1.11,-392.06,-825.10,0.00,-8.33,4.87 
16.34,1,-332.73,-844.99,5.99,18.33,1.53,-332.73,-844.99,0.00,-3.71,-0.24 
16.34,2,-511.87,-862.09,6.72,17.69,0.16,-511.87,-862.09,0.00,-0.79,9.64 
16.44,0,-393.03,-824.61,1.92,8.05,1.11,-393.03,-824.61,0.00,-8.39,4.87 
16.44,1,-333.17,-844.99,18.42,6.02,0.09,-333.17,-844.99,0.00,-3.75,-0.23 
16.44,2,-512.06,-860.97,6.30,18.33,0.13,-512.06,-860.97,0.00,-0.84,9.71 
16.66,0,-394.96,-823.59,2.06,7.83,1.12,-394.96,-823.59,0.00,-8.45,4.85 
16.66,1,-334.04,-845.02,18.18,5.89,0.09,-334.04,-845.02,0.00,-3.78,-0.23 
16.66,2,-512.42,-858.75,6.89,18.16,0.17,-512.42,-858.75,0.00,-0.93,9.77 
16.87,0,-396.90,-822.62,2.95,6.88,1.13,-396.90,-822.62,0.00,-8.50,4.81 
16.87,1,-334.86,-845.12,16.50,6.17,0.09,-334.86,-845.12,0.00,-3.78,-0.25 
16.87,2,-512.80,-856.60,7.05,16.90,0.18,-512.80,-856.60,0.00,-1.02,9.79 
17.19,0,-399.67,-821.08,2.14,7.17,1.14,-399.67,-821.08,0.00,-8.54,4.82 
17.19,1,-336.10,-845.13,17.96,6.41,0.09,-336.10,-845.13,0.00,-3.80,-0.22 
17.19,2,-513.36,-853.39,7.09,17.81,0.20,-513.36,-853.39,0.00,-1.12,9.84 
17.29,0,-400.57,-820.60,2.06,6.16,1.14,-400.57,-820.60,0.00,-8.56,4.82 
17.29,1,-336.55,-845.10,17.72,6.26,0.09,-336.55,-845.10,0.00,-3.83,-0.19 
17.29,2,-513.67,-852.32,6.90,17.48,0.20,-513.67,-852.32,0.00,-1.22,9.88 
17.41,0,-401.57,-820.07,2.20,6.01,1.14,-401.57,-820.07,0.00,-8.56,4.80 
17.41,1,-336.95,-845.14,5.29,17.31,1.56,-336.95,-845.14,0.00,-3.81,-0.20 
17.41,2,-513.96,-851.20,6.81,15.01,0.20,-513.96,-851.20,0.00,-1.29,9.86 
17.62,0,-403.65,-819.16,3.21,8.03,1.08,-403.65,-819.16,0.00,-8.67,4.74 
17.62,1,-337.80,-845.21,16.93,5.83,0.09,-337.80,-845.21,0.00,-3.82,-0.21 
17.62,2,-514.43,-849.09,7.06,14.50,0.22,-514.43,-849.09,0.00,-1.38,9.85 
17.72,0,-404.65,-818.69,2.08,7.27,1.14,-404.65,-818.69,0.00,-8.73,4.74 
17.72,1,-338.22,-845.24,18.37,4.93,0.03,-338.22,-845.24,0.00,-3.83,-0.22 
17.72,2,-514.73,-848.05,6.71,14.96,0.23,-514.73,-848.05,0.00,-1.46,9.87 
17.94,0,-406.66,-817.72,3.06,7.52,1.15,-406.66,-817.72,0.00,-8.78,4.71 
17.94,1,-339.11,-845.30,17.85,5.64,0.09,-339.11,-845.30,0.00,-3.86,-0.22 
17.94,2,-515.23,-845.90,6.92,15.65,0.24,-515.23,-845.90,0.00,-1.55,9.88 
18.14,0,-408.53,-816.89,3.50,7.17,1.01,-408.53,-816.89,0.00,-8.84,4.66 
18.14,1,-339.98,-845.36,17.98,5.69,0.09,-339.98,-845.36,0.00,-3.91,-0.23 
18.14,2,-515.75,-843.92,7.07,15.62,0.25,-515.75,-843.92,0.00,-1.64,9.88 
18.26,0,-409.60,-816.48,3.04,6.41,1.16,-409.60,-816.48,0.00,-8.86,4.59 
18.26,1,-340.49,-845.40,17.70,5.70,0.09,-340.49,-845.40,0.00,-3.93,-0.23 
18.26,2,-516.12,-842.77,6.94,16.06,0.25,-516.12,-842.77,0.00,-1.73,9.88 
18.36,0,-410.57,-816.14,3.51,6.91,0.86,-410.57,-816.14,0.00,-8.89,4.54 
18.36,1,-340.91,-845.42,17.53,5.61,0.08,-340.91,-845.42,0.00,-3.95,-0.23 
18.36,2,-516.42,-841.89,6.85,14.51,0.26,-516.42,-841.89,0.00,-1.79,9.82 
18.47,0,-411.65,-815.70,2.71,6.88,1.16,-411.65,-815.70,0.00,-8.92,4.49 
18.47,1,-341.32,-845.43,17.34,5.81,0.09,-341.32,-845.43,0.00,-3.92,-0.23 
18.47,2,-516.77,-840.77,6.73,15.26,0.27,-516.77,-840.77,0.00,-1.86,9.81 
18.67,0,-413.45,-815.00,3.85,7.18,1.10,-413.45,-815.00,0.00,-8.92,4.40 
18.67,1,-342.15,-845.56,17.55,6.56,0.09,-342.15,-845.56,0.00,-3.94,-0.27 
18.67,2,-517.26,-839.05,7.20,15.32,0.28,-517.26,-839.05,0.00,-1.92,9.69 
18.77,0,-414.35,-814.73,3.54,7.01,1.17,-414.35,-814.73,0.00,-8.92,4.32 
18.77,1,-342.57,-845.66,17.51,6.44,0.09,-342.57,-845.66,0.00,-3.96,-0.30 
18.77,2,-517.61,-838.15,7.06,15.24,0.28,-517.61,-838.15,0.00,-1.99,9.66 
18.89,0,-415.43,-814.39,3.75,7.62,0.87,-415.43,-814.39,0.00,-8.94,4.24 
18.89,1,-343.04,-845.73,17.32,6.15,0.09,-343.04,-845.73,0.00,-3.96,-0.32 
18.89,2,-517.99,-837.05,6.91,15.60,0.29,-517.99,-837.05,0.00,-2.06,9.65 
18.89,0,-416.37,-814.09,3.53,7.35,0.83,-416.37,-814.09,0.00,-8.96,4.18 
18.89,1,-343.43,-845.78,17.36,5.89,0.09,-343.43,-845.78,0.00,-3.96,-0.33 
18.89,2,-518.17,-836.10,5.14,15.95,0.13,-518.17,-836.10,0.00,-2.05,9.64 
19.12,0,-418.34,-813.31,2.60,9.42,0.86,-418.34,-813.31,0.00,-8.90,4.08 
19.12,1,-344.27,-845.85,18.47,5.67,0.09,-344.27,-845.85,0.00,-3.92,-0.33 
19.12,2,-518.72,-834.21,7.11,16.73,0.30,-518.72,-834.21,0.00,-2.08,9.47 
19.12,0,-419.09,-813.10,2.65,8.99,0.88,-419.09,-813.10,0.00,-8.84,3.99 
19.12,1,-344.64,-845.89,16.94,5.66,0.09,-344.64,-845.89,0.00,-3.90,-0.33 
19.12,2,-518.99,-833.57,6.99,16.11,0.30,-518.99,-833.57,0.00,-2.11,9.33 
19.22,0,-419.89,-812.85,2.63,8.44,0.84,-419.89,-812.85,0.00,-8.80,3.92 
19.22,1,-345.00,-845.91,17.04,5.68,0.09,-345.00,-845.91,0.00,-3.89,-0.32 
19.22,2,-519.27,-832.88,6.91,15.37,0.31,-519.27,-832.88,0.00,-2.15,9.21 
19.46,0,-421.86,-812.08,2.50,8.67,0.84,-421.86,-812.08,0.00,-8.76,3.85 
19.46,1,-345.87,-845.97,17.38,5.85,0.09,-345.87,-845.97,0.00,-3.87,-0.31 
19.46,2,-519.92,-830.82,7.01,15.65,0.32,-519.92,-830.82,0.00,-2.21,9.16 
19.56,0,-422.63,-811.88,3.23,8.71,1.13,-422.63,-811.88,0.00,-8.71,3.76 
19.56,1,-346.22,-846.06,17.25,6.50,0.09,-346.22,-846.06,0.00,-3.85,-0.34 
19.56,2,-520.11,-830.04,4.89,17.26,0.16,-520.11,-830.04,0.00,-2.20,9.10 
19.67,0,-423.56,-811.58,3.00,8.71,1.08,-423.56,-811.58,0.00,-8.67,3.69 
19.67,1,-346.63,-846.14,17.33,6.19,0.09,-346.63,-846.14,0.00,-3.83,-0.36 
19.67,2,-520.51,-829.11,7.38,16.11,0.33,-520.51,-829.11,0.00,-2.27,9.03 
19.79,0,-424.49,-811.31,2.78,8.56,0.99,-424.49,-811.31,0.00,-8.63,3.61 
19.79,1,-347.03,-846.20,17.36,5.91,0.09,-347.03,-846.20,0.00,-3.81,-0.37 
19.79,2,-520.86,-828.29,7.19,15.66,0.33,-520.86,-828.29,0.00,-2.31,8.92 
20.01,0,-426.39,-810.59,2.34,6.45,1.22,-426.39,-810.59,0.00,-8.64,3.59 
20.01,1,-347.85,-846.34,5.98,17.01,1.52,-347.85,-846.34,0.00,-3.81,-0.40 
20.01,2,-521.50,-826.48,7.25,13.04,0.35,-521.50,-826.48,0.00,-2.38,8.86 
20.12,0,-427.46,-810.25,2.10,7.18,1.20,-427.46,-810.25,0.00,-8.67,3.55 
20.12,1,-348.28,-846.42,5.66,16.93,1.52,-348.28,-846.42,0.00,-3.81,-0.41 
20.12,2,-521.90,-825.54,6.77,12.85,0.35,-521.90,-825.54,0.00,-2.44,8.82 
20.34,0,-429.40,-809.57,2.51,6.98,1.08,-429.40,-809.57,0.00,-8.70,3.51 
20.34,1,-349.11,-846.51,5.40,16.62,1.56,-349.11,-846.51,0.00,-3.81,-0.42 
20.34,2,-522.65,-823.54,7.01,17.15,0.36,-522.65,-823.54,0.00,-2.54,8.86 
20.44,0,-430.35,-809.26,2.27,7.07,1.17,-430.35,-809.26,0.00,-8.72,3.48 
20.44,1,-349.47,-846.51,17.58,6.25,0.09,-349.47,-846.51,0.00,-3.79,-0.39 
20.44,2,-523.08,-822.61,6.97,15.19,0.37,-523.08,-822.61,0.00,-2.62,8.87 
20.56,0,-431.37,-808.92,2.29,6.96,1.35,-431.37,-808.92,0.00,-8.74,3.45 
20.56,1,-349.96,-846.50,18.90,6.42,0.09,-349.96,-846.50,0.00,-3.82,-0.37 
20.56,2,-523.57,-821.49,6.76,17.79,0.38,-523.57,-821.49,0.00,-2.71,8.92 
20.68,0,-432.38,-808.60,2.93,6.62,1.26,-432.38,-808.60,0.00,-8.73,3.41 
20.68,1,-350.46,-846.57,18.82,5.99,0.09,-350.46,-846.57,0.00,-3.84,-0.38 
20.68,2,-523.98,-820.65,7.18,14.27,0.38,-523.98,-820.65,0.00,-2.76,8.82 
20.79,0,-433.41,-808.32,3.25,6.59,0.95,-433.41,-808.32,0.00,-8.74,3.36 
20.79,1,-350.96,-846.63,18.59,5.74,0.09,-350.96,-846.63,0.00,-3.87,-0.39 
20.79,2,-524.44,-819.68,7.05,14.19,0.39,-524.44,-819.68,0.00,-2.82,8.80 
20.91,0,-434.46,-808.00,2.95,6.64,0.98,-434.46,-808.00,0.00,-8.75,3.32 
20.91,1,-351.47,-846.67,18.41,5.83,0.09,-351.47,-846.67,0.00,-3.89,-0.38 
20.91,2,-524.85,-818.78,6.70,13.93,0.39,-524.85,-818.78,0.00,-2.86,8.73 
20.91,0,-435.33,-807.72,2.19,6.19,1.27,-435.33,-807.72,0.00,-8.75,3.30 
20.91,1,-351.86,-846.69,18.42,5.87,0.09,-351.86,-846.69,0.00,-3.90,-0.38 
20.91,2,-525.21,-818.04,6.63,13.37,0.40,-525.21,-818.04,0.00,-2.90,8.67 
21.03,0,-436.37,-807.40,2.80,6.58,0.97,-436.37,-807.40,0.00,-8.76,3.27 
21.03,1,-352.32,-846.71,18.28,5.91,0.09,-352.32,-846.71,0.00,-3.90,-0.37 
21.03,2,-525.67,-817.03,6.70,14.82,0.40,-525.67,-817.03,0.00,-2.95,8.67 
21.14,0,-437.34,-807.08,2.03,6.28,1.28,-437.34,-807.08,0.00,-8.75,3.25 
21.14,1,-352.78,-846.72,18.15,6.18,0.09,-352.78,-846.72,0.00,-3.91,-0.35 
21.14,2,-526.13,-815.98,6.42,17.55,0.39,-526.13,-815.98,0.00,-3.02,8.71 
21.36,0,-439.30,-806.46,3.07,6.81,1.21,-439.30,-806.46,0.00,-8.75,3.20 
21.36,1,-353.64,-846.83,18.42,6.03,0.09,-353.64,-846.83,0.00,-3.90,-0.37 
21.36,2,-526.89,-814.23,7.05,14.28,0.42,-526.89,-814.23,0.00,-3.06,8.61 
21.47,0,-440.27,-806.19,3.03,6.70,1.24,-440.27,-806.19,0.00,-8.75,3.16 
21.47,1,-354.08,-846.89,17.94,5.97,0.09,-354.08,-846.89,0.00,-3.91,-0.38 
21.47,2,-527.38,-813.28,7.01,16.03,0.42,-527.38,-813.28,0.00,-3.13,8.61 
21.57,0,-441.16,-805.96,3.05,6.80,1.17,-441.16,-805.96,0.00,-8.76,3.11 
21.57,1,-354.47,-847.01,6.41,17.68,1.49,-354.47,-847.01,0.00,-3.91,-0.42 
21.57,2,-527.76,-812.58,6.87,13.98,0.43,-527.76,-812.58,0.00,-3.16,8.53 
21.69,0,-442.18,-805.67,2.84,6.80,1.18,-442.18,-805.67,0.00,-8.76,3.08 
21.69,1,-354.91,-847.06,18.37,5.63,0.09,-354.91,-847.06,0.00,-3.90,-0.41 
21.69,2,-528.27,-811.56,6.77,16.44,0.43,-528.27,-811.56,0.00,-3.23,8.55 
21.89,0,-443.96,-805.13,2.92,6.35,1.23,-443.96,-805.13,0.00,-8.77,3.05 
21.89,1,-355.58,-847.13,18.46,5.58,0.09,-355.58,-847.13,0.00,-3.85,-0.41 
21.89,2,-529.02,-809.95,6.89,13.59,0.44,-529.02,-809.95,0.00,-3.28,8.50 
22.09,0,-445.77,-804.60,2.96,6.62,1.26,-445.77,-804.60,0.00,-8.79,3.01 
22.09,1,-356.33,-847.20,18.51,5.71,0.09,-356.33,-847.20,0.00,-3.84,-0.40 
22.09,2,-529.85,-808.24,6.95,15.21,0.45,-529.85,-808.24,0.00,-3.36,8.50 
22.66,0,-450.96,-803.07,3.69,7.69,1.32,-450.96,-803.07,0.00,-8.88,2.93 
22.66,1,-358.56,-847.46,18.04,5.86,0.09,-358.56,-847.46,0.00,-3.86,-0.41 
22.66,2,-532.13,-803.36,7.54,16.23,0.49,-532.13,-803.36,0.00,-3.52,8.52 
22.78,0,-452.16,-802.86,3.41,7.29,1.28,-452.16,-802.86,0.00,-8.94,2.86 
22.78,1,-359.01,-847.50,18.12,5.62,0.09,-359.01,-847.50,0.00,-3.85,-0.41 
22.78,2,-532.76,-802.48,7.35,12.39,0.49,-532.76,-802.48,0.00,-3.61,8.46 
22.99,0,-454.20,-802.35,3.10,7.15,1.34,-454.20,-802.35,0.00,-9.00,2.81 
22.99,1,-359.87,-847.57,17.65,5.93,0.09,-359.87,-847.57,0.00,-3.87,-0.40 
22.99,2,-533.74,-800.76,7.14,12.13,0.50,-533.74,-800.76,0.00,-3.71,8.41 
23.09,0,-455.21,-802.16,3.01,7.05,1.34,-455.21,-802.16,0.00,-9.04,2.77 
23.09,1,-360.26,-847.59,17.85,5.82,0.09,-360.26,-847.59,0.00,-3.86,-0.39 
23.09,2,-534.38,-799.83,6.87,16.38,0.51,-534.38,-799.83,0.00,-3.84,8.45 
23.19,0,-456.17,-802.00,3.11,6.28,1.40,-456.17,-802.00,0.00,-9.07,2.71 
23.19,1,-360.64,-847.61,15.30,5.90,0.09,-360.64,-847.61,0.00,-3.86,-0.38 
23.19,2,-534.92,-799.06,6.85,12.35,0.51,-534.92,-799.06,0.00,-3.92,8.41 
23.30,0,-457.18,-801.80,2.85,7.13,1.35,-457.18,-801.80,0.00,-9.12,2.67 
23.30,1,-361.10,-847.64,17.42,5.91,0.09,-361.10,-847.64,0.00,-3.90,-0.38 
23.30,2,-535.45,-798.28,6.70,12.20,0.52,-535.45,-798.28,0.00,-3.98,8.37 
23.30,0,-458.17,-801.58,2.65,7.05,1.34,-458.17,-801.58,0.00,-9.15,2.65 
23.30,1,-361.52,-847.65,17.39,6.00,0.09,-361.52,-847.65,0.00,-3.91,-0.36 
23.30,2,-536.08,-797.28,6.38,18.52,0.52,-536.08,-797.28,0.00,-4.10,8.46 
23.41,0,-459.28,-801.31,2.46,6.93,1.36,-459.28,-801.31,0.00,-9.18,2.63 
23.41,1,-361.97,-847.65,17.28,6.09,0.09,-361.97,-847.65,0.00,-3.91,-0.34 
23.41,2,-536.75,-796.17,6.37,18.14,0.53,-536.75,-796.17,0.00,-4.21,8.53 
23.53,0,-460.35,-801.05,2.52,6.02,1.35,-460.35,-801.05,0.00,-9.18,2.60 
23.53,1,-362.40,-847.66,17.81,6.03,0.09,-362.40,-847.66,0.00,-3.90,-0.33 
23.53,2,-537.30,-795.29,6.31,12.71,0.53,-537.30,-795.29,0.00,-4.24,8.47 
23.63,0,-461.31,-800.82,2.34,6.73,1.36,-461.31,-800.82,0.00,-9.21,2.59 
23.63,1,-362.76,-847.65,18.13,6.10,0.09,-362.76,-847.65,0.00,-3.88,-0.30 
23.63,2,-537.87,-794.37,6.02,16.22,0.54,-537.87,-794.37,0.00,-4.31,8.50 
23.84,0,-463.30,-800.32,2.54,6.05,1.36,-463.30,-800.32,0.00,-9.20,2.56 
23.84,1,-363.46,-847.66,18.47,6.15,0.09,-363.46,-847.66,0.00,-3.81,-0.28 
23.84,2,-538.96,-792.48,6.32,15.90,0.55,-538.96,-792.48,0.00,-4.39,8.53 
24.04,0,-465.16,-799.95,3.30,5.98,1.55,-465.16,-799.95,0.00,-9.21,2.49 
24.04,1,-364.18,-847.68,18.44,6.10,0.07,-364.18,-847.68,0.00,-3.79,-0.26 
24.04,2,-539.92,-790.89,6.37,12.71,0.56,-539.92,-790.89,0.00,-4.43,8.47 
24.36,0,-468.08,-799.42,5.96,4.29,0.02,-468.08,-799.42,0.00,-9.21,2.36 
24.36,1,-365.40,-847.80,17.35,6.13,0.09,-365.40,-847.80,0.00,-3.80,-0.28 
24.36,2,-541.45,-788.42,7.12,13.27,0.57,-541.45,-788.42,0.00,-4.50,8.37 
24.48,0,-469.15,-799.37,5.72,4.07,0.02,-469.15,-799.37,0.00,-9.21,2.25 
24.48,1,-365.89,-847.87,17.08,6.07,0.08,-365.89,-847.87,0.00,-3.82,-0.30 
24.48,2,-542.07,-787.62,6.69,13.26,0.58,-542.07,-787.62,0.00,-4.55,8.28 
24.58,0,-470.12,-799.24,3.01,6.71,1.40,-470.12,-799.24,0.00,-9.24,2.20 
24.58,1,-366.37,-847.94,16.85,6.00,0.08,-366.37,-847.94,0.00,-3.87,-0.32 
24.58,2,-542.63,-786.94,6.71,13.01,0.58,-542.63,-786.94,0.00,-4.59,8.20 
24.58,0,-471.09,-799.08,2.76,6.73,1.40,-471.09,-799.08,0.00,-9.26,2.17 
24.58,1,-366.84,-847.99,16.74,5.78,0.08,-366.84,-847.99,0.00,-3.91,-0.32 
24.58,2,-543.19,-786.22,6.59,12.63,0.59,-543.19,-786.22,0.00,-4.64,8.15 
24.81,0,-473.08,-798.69,2.75,7.83,1.42,-473.08,-798.69,0.00,-9.17,2.11 
24.81,1,-367.78,-848.05,15.59,5.87,0.09,-367.78,-848.05,0.00,-3.93,-0.32 
24.81,2,-544.28,-784.55,6.40,14.41,0.60,-544.28,-784.55,0.00,-4.65,8.04 
24.81,0,-473.86,-798.55,2.44,7.43,1.41,-473.86,-798.55,0.00,-9.10,2.08 
24.81,1,-368.08,-848.05,17.97,6.05,0.08,-368.08,-848.05,0.00,-3.88,-0.30 
24.81,2,-544.76,-783.92,6.30,13.80,0.60,-544.76,-783.92,0.00,-4.66,7.95 
24.93,0,-474.84,-798.36,2.29,7.34,1.41,-474.84,-798.36,0.00,-9.06,2.05 
24.93,1,-368.61,-848.05,15.38,6.16,0.08,-368.61,-848.05,0.00,-3.91,-0.28 
24.93,2,-545.34,-783.14,6.24,13.56,0.61,-545.34,-783.14,0.00,-4.67,7.88 
25.15,0,-476.74,-797.98,2.46,7.20,1.42,-476.74,-797.98,0.00,-9.03,2.02 
25.15,1,-369.40,-848.07,16.62,6.08,0.08,-369.40,-848.07,0.00,-3.88,-0.26 
25.15,2,-546.56,-781.35,6.32,18.10,0.62,-546.56,-781.35,0.00,-4.77,7.92 
25.35,0,-478.45,-797.65,2.59,6.78,1.42,-478.45,-797.65,0.00,-8.99,1.98 
25.35,1,-370.24,-848.10,15.15,5.91,0.09,-370.24,-848.10,0.00,-3.92,-0.25 
25.35,2,-547.68,-779.76,6.51,16.07,0.62,-547.68,-779.76,0.00,-4.86,7.92 
25.56,0,-480.33,-797.31,2.58,6.44,1.44,-480.33,-797.31,0.00,-8.95,1.94 
25.56,1,-371.15,-848.13,14.95,6.15,0.09,-371.15,-848.13,0.00,-3.95,-0.24 
25.56,2,-548.76,-778.24,6.40,13.28,0.64,-548.76,-778.24,0.00,-4.87,7.83 
25.76,0,-482.08,-797.00,2.66,6.06,1.44,-482.08,-797.00,0.00,-8.93,1.90 
25.76,1,-371.99,-848.15,14.81,5.96,0.05,-371.99,-848.15,0.00,-3.97,-0.23 
25.76,2,-549.79,-776.51,5.12,17.69,0.47,-549.79,-776.51,0.00,-4.89,7.90 
25.88,0,-483.14,-796.94,3.63,6.37,1.44,-483.14,-796.94,0.00,-8.94,1.83 
25.88,1,-372.48,-848.25,14.62,6.47,0.11,-372.48,-848.25,0.00,-3.98,-0.26 
25.88,2,-550.51,-775.74,7.21,14.25,0.65,-550.51,-775.74,0.00,-4.97,7.83 
26.00,0,-484.13,-796.86,3.31,6.30,1.45,-484.13,-796.86,0.00,-8.92,1.76 
26.00,1,-372.96,-848.31,14.49,6.17,0.11,-372.96,-848.31,0.00,-3.99,-0.28 
26.00,2,-551.27,-774.90,6.92,15.57,0.66,-551.27,-774.90,0.00,-5.05,7.80 
26.21,0,-486.03,-796.60,3.14,6.07,1.45,-486.03,-796.60,0.00,-8.90,1.70 
26.21,1,-373.89,-848.40,15.71,5.92,0.09,-373.89,-848.40,0.00,-4.02,-0.29 
26.21,2,-552.54,-773.29,7.05,15.14,0.67,-552.54,-773.29,0.00,-5.13,7.76 
26.31,0,-487.11,-796.52,3.08,8.36,1.47,-487.11,-796.52,0.00,-8.99,1.66 
26.31,1,-374.38,-848.45,16.40,5.84,0.08,-374.38,-848.45,0.00,-4.06,-0.30 
26.31,2,-553.14,-772.68,7.03,11.90,0.68,-553.14,-772.68,0.00,-5.17,7.68 
26.41,0,-488.14,-796.41,2.81,7.17,1.46,-488.14,-796.41,0.00,-9.05,1.63 
26.41,1,-374.56,-848.45,22.34,5.80,0.10,-374.56,-848.45,0.00,-3.96,-0.29 
26.41,2,-553.78,-771.99,6.74,11.97,0.68,-553.78,-771.99,0.00,-5.23,7.64 
26.63,0,-490.25,-796.12,2.72,8.08,1.47,-490.25,-796.12,0.00,-9.12,1.61 
26.63,1,-375.21,-848.47,22.22,5.95,0.10,-375.21,-848.47,0.00,-3.85,-0.27 
26.63,2,-555.25,-770.17,6.77,20.06,0.69,-555.25,-770.17,0.00,-5.39,7.72 
26.85,0,-492.32,-795.85,2.84,6.37,1.48,-492.32,-795.85,0.00,-9.16,1.57 
26.85,1,-375.84,-848.49,22.13,5.91,0.10,-375.84,-848.49,0.00,-3.76,-0.25 
26.85,2,-556.73,-768.37,6.56,19.31,0.70,-556.73,-768.37,0.00,-5.53,7.78 
27.05,0,-494.31,-795.71,3.88,7.86,1.48,-494.31,-795.71,0.00,-9.24,1.49 
27.05,1,-376.43,-848.61,21.23,6.59,0.10,-376.43,-848.61,0.00,-3.68,-0.28 
27.05,2,-558.00,-766.72,5.71,17.95,0.58,-558.00,-766.72,0.00,-5.61,7.82 
27.16,0,-495.50,-795.67,3.53,7.50,1.49,-495.50,-795.67,0.00,-9.29,1.42 
27.16,1,-376.70,-848.68,21.57,6.43,0.10,-376.70,-848.68,0.00,-3.61,-0.30 
27.16,2,-558.78,-765.75,5.61,17.63,0.58,-558.78,-765.75,0.00,-5.67,7.85 
27.38,0,-497.62,-795.49,3.31,7.29,1.49,-497.62,-795.49,0.00,-9.34,1.36 
27.38,1,-377.35,-848.75,21.09,6.00,0.10,-377.35,-848.75,0.00,-3.55,-0.30 
27.38,2,-560.10,-764.32,7.65,13.71,0.73,-560.10,-764.32,0.00,-5.72,7.72 
27.38,0,-498.64,-795.46,3.21,7.25,1.50,-498.64,-795.46,0.00,-9.38,1.31 
27.38,1,-377.61,-848.79,20.74,5.89,0.10,-377.61,-848.79,0.00,-3.50,-0.30 
27.38,2,-560.72,-763.82,7.55,13.26,0.74,-560.72,-763.82,0.00,-5.74,7.59 
27.60,0,-500.60,-795.31,3.24,7.34,1.50,-500.60,-795.31,0.00,-9.34,1.25 
27.60,1,-378.23,-848.86,21.13,6.05,0.10,-378.23,-848.86,0.00,-3.43,-0.31 
27.60,2,-561.94,-762.52,7.49,14.81,0.74,-561.94,-762.52,0.00,-5.73,7.43 
27.60,0,-501.48,-795.28,3.00,7.03,1.51,-501.48,-795.28,0.00,-9.32,1.20 
27.60,1,-378.47,-848.87,20.82,5.77,0.10,-378.47,-848.87,0.00,-3.38,-0.30 
27.60,2,-562.68,-761.88,7.15,15.53,0.75,-562.68,-761.88,0.00,-5.80,7.38 
27.71,0,-502.46,-795.24,2.96,6.97,1.52,-502.46,-795.24,0.00,-9.27,1.16 
27.71,1,-378.77,-848.89,20.64,5.76,0.10,-378.77,-848.89,0.00,-3.34,-0.29 
27.71,2,-563.31,-761.30,7.10,14.27,0.75,-563.31,-761.30,0.00,-5.78,7.25 
27.81,0,-503.35,-795.20,2.88,6.81,1.51,-503.35,-795.20,0.00,-9.25,1.12 
27.81,1,-379.04,-848.91,20.41,5.75,0.10,-379.04,-848.91,0.00,-3.31,-0.29 
27.81,2,-564.00,-760.68,6.94,14.11,0.76,-564.00,-760.68,0.00,-5.83,7.20 
27.91,0,-504.26,-795.16,2.86,6.57,1.51,-504.26,-795.16,0.00,-9.24,1.09 
27.91,1,-379.32,-848.93,20.23,5.75,0.10,-379.32,-848.93,0.00,-3.29,-0.28 
27.91,2,-564.55,-760.19,6.80,13.57,0.76,-564.55,-760.19,0.00,-5.82,7.09 
28.02,0,-505.14,-795.20,3.83,6.46,1.52,-505.14,-795.20,0.00,-9.22,1.02 
28.02,1,-379.62,-849.03,19.99,6.72,0.10,-379.62,-849.03,0.00,-3.27,-0.32 
28.02,2,-565.16,-759.70,7.41,13.93,0.77,-565.16,-759.70,0.00,-5.83,6.98 
28.13,0,-506.21,-795.11,2.32,6.52,1.52,-506.21,-795.11,0.00,-9.22,1.00 
28.13,1,-379.97,-849.02,20.14,6.27,0.10,-379.97,-849.02,0.00,-3.26,-0.29 
28.13,2,-565.87,-758.99,6.26,12.77,0.77,-565.87,-758.99,0.00,-5.84,6.93 
28.25,0,-507.23,-795.10,3.38,6.45,1.53,-507.23,-795.10,0.00,-9.19,0.95 
28.25,1,-380.32,-849.08,20.04,6.18,0.11,-380.32,-849.08,0.00,-3.24,-0.31 
28.25,2,-566.53,-758.40,6.93,13.35,0.78,-566.53,-758.40,0.00,-5.83,6.83 
28.36,0,-508.22,-795.08,3.14,6.45,1.53,-508.22,-795.08,0.00,-9.15,0.91 
28.36,1,-380.66,-849.13,20.23,5.98,0.11,-380.66,-849.13,0.00,-3.22,-0.31 
28.36,2,-567.33,-757.65,6.73,14.91,0.78,-567.33,-757.65,0.00,-5.89,6.80 
28.47,0,-509.06,-795.07,3.06,6.24,1.53,-509.06,-795.07,0.00,-9.11,0.87 
28.47,1,-380.98,-849.18,19.51,5.97,0.10,-380.98,-849.18,0.00,-3.22,-0.32 
28.47,2,-567.90,-757.16,6.83,12.85,0.79,-567.90,-757.16,0.00,-5.88,6.71 
28.58,0,-510.13,-795.03,2.86,6.45,1.54,-510.13,-795.03,0.00,-9.11,0.84 
28.58,1,-381.35,-849.21,19.65,5.74,0.10,-381.35,-849.21,0.00,-3.22,-0.32 
28.58,2,-568.62,-756.49,6.60,12.66,0.79,-568.62,-756.49,0.00,-5.90,6.66 
28.90,0,-512.98,-794.85,3.02,6.07,1.55,-512.98,-794.85,0.00,-9.10,0.80 
28.90,1,-382.38,-849.30,19.65,5.76,0.10,-382.38,-849.30,0.00,-3.23,-0.32 
28.90,2,-570.34,-754.74,4.26,13.15,0.18,-570.34,-754.74,0.00,-5.83,6.49 
29.00,0,-513.96,-794.84,2.77,5.56,1.55,-513.96,-794.84,0.00,-9.13,0.76 
29.00,1,-382.78,-849.33,20.39,5.99,0.10,-382.78,-849.33,0.00,-3.26,-0.31 
29.00,2,-571.19,-753.82,5.37,20.22,0.66,-571.19,-753.82,0.00,-5.95,6.62 
29.12,0,-515.16,-794.82,2.77,8.39,1.56,-515.16,-794.82,0.00,-9.20,0.73 
29.12,1,-383.20,-849.34,20.30,5.95,0.11,-383.20,-849.34,0.00,-3.28,-0.30 
29.12,2,-571.96,-753.08,5.32,11.13,0.83,-571.96,-753.08,0.00,-5.99,6.60 
29.32,0,-517.18,-794.73,2.68,8.37,1.57,-517.18,-794.73,0.00,-9.27,0.70 
29.32,1,-383.93,-849.38,20.46,6.11,0.11,-383.93,-849.38,0.00,-3.31,-0.29 
29.32,2,-573.32,-751.80,6.53,11.25,0.84,-573.32,-751.80,0.00,-6.06,6.57 
29.43,0,-518.31,-794.70,6.52,2.51,0.01,-518.31,-794.70,0.00,-9.30,0.68 
29.43,1,-384.37,-849.38,20.33,6.27,0.11,-384.37,-849.38,0.00,-3.34,-0.27 
29.43,2,-574.20,-751.05,6.70,13.47,0.84,-574.20,-751.05,0.00,-6.15,6.57 
29.55,0,-519.44,-794.74,6.25,3.52,0.00,-519.44,-794.74,0.00,-9.33,0.62 
29.55,1,-384.82,-849.45,20.29,6.18,0.10,-384.82,-849.45,0.00,-3.37,-0.29 
29.55,2,-575.02,-750.42,7.27,10.51,0.85,-575.02,-750.42,0.00,-6.20,6.51 
29.67,0,-520.61,-794.77,7.58,3.24,0.00,-520.61,-794.77,0.00,-9.37,0.57 
29.67,1,-385.24,-849.50,20.16,5.93,0.11,-385.24,-849.50,0.00,-3.38,-0.30 
29.67,2,-575.89,-749.72,6.88,12.59,0.85,-575.89,-749.72,0.00,-6.27,6.48 
29.88,0,-522.66,-794.74,5.87,3.10,0.01,-522.66,-794.74,0.00,-9.38,0.53 
29.88,1,-386.03,-849.57,20.14,5.68,0.11,-386.03,-849.57,0.00,-3.41,-0.30 
29.88,2,-577.42,-748.38,7.00,12.82,0.86,-577.42,-748.38,0.00,-6.35,6.45 
30.00,0,-523.89,-794.76,7.44,2.86,0.02,-523.89,-794.76,0.00,-9.44,0.49 
30.00,1,-386.51,-849.60,20.74,5.89,0.11,-386.51,-849.60,0.00,-3.45,-0.30 
30.00,2,-578.41,-747.58,6.48,14.73,0.87,-578.41,-747.58,0.00,-6.47,6.47 
30.12,0,-525.10,-794.78,7.08,2.73,0.05,-525.10,-794.78,0.00,-9.49,0.45 
30.12,1,-386.98,-849.62,20.57,6.08,0.11,-386.98,-849.62,0.00,-3.48,-0.29 
30.12,2,-579.47,-746.65,6.05,19.10,0.80,-579.47,-746.65,0.00,-6.62,6.56 
30.33,0,-527.30,-794.74,8.26,2.59,0.03,-527.30,-794.74,0.00,-9.56,0.42 
30.33,1,-387.82,-849.65,20.46,6.23,0.11,-387.82,-849.65,0.00,-3.52,-0.28 
30.33,2,-581.14,-745.02,5.16,18.66,0.74,-581.14,-745.02,0.00,-6.73,6.65 
30.55,0,-529.48,-794.81,7.98,3.72,0.04,-529.48,-794.81,0.00,-9.61,0.35 
30.55,1,-388.66,-849.76,20.44,6.16,0.11,-388.66,-849.76,0.00,-3.56,-0.30 
30.55,2,-582.75,-743.76,7.68,10.86,0.90,-582.75,-743.76,0.00,-6.80,6.57 
30.67,0,-530.54,-794.89,5.93,3.39,0.04,-530.54,-794.89,0.00,-9.58,0.29 
30.67,1,-389.13,-849.82,20.26,5.88,0.11,-389.13,-849.82,0.00,-3.58,-0.31 
30.67,2,-583.63,-743.19,7.36,10.71,0.90,-583.63,-743.19,0.00,-6.84,6.48 
30.77,0,-531.45,-794.97,5.84,3.35,0.03,-531.45,-794.97,0.00,-9.56,0.24 
30.77,1,-389.54,-849.88,20.15,5.95,0.11,-389.54,-849.88,0.00,-3.61,-0.32 
30.77,2,-584.50,-742.62,7.33,13.38,0.91,-584.50,-742.62,0.00,-6.93,6.44 
30.77,0,-532.35,-795.03,5.64,3.10,0.03,-532.35,-795.03,0.00,-9.53,0.20 
30.77,1,-389.94,-849.91,20.14,5.68,0.11,-389.94,-849.91,0.00,-3.63,-0.33 
30.77,2,-585.23,-742.13,6.86,10.38,0.91,-585.23,-742.13,0.00,-6.95,6.36 
30.98,0,-534.30,-795.08,7.53,3.13,0.04,-534.30,-795.08,0.00,-9.48,0.15 
30.98,1,-390.71,-849.98,19.81,5.73,0.11,-390.71,-849.98,0.00,-3.62,-0.33 
30.98,2,-586.57,-741.07,6.72,11.79,0.92,-586.57,-741.07,0.00,-6.87,6.21 
31.10,0,-535.34,-795.16,7.57,3.33,0.10,-535.34,-795.16,0.00,-9.45,0.11 
31.10,1,-391.11,-850.01,19.95,5.89,0.11,-391.11,-850.01,0.00,-3.61,-0.32 
31.10,2,-587.36,-740.53,6.81,11.55,0.93,-587.36,-740.53,0.00,-6.87,6.12 
31.20,0,-536.15,-795.21,7.24,2.85,0.04,-536.15,-795.21,0.00,-9.38,0.08 
31.20,1,-391.46,-850.03,19.98,5.86,0.11,-391.46,-850.03,0.00,-3.60,-0.31 
31.20,2,-587.96,-740.14,6.48,11.00,0.92,-587.96,-740.14,0.00,-6.82,6.02 
31.20,0,-536.98,-795.27,6.89,2.83,0.05,-536.98,-795.27,0.00,-9.33,0.05 
31.20,1,-391.82,-850.05,19.46,5.85,0.11,-391.82,-850.05,0.00,-3.61,-0.31 
31.20,2,-588.48,-739.81,6.74,10.18,0.94,-588.48,-739.81,0.00,-6.74,5.89 
31.42,0,-538.86,-795.32,6.66,2.98,0.05,-538.86,-795.32,0.00,-9.26,0.02 
31.42,1,-392.60,-850.10,19.65,5.83,0.11,-392.60,-850.10,0.00,-3.60,-0.30 
31.42,2,-590.11,-738.57,6.47,13.16,0.95,-590.11,-738.57,0.00,-6.82,5.87 
31.62,0,-540.64,-795.41,6.22,3.06,0.05,-540.64,-795.41,0.00,-9.23,-0.03 
31.62,1,-393.34,-850.16,19.66,5.81,0.11,-393.34,-850.16,0.00,-3.61,-0.30 
31.62,2,-591.41,-737.62,6.63,9.45,0.96,-591.41,-737.62,0.00,-6.79,5.76 
31.82,0,-542.42,-795.53,7.70,3.44,0.13,-542.42,-795.53,0.00,-9.19,-0.08 
31.82,1,-394.02,-850.21,20.07,5.76,0.11,-394.02,-850.21,0.00,-3.59,-0.29 
31.82,2,-592.49,-736.86,6.97,10.09,0.96,-592.49,-736.86,0.00,-6.66,5.57 
31.82,0,-543.18,-795.59,7.31,2.83,0.07,-543.18,-795.59,0.00,-9.11,-0.11 
31.82,1,-394.34,-850.21,20.18,5.96,0.11,-394.34,-850.21,0.00,-3.57,-0.28 
31.82,2,-592.89,-736.64,6.46,8.86,0.97,-592.89,-736.64,0.00,-6.53,5.41 
31.93,0,-544.15,-795.66,7.26,2.70,0.07,-544.15,-795.66,0.00,-9.07,-0.13 
31.93,1,-394.74,-850.21,19.81,6.12,0.11,-394.74,-850.21,0.00,-3.56,-0.27 
31.93,2,-593.54,-736.23,6.45,8.29,0.97,-593.54,-736.23,0.00,-6.48,5.31 
32.15,0,-545.99,-795.74,6.94,2.80,0.08,-545.99,-795.74,0.00,-9.01,-0.16 
32.15,1,-395.50,-850.24,19.65,6.04,0.11,-395.50,-850.24,0.00,-3.56,-0.25 
32.15,2,-595.01,-735.16,6.14,8.15,0.98,-595.01,-735.16,0.00,-6.51,5.27 
32.37,0,-547.93,-795.94,6.91,3.88,0.11,-547.93,-795.94,0.00,-9.01,-0.24 
32.37,1,-396.23,-850.34,20.32,6.29,0.11,-396.23,-850.34,0.00,-3.54,-0.27 
32.37,2,-596.26,-734.35,6.96,7.32,0.99,-596.26,-734.35,0.00,-6.44,5.11 
32.59,0,-549.92,-796.14,7.05,3.42,0.10,-549.92,-796.14,0.00,-9.02,-0.31 
32.59,1,-396.97,-850.41,20.19,5.94,0.11,-396.97,-850.41,0.00,-3.53,-0.28 
32.59,2,-597.55,-733.52,6.79,6.25,1.00,-597.55,-733.52,0.00,-6.39,4.98 
32.69,0,-550.88,-796.30,7.16,3.30,0.11,-550.88,-796.30,0.00,-9.05,-0.37 
32.69,1,-397.33,-850.46,19.69,5.93,0.11,-397.33,-850.46,0.00,-3.53,-0.29 
32.69,2,-598.55,-732.99,6.80,7.97,0.99,-598.55,-732.99,0.00,-6.56,5.00 
32.80,0,-551.93,-796.44,6.22,3.03,0.11,-551.93,-796.44,0.00,-9.05,-0.41 
32.80,1,-397.72,-850.49,20.23,5.73,0.11,-397.72,-850.49,0.00,-3.52,-0.29 
32.80,2,-599.35,-732.54,6.38,6.20,1.01,-599.35,-732.54,0.00,-6.57,4.94 
33.00,0,-553.63,-796.61,5.24,3.07,0.12,-553.63,-796.61,0.00,-8.99,-0.46 
33.00,1,-398.44,-850.56,19.84,5.75,0.11,-398.44,-850.56,0.00,-3.53,-0.29 
33.00,2,-600.89,-731.55,6.18,10.37,0.98,-600.89,-731.55,0.00,-6.68,4.93 
33.20,0,-555.39,-796.81,4.91,3.10,0.12,-555.39,-796.81,0.00,-8.98,-0.51 
33.20,1,-399.18,-850.62,19.86,5.73,0.11,-399.18,-850.62,0.00,-3.54,-0.29 
33.20,2,-602.21,-730.75,6.42,4.91,1.03,-602.21,-730.75,0.00,-6.67,4.85 
33.20,0,-556.24,-796.95,4.57,3.04,0.13,-556.24,-796.95,0.00,-8.95,-0.55 
33.20,1,-399.54,-850.64,19.96,5.70,0.11,-399.54,-850.64,0.00,-3.54,-0.29 
33.20,2,-603.02,-730.34,6.63,6.84,1.05,-603.02,-730.34,0.00,-6.74,4.81 
33.32,0,-557.26,-797.10,4.64,3.00,0.13,-557.26,-797.10,0.00,-8.94,-0.59 
33.32,1,-399.97,-850.68,19.92,5.70,0.11,-399.97,-850.68,0.00,-3.55,-0.29 
33.32,2,-603.82,-729.92,6.45,4.51,1.05,-603.82,-729.92,0.00,-6.74,4.74 
33.42,0,-558.12,-797.23,4.29,2.76,0.14,-558.12,-797.23,0.00,-8.93,-0.62 
33.42,1,-400.36,-850.70,19.95,5.89,0.11,-400.36,-850.70,0.00,-3.57,-0.29 
33.42,2,-604.53,-729.56,6.19,3.98,1.05,-604.53,-729.56,0.00,-6.76,4.69 
33.54,0,-559.11,-797.36,4.37,2.76,0.14,-559.11,-797.36,0.00,-8.90,-0.65 
33.54,1,-400.78,-850.72,19.94,5.87,0.11,-400.78,-850.72,0.00,-3.57,-0.28 
33.54,2,-605.35,-729.10,6.09,3.86,1.06,-605.35,-729.10,0.00,-6.78,4.65 
33.64,0,-560.00,-797.49,4.47,2.76,0.14,-560.00,-797.49,0.00,-8.90,-0.68 
33.64,1,-401.16,-850.74,20.01,5.84,0.11,-401.16,-850.74,0.00,-3.58,-0.28 
33.64,2,-606.09,-728.70,6.09,3.83,1.06,-606.09,-728.70,0.00,-6.80,4.62 
33.84,0,-561.77,-797.70,3.82,2.85,0.15,-561.77,-797.70,0.00,-8.90,-0.71 
33.84,1,-401.90,-850.79,20.17,5.81,0.11,-401.90,-850.79,0.00,-3.59,-0.28 
33.84,2,-607.55,-727.84,6.11,4.45,1.07,-607.55,-727.84,0.00,-6.85,4.59 
34.05,0,-563.75,-797.93,5.28,2.74,0.16,-563.75,-797.93,0.00,-8.92,-0.75 
34.05,1,-402.69,-850.83,20.15,5.98,0.11,-402.69,-850.83,0.00,-3.60,-0.27 
34.05,2,-609.16,-726.88,5.98,4.82,1.08,-609.16,-726.88,0.00,-6.91,4.57 
34.37,0,-566.62,-798.39,5.55,3.87,0.31,-566.62,-798.39,0.00,-8.94,-0.86 
34.37,1,-403.86,-850.97,20.34,6.27,0.11,-403.86,-850.97,0.00,-3.61,-0.29 
34.37,2,-611.56,-725.55,7.07,5.22,1.10,-611.56,-725.55,0.00,-7.01,4.52 
34.49,0,-567.71,-798.64,5.18,3.28,0.17,-567.71,-798.64,0.00,-8.96,-0.92 
34.49,1,-404.30,-851.03,20.28,5.92,0.11,-404.30,-851.03,0.00,-3.62,-0.30 
34.49,2,-612.55,-725.11,6.38,4.90,1.10,-612.55,-725.11,0.00,-7.09,4.47 
34.60,0,-568.71,-798.85,3.68,2.99,0.17,-568.71,-798.85,0.00,-8.94,-0.97 
34.60,1,-404.75,-851.07,19.97,5.68,0.11,-404.75,-851.07,0.00,-3.63,-0.30 
34.60,2,-613.52,-724.65,6.38,4.86,1.11,-613.52,-724.65,0.00,-7.15,4.44 
34.70,0,-569.74,-799.05,5.61,2.72,0.18,-569.74,-799.05,0.00,-9.00,-1.02 
34.70,1,-405.18,-851.09,20.70,5.86,0.11,-405.18,-851.09,0.00,-3.66,-0.30 
34.70,2,-614.52,-724.19,6.01,7.09,1.12,-614.52,-724.19,0.00,-7.29,4.45 
34.82,0,-570.91,-799.27,5.71,2.70,0.19,-570.91,-799.27,0.00,-9.06,-1.07 
34.82,1,-405.68,-851.12,20.76,5.83,0.11,-405.68,-851.12,0.00,-3.70,-0.30 
34.82,2,-615.59,-723.65,5.65,6.38,1.12,-615.59,-723.65,0.00,-7.39,4.46 
35.04,0,-572.95,-799.60,4.76,2.79,0.19,-572.95,-799.60,0.00,-9.10,-1.12 
35.04,1,-406.53,-851.18,20.55,5.79,0.11,-406.53,-851.18,0.00,-3.72,-0.30 
35.04,2,-617.43,-722.70,6.24,6.24,1.13,-617.43,-722.70,0.00,-7.51,4.45 
35.45,0,-576.82,-800.32,4.66,3.74,0.29,-576.82,-800.32,0.00,-9.13,-1.23 
35.45,1,-408.16,-851.38,20.64,6.26,0.11,-408.16,-851.38,0.00,-3.76,-0.33 
35.45,2,-621.04,-720.90,7.05,9.13,1.16,-621.04,-720.90,0.00,-7.73,4.43 
35.55,0,-577.86,-800.55,5.23,2.59,0.21,-577.86,-800.55,0.00,-9.19,-1.29 
35.55,1,-408.59,-851.38,20.64,6.05,0.11,-408.59,-851.38,0.00,-3.78,-0.32 
35.55,2,-622.25,-720.40,6.13,10.28,1.16,-622.25,-720.40,0.00,-7.93,4.45 
35.77,0,-579.93,-801.03,5.58,3.40,0.22,-579.93,-801.03,0.00,-9.24,-1.38 
35.77,1,-409.44,-851.49,20.65,6.04,0.11,-409.44,-851.49,0.00,-3.80,-0.34 
35.77,2,-624.29,-719.52,6.85,8.20,1.17,-624.29,-719.52,0.00,-8.10,4.42 
36.09,0,-582.99,-801.67,5.48,3.23,0.24,-582.99,-801.67,0.00,-9.30,-1.48 
36.09,1,-410.70,-851.62,20.59,5.82,0.11,-410.70,-851.62,0.00,-3.83,-0.35 
36.09,2,-627.23,-718.21,6.84,7.93,1.19,-627.23,-718.21,0.00,-8.27,4.38 
36.19,0,-583.98,-801.97,4.89,3.11,0.29,-583.98,-801.97,0.00,-9.33,-1.55 
36.19,1,-411.11,-851.68,20.44,5.81,0.11,-411.11,-851.68,0.00,-3.84,-0.36 
36.19,2,-628.58,-717.76,6.72,13.03,1.18,-628.58,-717.76,0.00,-8.52,4.38 
36.40,0,-586.01,-802.44,3.45,2.89,0.24,-586.01,-802.44,0.00,-9.33,-1.61 
36.40,1,-411.96,-851.75,20.34,5.75,0.11,-411.96,-851.75,0.00,-3.85,-0.36 
36.40,2,-630.69,-716.88,6.49,8.01,1.20,-630.69,-716.88,0.00,-8.65,4.34 
36.60,0,-587.85,-802.89,2.87,2.86,0.25,-587.85,-802.89,0.00,-9.31,-1.68 
36.60,1,-412.76,-851.82,20.45,5.74,0.11,-412.76,-851.82,0.00,-3.86,-0.35 
36.60,2,-632.60,-716.15,6.47,6.30,1.21,-632.60,-716.15,0.00,-8.73,4.28 
36.72,0,-589.16,-803.24,3.78,2.79,0.27,-589.16,-803.24,0.00,-9.42,-1.75 
36.72,1,-413.30,-851.84,21.00,5.92,0.11,-413.30,-851.84,0.00,-3.90,-0.34 
36.72,2,-633.93,-715.68,6.06,8.52,1.24,-633.93,-715.68,0.00,-8.88,4.26 
36.94,0,-591.38,-803.77,6.11,2.65,0.29,-591.38,-803.77,0.00,-9.51,-1.82 
36.94,1,-414.22,-851.89,20.84,5.87,0.11,-414.22,-851.89,0.00,-3.94,-0.33 
36.94,2,-636.07,-714.83,6.14,7.30,1.29,-636.07,-714.83,0.00,-8.99,4.22 
37.04,0,-592.48,-804.17,6.28,3.51,0.30,-592.48,-804.17,0.00,-9.58,-1.93 
37.04,1,-414.67,-852.00,21.00,6.25,0.11,-414.67,-852.00,0.00,-3.97,-0.37 
37.04,2,-637.19,-714.57,7.08,7.29,1.25,-637.19,-714.57,0.00,-9.09,4.15 
